20 20
-11 11 -26 28 10 4 28 12 19 26 16 -12 -4 2 20 9 -18 16 -14 25 
17 4 16 -22 0 3 26 11 29 27 12 -18 27 8 27 -3 23 -8 14 -11 
8 21 16 13 8 0 -8 17 19 27 27 4 16 2 6 -29 -9 22 11 24 
27 15 27 8 -17 9 5 9 23 21 -28 27 26 26 24 12 14 4 21 -16 
18 -17 20 13 26 27 13 -3 -7 -9 -1 15 -20 -1 8 13 -16 25 26 15 
15 11 18 -25 27 9 29 0 24 26 -14 24 16 15 -28 -7 27 2 22 -26 
2 20 -17 23 -22 14 -4 -28 19 14 -13 -21 6 18 -5 -21 -23 28 28 -23 
29 -24 27 29 10 -21 5 9 22 12 17 11 18 8 14 3 23 3 -24 21 
11 11 25 11 -11 17 17 -8 9 25 -11 -2 21 -10 -5 24 19 4 -1 -15 
-12 -10 16 12 27 -27 -23 -1 -9 8 26 21 28 16 25 23 19 -11 13 15 
15 13 -11 19 23 25 16 28 21 26 8 -9 -1 -23 -27 27 12 16 -10 -12 
-15 -1 4 19 24 -5 -10 21 -2 -11 25 9 -8 17 17 -11 11 25 11 11 
21 -24 3 23 3 14 8 18 11 17 12 22 9 5 -21 10 29 27 -24 29 
-23 28 28 -23 -21 -5 18 6 -21 -13 14 19 -28 -4 14 -22 23 -17 20 2 
-26 22 2 27 -7 -28 15 16 24 -14 26 24 0 29 9 27 -25 18 11 15 
15 26 25 -16 13 8 -1 -20 15 -1 -9 -7 -3 13 27 26 13 20 -17 18 
-16 21 4 14 12 24 26 26 27 -28 21 23 9 5 9 -17 8 27 15 27 
24 11 22 -9 -29 6 2 16 4 27 27 19 17 -8 0 8 13 16 21 8 
-11 14 -8 23 -3 27 8 27 -18 12 27 29 11 26 3 0 -22 16 4 17 
25 -14 16 -18 9 20 2 -4 -12 16 26 19 12 28 4 10 28 -26 11 -11 
37
6
2 10
11 14
11 16
0 8
2 12
8 16
17 9
8 5
8 3
19 11
17 7
11 3
6
1 5 13
7 13 12
4 9 11
18 14 13
12 6 12
15 10 11
38
5 16
9 11
1 8
16 14
15 9
16 11
14 15
16 10
5 1
0 6
8 7
8 1
5 8
12 4
16 13
10 7
12 9
4 0
7 17
14 3
10 8
18 11
3 5
4 10
3 8
5 4
3 9
14 18
19 13
11 12
11 18
14 11
7 15
3 6
9 12
7 10
15 19
12 2
