20 20
0 -3 -4 1 3 3 2 2 1 2 3 2 3 0 2 2 -4 -1 0 4 
-1 -3 4 2 -4 3 2 -3 -4 4 1 3 0 0 -4 -3 2 -3 1 1 
0 3 4 1 1 -1 2 1 4 0 4 0 -2 3 1 3 3 4 2 2 
4 3 0 0 1 3 1 -1 2 3 3 4 4 -3 3 -2 3 -1 3 3 
3 1 -3 -4 0 3 0 -3 2 0 1 -3 -3 1 2 0 0 4 1 3 
4 4 4 2 -2 3 3 4 1 2 -2 3 -1 2 4 2 2 3 4 -2 
3 3 2 3 -2 1 2 3 2 3 2 -2 4 2 -1 -1 2 -3 4 3 
0 3 0 0 1 3 3 3 2 -1 3 1 -3 -2 3 2 2 1 3 3 
2 4 2 4 4 3 1 -1 2 3 0 2 1 4 3 2 -4 2 1 1 
3 1 3 -4 -2 4 -2 3 1 -4 1 1 4 2 1 1 -2 -2 0 4 
4 0 -2 -2 1 1 2 4 1 1 -4 1 3 -2 4 -2 -4 3 1 3 
1 1 2 -4 2 3 4 1 2 0 3 2 -1 1 3 4 4 2 4 2 
3 3 1 2 2 3 -2 -3 1 3 -1 2 3 3 3 1 0 0 3 0 
3 4 -3 2 -1 -1 2 4 -2 2 3 2 3 2 1 -2 3 2 3 3 
-2 4 3 2 2 4 2 -1 3 -2 2 1 4 3 3 -2 2 4 4 4 
3 1 4 0 0 2 1 -3 -3 1 0 2 -3 0 3 0 -4 -3 1 3 
3 3 -1 3 -2 3 -3 4 4 3 3 2 -1 1 3 1 0 0 3 4 
2 2 4 3 3 1 3 -2 0 4 0 4 1 2 -1 1 1 4 3 0 
1 1 -3 2 -3 -4 0 0 3 1 4 -4 -3 2 3 -4 2 4 -3 -1 
4 0 -1 -4 2 2 0 3 2 3 2 1 2 2 3 3 1 -4 -3 0 
33
7
0 8
19 15
2 15
12 4
16 5
9 5
14 12
19 11
0 4
17 4
7 15
3 14
10 14
5 7
14
1 14 10
5 13 8
5 0 12
11 1 12
12 3 16
7 0 16
8 13 14
18 5 10
14 6 8
14 19 12
8 18 12
7 16 16
12 19 16
11 6 14
30
2 7
19 13
7 13
14 0
12 9
6 17
0 15
15 17
15 6
13 8
4 11
17 9
1 9
3 8
7 1
17 12
0 6
12 6
5 19
7 10
13 2
19 4
4 2
4 13
6 11
15 8
2 10
18 10
16 11
12 18
