20 20
1 2 -3 3 0 3 1 -3 1 0 -1 -3 -3 3 0 0 0 2 -3 2 
0 -2 2 2 -2 3 2 0 2 -2 2 -1 -1 2 2 -2 1 -1 1 1 
1 3 1 3 0 -3 1 3 1 1 -2 3 1 2 -1 2 2 -3 1 0 
-2 1 3 3 0 1 2 0 2 -1 1 1 1 1 0 3 3 3 2 3 
0 2 2 3 3 3 3 1 1 1 3 2 2 1 3 0 -2 -2 3 2 
-3 2 -3 3 -2 1 2 3 1 0 3 1 0 -2 2 3 -1 1 -3 1 
3 -3 3 -1 3 2 1 -2 3 0 0 1 -1 0 2 -2 -3 3 3 0 
3 3 -3 2 0 1 3 0 1 1 3 0 0 -2 2 3 1 -1 3 -2 
1 1 -1 0 -3 3 2 -3 0 1 -3 1 2 1 3 1 2 0 -2 2 
1 2 1 1 3 2 -3 -2 1 -2 3 -3 3 3 1 3 1 0 3 -1 
-1 3 0 1 3 1 3 3 -3 3 -2 1 -2 -3 2 3 1 1 2 1 
2 -2 0 2 1 3 1 2 1 -3 1 0 -3 2 3 -3 0 -1 1 1 
-2 3 -1 1 3 2 -2 0 0 3 1 1 0 3 1 0 2 -3 3 3 
0 3 3 -3 -2 2 0 -1 1 0 0 3 -2 1 2 3 -1 3 -3 3 
1 -3 1 -1 3 2 -2 0 1 3 0 1 3 2 1 -2 3 -3 2 -3 
2 3 -2 -2 0 3 1 2 2 3 1 1 1 3 3 3 3 2 2 0 
3 2 3 3 3 0 1 1 1 1 -1 2 0 2 1 0 3 3 1 -2 
0 1 -3 2 2 -1 2 1 3 -2 1 1 3 1 -3 0 3 1 3 1 
1 1 -1 1 -2 2 2 -1 -1 2 -2 2 0 2 3 -2 2 2 -2 0 
2 -3 2 0 0 0 3 -3 -3 -1 0 1 -3 1 3 0 3 -3 2 1 
52
5
8 10
8 9
4 19
18 10
19 2
11 9
11 10
15 0
1 9
0 17
20
11 14 15
2 6 15
5 18 13
19 18 12
18 19 15
0 8 12
17 4 14
9 12 12
17 15 14
18 9 10
8 5 15
17 13 15
14 1 13
0 1 12
1 0 15
19 11 12
2 15 14
10 7 12
2 4 14
1 10 10
30
15 16
0 5
7 17
10 17
7 6
0 13
12 19
3 4
14 13
14 15
8 2
15 12
5 19
8 1
12 7
4 3
19 14
12 2
9 2
12 13
19 6
7 0
16 15
5 6
5 4
11 17
4 7
14 0
11 18
7 12
