20 20
6 3 -6 4 10 1 -3 -7 2 1 -3 6 9 -4 -9 5 10 8 7 -4 
11 10 1 -6 1 -2 -11 -1 -4 -8 1 5 7 -9 4 1 11 -11 7 -5 
10 9 0 -1 0 -5 1 9 1 4 8 11 2 6 11 -5 6 3 -9 -8 
3 -6 6 8 -3 7 8 5 -3 8 2 -7 9 3 5 6 8 1 3 -5 
-2 2 6 10 6 9 5 7 7 11 2 -7 -7 7 9 10 -8 -4 -10 -1 
3 8 -11 11 1 -1 5 1 -2 -5 3 8 3 9 9 3 6 6 -6 5 
2 -1 0 5 0 5 7 7 0 8 -11 -8 -8 7 -1 1 6 -6 8 1 
8 -4 3 -3 1 -8 -4 5 -9 10 1 1 5 4 -4 5 8 6 1 -11 
6 4 -5 9 9 6 -9 2 11 4 4 10 -3 -1 3 9 2 4 7 7 
0 11 7 -1 5 6 10 -6 -9 -10 6 4 8 9 5 -1 5 7 -5 2 
2 -5 7 5 -1 5 9 8 4 6 -10 -9 -6 10 6 5 -1 7 11 0 
7 7 4 2 9 3 -1 -3 10 4 4 11 2 -9 6 9 9 -5 4 6 
-11 1 6 8 5 -4 4 5 1 1 10 -9 5 -4 -8 1 -3 3 -4 8 
1 8 -6 6 1 -1 7 -8 -8 -11 8 0 7 7 5 0 5 0 -1 2 
5 -6 6 6 3 9 9 3 8 3 -5 -2 1 5 -1 1 11 -11 8 3 
-1 -10 -4 -8 10 9 7 -7 -7 2 11 7 7 5 9 6 10 6 2 -2 
-5 3 1 8 6 5 3 9 -7 2 8 -3 5 8 7 -3 8 6 -6 3 
-8 -9 3 6 -5 11 6 2 11 8 4 1 9 1 -5 0 -1 0 9 10 
-5 7 -11 11 1 4 -9 7 5 1 -8 -4 -1 -11 -2 1 -6 1 10 11 
-4 7 8 10 5 -9 -4 9 6 -3 1 2 -7 -3 1 10 4 -6 3 6 
56
3
13 12
7 2
12 9
6 7
12 17
7 10
20
7 15 16
7 11 13
7 4 10
19 3 12
18 19 11
14 0 14
3 8 9
2 5 16
2 1 10
2 15 12
12 4 16
12 8 13
12 15 10
0 16 12
1 0 11
5 19 14
16 11 9
17 14 16
17 18 10
17 4 12
32
16 4
18 4
18 0
0 3
11 8
0 4
7 16
6 4
11 7
3 19
3 7
2 19
17 8
14 11
16 18
1 18
3 15
1 15
1 19
19 16
8 11
19 15
12 3
13 15
8 12
16 0
16 12
17 0
2 11
5 8
3 1
18 1
