20 20
15 6 3 6 1 -15 14 16 15 16 7 1 -12 16 -5 15 -6 14 13 -11 
8 -8 11 16 6 -12 8 3 15 -16 15 2 14 1 -12 13 -4 -12 1 8 
12 -7 2 10 4 -1 16 5 3 -15 4 13 3 4 9 -5 -11 15 8 5 
16 -1 1 15 14 -14 12 3 11 9 12 8 11 1 14 9 8 -7 13 13 
7 0 10 7 10 -10 -11 4 12 -16 1 10 4 -16 5 7 7 15 15 13 
-2 4 10 3 13 6 16 16 13 12 1 -1 12 12 12 2 -12 16 8 6 
14 6 15 -12 8 13 14 7 0 -5 -5 -9 11 5 14 -16 0 12 14 10 
-5 13 -16 15 4 8 5 5 5 -13 -1 13 -9 -11 10 15 8 13 13 -6 
1 12 -2 5 15 16 15 -5 5 -2 3 -4 7 15 -1 9 10 -1 -16 -6 
13 10 8 3 7 13 16 -15 16 15 5 16 14 -12 1 10 -1 -14 0 10 
10 0 -14 -1 10 1 -12 14 16 5 15 16 -15 16 13 7 3 8 10 13 
-6 -16 -1 10 9 -1 15 7 -4 3 -2 5 -5 15 16 15 5 -2 12 1 
-6 13 13 8 15 10 -11 -9 13 -1 -13 5 5 5 8 4 15 -16 13 -5 
10 14 12 0 -16 14 5 11 -9 -5 -5 0 7 14 13 8 -12 15 6 14 
6 8 16 -12 2 12 12 12 -1 1 12 13 16 16 6 13 3 10 4 -2 
13 15 15 7 7 5 -16 4 10 1 -16 12 4 -11 -10 10 7 10 0 7 
13 13 -7 8 9 14 1 11 8 12 9 11 3 12 -14 14 15 1 -1 16 
5 8 15 -11 -5 9 4 3 13 4 -15 3 5 16 -1 4 10 2 -7 12 
8 1 -12 -4 13 -12 1 14 2 15 -16 15 3 8 -12 6 16 11 -8 8 
-11 13 14 -6 15 -5 16 -12 1 7 16 15 16 14 -15 1 6 3 6 15 
50
8
4 11
10 0
15 11
10 1
14 6
1 0
8 19
10 7
15 8
9 19
4 8
9 18
5 13
18 19
11 0
9 12
12
19 5 12
13 11 13
5 11 11
8 18 11
9 11 8
6 0 10
0 14 12
6 8 13
14 8 11
11 1 11
10 8 8
13 19 10
34
9 10
1 16
8 9
14 18
17 4
10 15
11 8
9 13
2 4
9 2
13 7
2 10
2 1
8 3
16 13
11 14
11 6
10 9
18 3
11 10
5 1
2 15
9 4
8 11
10 6
17 15
10 17
6 12
17 9
17 18
11 16
3 6
8 5
8 13
