20 20
2 5 -5 23 14 10 12 11 22 19 9 18 25 14 24 -1 5 -4 22 15 
1 12 5 -8 20 6 5 1 26 -5 18 -22 -24 22 -3 7 4 26 -24 9 
19 4 19 24 -2 9 -25 -2 12 14 21 -5 21 -7 10 14 13 7 18 16 
25 17 17 26 7 7 7 -17 -11 16 5 6 -3 20 10 -8 2 15 23 14 
18 15 9 6 13 21 6 23 6 10 9 9 18 13 8 17 26 13 20 -20 
9 -11 21 17 -22 6 -6 2 15 21 17 20 7 -14 5 3 1 0 18 12 
6 -26 -25 11 -2 19 18 14 -7 12 -13 8 25 -10 7 22 26 5 -1 21 
3 26 8 22 9 1 -24 11 15 -4 8 13 14 3 8 11 19 21 14 14 
23 20 20 4 17 26 -21 24 -12 -10 11 15 19 -8 25 13 3 2 -17 2 
11 -5 -24 -10 0 5 0 14 12 3 13 -13 -3 19 10 9 12 4 13 22 
22 13 4 12 9 10 19 -3 -13 13 3 12 14 0 5 0 -10 -24 -5 11 
2 -17 2 3 13 25 -8 19 15 11 -10 -12 24 -21 26 17 4 20 20 23 
14 14 21 19 11 8 3 14 13 8 -4 15 11 -24 1 9 22 8 26 3 
21 -1 5 26 22 7 -10 25 8 -13 12 -7 14 18 19 -2 11 -25 -26 6 
12 18 0 1 3 5 -14 7 20 17 21 15 2 -6 6 -22 17 21 -11 9 
-20 20 13 26 17 8 13 18 9 9 10 6 23 6 21 13 6 9 15 18 
14 23 15 2 -8 10 20 -3 6 5 16 -11 -17 7 7 7 26 17 17 25 
16 18 7 13 14 10 -7 21 -5 21 14 12 -2 -25 9 -2 24 19 4 19 
9 -24 26 4 7 -3 22 -24 -22 18 -5 26 1 5 6 20 -8 5 12 1 
15 22 -4 5 -1 24 14 25 18 9 19 22 11 12 10 14 23 -5 5 2 
57
2
9 6
8 7
10 13
11 12
20
1 12 9
18 2 14
0 4 14
10 4 14
15 1 12
6 18 12
12 18 12
0 7 12
15 13 13
13 18 13
18 7 9
1 17 14
19 15 14
9 15 14
4 18 12
13 1 12
7 1 12
19 12 12
4 6 13
6 1 13
30
17 4
18 19
19 16
16 5
9 18
15 5
5 16
8 16
5 9
1 13
7 14
7 15
12 13
5 4
16 4
2 15
1 0
0 3
3 14
10 1
4 14
14 3
11 3
14 10
18 6
12 5
12 4
7 6
14 15
3 15
