20 20
10 4 6 2 3 7 1 -2 12 3 2 11 9 -10 9 0 0 11 4 12 
1 10 -6 9 9 4 -9 5 2 0 -4 1 3 -9 -2 4 10 12 -2 8 
6 5 4 7 7 8 -3 2 4 11 4 -4 4 8 2 4 8 4 -7 8 
9 -6 9 -4 1 -11 7 8 -1 -4 2 1 -7 0 -12 -5 12 10 1 -8 
0 2 12 -12 7 0 -6 1 2 4 2 4 6 5 11 7 1 10 -2 10 
0 0 -5 0 0 0 9 6 8 -6 -6 9 -10 -4 10 -3 4 8 6 5 
-10 2 -9 5 -10 6 1 -3 4 -7 -6 5 11 6 3 0 10 2 10 12 
9 6 -7 -2 11 12 -10 0 2 7 0 1 7 3 8 6 4 -4 10 7 
-7 3 10 7 -5 12 -11 4 10 4 -1 9 4 4 5 -8 2 -8 4 9 
4 5 2 10 0 0 5 8 -1 3 -5 8 1 9 -1 10 -11 12 6 -12 
-12 6 12 -11 10 -1 9 1 8 -5 3 -1 8 5 0 0 10 2 5 4 
9 4 -8 2 -8 5 4 4 9 -1 4 10 4 -11 12 -5 7 10 3 -7 
7 10 -4 4 6 8 3 7 1 0 7 2 0 -10 12 11 -2 -7 6 9 
12 10 2 10 0 3 6 11 5 -6 -7 4 -3 1 6 -10 5 -9 2 -10 
5 6 8 4 -3 10 -4 -10 9 -6 -6 8 6 9 0 0 0 -5 0 0 
10 -2 10 1 7 11 5 6 4 2 4 2 1 -6 0 7 -12 12 2 0 
-8 1 10 12 -5 -12 0 -7 1 2 -4 -1 8 7 -11 1 -4 9 -6 9 
8 -7 4 8 4 2 8 4 -4 4 11 4 2 -3 8 7 7 4 5 6 
8 -2 12 10 4 -2 -9 3 1 -4 0 2 5 -9 4 9 9 -6 10 1 
12 4 11 0 0 9 -10 9 11 2 3 12 -2 1 7 3 2 6 4 10 
35
4
19 8
0 4
14 15
3 13
0 11
19 15
5 4
16 6
12
11 13 12
6 0 11
12 19 12
18 0 14
10 15 8
15 12 11
8 6 12
13 19 11
7 0 12
1 19 14
9 4 8
4 7 11
38
17 18
11 18
18 17
7 1
3 16
12 16
10 13
5 15
15 0
14 11
7 15
9 1
0 14
16 9
8 2
17 4
9 19
13 0
10 12
2 1
8 1
1 2
12 18
16 3
7 3
9 6
14 4
4 19
5 8
12 4
10 18
19 5
3 10
11 17
2 15
10 0
6 19
9 7
