20 20
14 19 8 17 3 5 5 16 -7 -19 20 4 9 8 1 11 8 -11 6 9 
19 -14 -11 15 21 18 14 -12 -17 -14 6 16 12 -2 12 1 5 9 1 5 
1 5 -8 11 3 19 16 17 9 8 -5 9 16 6 3 18 0 11 13 17 
-2 19 20 -8 -19 -14 16 -4 5 2 5 -20 -11 4 19 -8 12 13 9 7 
-10 0 9 7 5 20 -14 10 8 2 15 -15 4 16 4 19 12 6 9 4 
9 18 -4 20 0 11 1 -17 13 -12 8 13 3 14 5 -3 9 15 13 16 
-20 19 17 11 -7 20 15 -16 -20 5 13 15 -21 20 7 -20 -12 13 -14 19 
1 11 1 0 9 3 4 15 -21 11 1 17 1 -20 11 8 -3 14 15 3 
20 8 19 -13 21 9 14 -2 6 14 -11 -10 -19 16 17 6 17 19 -17 19 
18 6 7 17 21 19 8 13 16 -14 11 19 9 17 14 12 9 7 -8 14 
14 -8 7 9 12 14 17 9 19 11 -14 16 13 8 19 21 17 7 6 18 
19 -17 19 17 6 17 16 -19 -10 -11 14 6 -2 14 9 21 -13 19 8 20 
3 15 14 -3 8 11 -20 1 17 1 11 -21 15 4 3 9 0 1 11 1 
19 -14 13 -12 -20 7 20 -21 15 13 5 -20 -16 15 20 -7 11 17 19 -20 
16 13 15 9 -3 5 14 3 13 8 -12 13 -17 1 11 0 20 -4 18 9 
4 9 6 12 19 4 16 4 -15 15 2 8 10 -14 20 5 7 9 0 -10 
7 9 13 12 -8 19 4 -11 -20 5 2 5 -4 16 -14 -19 -8 20 19 -2 
17 13 11 0 18 3 6 16 9 -5 8 9 17 16 19 3 11 -8 5 1 
5 1 9 5 1 12 -2 12 16 6 -14 -17 -12 14 18 21 15 -11 -14 19 
9 6 -11 8 11 1 8 9 4 20 -19 -7 16 5 5 3 17 8 19 14 
45
4
12 6
8 12
8 4
14 9
7 13
11 7
11 15
5 10
14
16 3 9
9 8 11
17 3 16
7 8 10
2 7 10
14 17 16
19 12 12
3 16 9
10 11 11
2 16 16
12 11 10
17 12 10
5 2 16
0 7 12
36
1 8
1 13
7 11
13 7
6 5
13 17
12 0
2 19
6 4
5 15
12 4
17 2
9 6
10 1
18 7
15 18
9 2
5 19
18 11
18 6
12 8
6 12
13 14
6 2
7 19
17 0
13 15
14 4
7 15
2 17
10 13
9 18
1 12
4 1
10 17
14 0
