20 20
2 19 -25 1 16 26 3 -7 -21 17 14 10 26 4 -8 8 -5 18 25 -8 
11 5 10 -15 3 -11 2 20 4 26 22 5 26 27 16 14 12 6 8 6 
22 10 5 11 -6 1 10 3 16 -12 5 7 20 25 19 26 14 18 20 -20 
6 -24 12 4 14 -1 19 10 5 -18 0 -1 26 21 15 21 9 -21 -1 26 
25 23 21 -11 9 8 25 7 26 14 21 18 -20 2 -7 8 -4 3 3 -15 
4 15 13 21 -4 -13 16 -18 24 18 18 12 -3 11 -19 14 -13 2 25 -17 
13 -13 18 -26 15 19 14 -4 5 24 -9 4 -20 23 14 3 -1 -3 3 25 
6 19 15 13 3 11 -13 -6 9 10 -22 0 9 8 -14 -27 20 15 2 2 
19 4 12 5 17 25 9 11 16 24 20 2 -6 9 12 27 1 7 24 -22 
3 25 1 5 8 3 -21 11 17 18 25 7 26 8 23 -2 4 9 13 23 
23 13 9 4 -2 23 8 26 7 25 18 17 11 -21 3 8 5 1 25 3 
-22 24 7 1 27 12 9 -6 2 20 24 16 11 9 25 17 5 12 4 19 
2 2 15 20 -27 -14 8 9 0 -22 10 9 -6 -13 11 3 13 15 19 6 
25 3 -3 -1 3 14 23 -20 4 -9 24 5 -4 14 19 15 -26 18 -13 13 
-17 25 2 -13 14 -19 11 -3 12 18 18 24 -18 16 -13 -4 21 13 15 4 
-15 3 3 -4 8 -7 2 -20 18 21 14 26 7 25 8 9 -11 21 23 25 
26 -1 -21 9 21 15 21 26 -1 0 -18 5 10 19 -1 14 4 12 -24 6 
-20 20 18 14 26 19 25 20 7 5 -12 16 3 10 1 -6 11 5 10 22 
6 8 6 12 14 16 27 26 5 22 26 4 20 2 -11 3 -15 10 5 11 
-8 25 18 -5 8 -8 4 26 10 14 17 -21 -7 3 26 16 1 -25 19 2 
38
7
0 13
11 8
17 3
3 0
3 19
9 0
3 7
19 6
8 11
2 16
16 19
16 0
10 19
16 12
14
9 3 10
10 13 8
13 15 8
12 13 15
7 14 11
5 0 9
4 19 12
10 16 10
9 6 8
6 4 8
7 6 15
12 5 11
14 19 9
15 0 12
34
3 18
9 8
10 12
7 18
15 18
1 9
4 17
4 0
13 11
11 3
5 13
16 18
4 9
9 13
14 11
9 17
19 10
16 1
10 11
9 7
12 1
4 1
18 10
15 2
15 19
6 8
8 16
14 6
3 1
15 10
10 6
5 8
10 2
0 9
