20 20
11 10 10 8 -3 1 13 7 -2 9 -3 9 7 1 3 9 15 13 -7 7 
-4 11 0 15 -6 12 10 3 11 3 2 4 1 1 -7 -2 3 7 7 12 
14 9 5 6 6 11 1 7 6 -4 -1 -11 -10 5 3 9 7 -4 2 3 
10 4 -11 4 -12 14 6 -8 -8 5 -3 -3 0 12 0 14 13 -11 5 7 
4 -7 -14 3 9 4 11 4 5 -4 3 5 10 4 -3 3 -4 4 -14 -10 
7 12 8 7 14 -2 -9 15 12 -14 -9 6 4 12 -2 14 7 4 1 8 
1 15 4 1 5 9 12 4 -1 -5 2 -1 6 5 -4 11 12 4 2 15 
7 -11 7 -11 2 14 7 3 7 6 15 9 15 6 11 -4 11 3 -1 15 
1 3 10 8 6 5 2 2 -9 11 -14 15 -6 10 1 -15 1 7 -13 8 
13 -5 -15 6 15 14 1 3 10 -4 9 -3 1 1 4 12 4 15 -7 9 
9 -7 15 4 12 4 1 1 -3 9 -4 10 3 1 14 15 6 -15 -5 13 
8 -13 7 1 -15 1 10 -6 15 -14 11 -9 2 2 5 6 8 10 3 1 
15 -1 3 11 -4 11 6 15 9 15 6 7 3 7 14 2 -11 7 -11 7 
15 2 4 12 11 -4 5 6 -1 2 -5 -1 4 12 9 5 1 4 15 1 
8 1 4 7 14 -2 12 4 6 -9 -14 12 15 -9 -2 14 7 8 12 7 
-10 -14 4 -4 3 -3 4 10 5 3 -4 5 4 11 4 9 3 -14 -7 4 
7 5 -11 13 14 0 12 0 -3 -3 5 -8 -8 6 14 -12 4 -11 4 10 
3 2 -4 7 9 3 5 -10 -11 -1 -4 6 7 1 11 6 6 5 9 14 
12 7 7 3 -2 -7 1 1 4 2 3 11 3 10 12 -6 15 0 11 -4 
7 -7 13 15 9 3 1 7 9 -3 9 -2 7 13 1 -3 8 10 10 11 
55
6
0 18
8 2
8 19
14 17
13 10
4 1
19 1
11 17
11 0
5 2
6 9
15 18
14
14 10 14
12 5 16
6 1 8
0 14 8
0 8 15
2 6 10
14 4 14
5 9 14
7 14 16
13 18 8
19 5 8
19 11 15
17 13 10
5 15 14
34
16 18
1 3
4 12
4 3
19 13
4 0
5 17
5 3
18 0
3 15
8 4
6 3
17 16
9 8
16 2
1 8
15 13
3 1
18 16
15 7
15 16
0 6
15 19
14 2
14 16
1 19
16 4
11 15
13 16
2 3
10 11
3 17
18 11
4 6
