20 20
9 -12 10 -1 7 6 5 6 -10 5 11 9 -5 4 9 -2 7 1 9 7 
6 4 -2 5 1 5 3 -3 -9 1 12 11 1 7 8 8 3 7 -1 -11 
2 13 13 10 4 4 11 11 3 2 -5 13 -6 0 3 -7 0 3 5 9 
10 10 1 5 2 -6 7 11 13 1 5 10 9 -7 -13 7 9 13 -2 0 
-10 11 7 4 3 2 -3 7 12 2 -6 3 11 -4 3 -5 1 -7 -11 7 
9 -3 -10 2 4 4 3 9 7 0 -12 -4 10 3 13 9 5 6 1 7 
4 1 -7 4 9 6 10 -3 3 9 11 11 6 4 6 -11 -9 2 -4 1 
-12 -9 13 5 5 13 10 4 -13 1 -9 2 11 12 -13 0 9 2 3 -12 
13 8 8 -11 10 2 9 8 6 8 6 2 0 13 -5 5 6 -7 6 -10 
-13 1 10 12 5 11 1 -6 -12 2 2 4 11 1 0 3 2 -8 4 4 
4 4 -8 2 3 0 1 11 4 2 2 -12 -6 1 11 5 12 10 1 -13 
-10 6 -7 6 5 -5 13 0 2 6 8 6 8 9 2 10 -11 8 8 13 
-12 3 2 9 0 -13 12 11 2 -9 1 -13 4 10 13 5 5 13 -9 -12 
1 -4 2 -9 -11 6 4 6 11 11 9 3 -3 10 6 9 4 -7 1 4 
7 1 6 5 9 13 3 10 -4 -12 0 7 9 3 4 4 2 -10 -3 9 
7 -11 -7 1 -5 3 -4 11 3 -6 2 12 7 -3 2 3 4 7 11 -10 
0 -2 13 9 7 -13 -7 9 10 5 1 13 11 7 -6 2 5 1 10 10 
9 5 3 0 -7 3 0 -6 13 -5 2 3 11 11 4 4 10 13 13 2 
-11 -1 7 3 8 8 7 1 11 12 1 -9 -3 3 5 1 5 -2 4 6 
7 9 1 7 -2 9 4 -5 9 11 5 -10 6 5 6 7 -1 10 -12 9 
43
4
19 1
18 7
4 10
12 5
0 18
1 12
15 9
7 14
10
6 16 12
18 15 12
1 2 11
2 19 15
19 2 10
13 3 12
1 4 12
18 17 11
17 0 15
0 17 10
40
3 5
8 16
16 10
19 13
17 19
8 0
6 14
5 18
4 17
3 4
19 3
4 12
8 11
10 5
9 2
5 15
18 8
16 18
0 8
12 10
16 14
11 3
3 9
0 6
2 0
11 19
13 5
14 1
15 2
16 15
0 16
15 7
11 8
9 14
10 17
14 4
1 11
3 1
19 11
7 9
