20 20
4 7 -10 -11 13 3 2 7 -15 -16 3 0 6 -8 14 -5 6 7 5 16 
-4 1 9 -10 6 11 10 7 16 0 12 13 -3 4 10 17 -3 2 7 14 
6 -3 -9 14 4 3 15 0 -17 8 11 7 -4 -17 10 8 11 3 14 10 
7 7 -1 16 8 12 2 -7 15 18 -18 5 15 -4 5 3 16 13 9 0 
-15 9 9 7 4 -2 2 4 2 -2 8 12 5 8 6 0 -6 -3 12 6 
13 -3 7 10 16 17 5 11 -9 11 3 6 11 13 -4 10 -12 10 -14 17 
13 5 16 15 2 -17 8 17 3 -9 0 -9 6 6 15 8 16 3 5 18 
-1 -11 17 3 13 14 -3 6 4 8 8 16 -14 5 18 9 18 14 13 -11 
17 11 9 16 7 10 -7 3 1 4 7 4 -15 14 -17 13 -8 -11 -10 17 
11 2 9 8 -9 -8 15 16 14 -11 -10 -8 12 -17 2 -16 17 13 3 7 
7 3 13 17 -16 2 -17 12 -8 -10 -11 14 16 15 -8 -9 8 9 2 11 
17 -10 -11 -8 13 -17 14 -15 4 7 4 1 3 -7 10 7 16 9 11 17 
-11 13 14 18 9 18 5 -14 16 8 8 4 6 -3 14 13 3 17 -11 -1 
18 5 3 16 8 15 6 6 -9 0 -9 3 17 8 -17 2 15 16 5 13 
17 -14 10 -12 10 -4 13 11 6 3 11 -9 11 5 17 16 10 7 -3 13 
6 12 -3 -6 0 6 8 5 12 8 -2 2 4 2 -2 4 7 9 9 -15 
0 9 13 16 3 5 -4 15 5 -18 18 15 -7 2 12 8 16 -1 7 7 
10 14 3 11 8 10 -17 -4 7 11 8 -17 0 15 3 4 14 -9 -3 6 
14 7 2 -3 17 10 4 -3 13 12 0 16 7 10 11 6 -10 9 1 -4 
16 5 7 6 -5 14 -8 6 0 3 -16 -15 7 2 3 13 -11 -10 7 4 
33
4
13 0
9 13
7 1
1 2
6 19
10 6
12 18
18 17
12
1 14 13
13 8 13
4 14 10
4 15 10
19 7 14
13 7 15
18 5 13
6 11 13
15 5 10
15 4 10
0 12 14
6 12 15
28
1 8
4 16
15 17
6 10
2 3
1 16
5 9
11 14
17 0
7 11
4 1
12 16
18 13
8 9
18 11
15 3
4 2
13 9
17 16
18 3
14 10
8 5
2 19
12 8
15 18
7 3
1 6
11 10
