20 20
3 8 3 6 5 4 9 8 5 6 8 -6 9 7 5 8 -7 8 6 -5 
7 9 4 -3 6 3 3 9 5 -6 5 9 -9 5 5 4 8 -2 7 8 
6 -8 5 -5 5 7 -5 3 1 1 2 2 4 6 2 4 9 3 9 8 
7 6 0 8 -1 4 1 9 7 1 1 1 9 8 5 -2 0 -7 3 1 
7 7 1 6 7 -4 -4 9 0 -6 5 -9 5 8 7 -3 -1 9 1 4 
-6 5 -1 4 9 -6 4 2 -8 4 -6 8 8 5 1 8 5 0 -4 2 
-2 5 4 8 5 -8 2 4 6 9 3 3 -1 8 6 3 7 8 9 1 
-9 4 0 2 -3 0 7 3 3 9 7 3 3 6 4 8 -2 5 9 -7 
8 7 1 8 1 8 6 -5 5 -1 5 9 -1 -8 7 8 0 6 9 6 
-7 5 6 6 -9 3 -7 2 4 3 7 8 -2 -2 7 3 6 7 5 6 
6 5 7 6 3 7 -2 -2 8 7 3 4 2 -7 3 -9 6 6 5 -7 
6 9 6 0 8 7 -8 -1 9 5 -1 5 -5 6 8 1 8 1 7 8 
-7 9 5 -2 8 4 6 3 3 7 9 3 3 7 0 -3 2 0 4 -9 
1 9 8 7 3 6 8 -1 3 3 9 6 4 2 -8 5 8 4 5 -2 
2 -4 0 5 8 1 5 8 8 -6 4 -8 2 4 -6 9 4 -1 5 -6 
4 1 9 -1 -3 7 8 5 -9 5 -6 0 9 -4 -4 7 6 1 7 7 
1 3 -7 0 -2 5 8 9 1 1 1 7 9 1 4 -1 8 0 6 7 
8 9 3 9 4 2 6 4 2 2 1 1 3 -5 7 5 -5 5 -8 6 
8 7 -2 8 4 5 5 -9 9 5 -6 5 9 3 3 6 -3 4 9 7 
-5 6 8 -7 8 5 7 9 -6 8 6 5 8 9 4 5 6 3 8 3 
30
8
2 8
5 19
7 1
18 4
14 11
16 6
11 12
12 0
17 11
14 0
12 18
1 15
5 8
3 13
8 7
7 19
8
16 11 8
12 6 14
13 10 11
19 18 14
3 8 8
7 13 14
6 9 11
0 1 14
40
1 18
3 11
6 16
18 2
10 5
14 5
3 1
13 9
19 1
11 2
13 6
4 7
6 11
8 15
4 1
4 15
3 12
0 14
6 8
2 11
18 1
16 8
13 3
1 17
9 14
5 14
16 18
6 10
0 18
8 17
6 13
15 12
13 8
11 4
15 18
15 4
16 7
19 5
13 11
17 8
