20 20
-3 5 4 2 3 11 -3 9 -9 9 5 4 11 12 10 3 7 6 12 9 
7 4 2 2 4 11 -3 2 8 8 9 -8 4 -11 9 1 8 -3 -2 9 
4 9 10 5 5 -7 7 -11 9 -5 -3 10 -4 -10 -6 3 1 9 -11 9 
12 -4 6 -2 2 8 2 -9 -1 -6 -4 10 -11 0 1 0 12 -5 7 -6 
-8 8 0 -1 -12 -12 7 2 4 2 8 10 -10 -8 1 7 2 2 10 5 
3 4 -3 4 4 4 5 -7 5 8 7 -5 4 10 -6 5 11 11 -4 0 
8 -7 7 -6 5 5 1 6 11 3 4 12 -11 6 -12 -1 8 9 10 3 
5 -1 -11 0 2 2 12 0 5 -11 1 1 -5 1 -6 10 5 11 1 -1 
6 1 10 8 6 4 11 0 7 1 -12 2 12 12 8 -3 0 -9 10 5 
1 10 2 9 10 -4 -2 4 10 4 8 10 12 9 10 2 8 6 6 4 
4 6 6 8 2 10 9 12 10 8 4 10 4 -2 -4 10 9 2 10 1 
5 10 -9 0 -3 8 12 12 2 -12 1 7 0 11 4 6 8 10 1 6 
-1 1 11 5 10 -6 1 -5 1 1 -11 5 0 12 2 2 0 -11 -1 5 
3 10 9 8 -1 -12 6 -11 12 4 3 11 6 1 5 5 -6 7 -7 8 
0 -4 11 11 5 -6 10 4 -5 7 8 5 -7 5 4 4 4 -3 4 3 
5 10 2 2 7 1 -8 -10 10 8 2 4 2 7 -12 -12 -1 0 8 -8 
-6 7 -5 12 0 1 0 -11 10 -4 -6 -1 -9 2 8 2 -2 6 -4 12 
9 -11 9 1 3 -6 -10 -4 10 -3 -5 9 -11 7 -7 5 5 10 9 4 
9 -2 -3 8 1 9 -11 4 -8 9 8 8 2 -3 11 4 2 2 4 7 
9 12 6 7 3 10 12 11 4 5 9 -9 9 -3 11 3 2 4 5 -3 
60
7
4 12
5 14
11 7
11 4
15 19
9 12
11 3
15 7
14 5
8 12
8 15
4 0
10 7
8 16
14
2 9 16
6 18 11
15 14 10
7 8 12
19 10 9
1 3 15
5 11 14
17 10 16
13 1 11
4 5 10
12 11 12
0 9 9
18 16 15
14 8 14
28
6 19
0 11
12 3
2 7
18 13
8 10
19 18
9 7
16 9
16 3
1 11
3 11
11 14
12 8
13 0
19 8
7 16
17 12
1 6
11 9
0 1
10 12
3 10
3 16
18 8
16 8
8 5
7 11
