20 20
-6 11 10 11 22 8 6 -5 10 -6 -11 4 11 21 20 0 17 -2 18 22 
9 8 20 -7 5 16 15 1 9 18 5 7 8 15 -13 11 10 1 -19 19 
-21 10 -22 6 2 2 -5 20 16 21 8 4 1 -17 20 13 8 11 13 9 
-18 -2 18 20 -15 0 8 -22 -2 8 18 8 -8 8 21 15 14 17 3 19 
13 -13 18 15 13 21 -9 22 18 16 -22 -16 13 -19 3 3 -17 -13 -14 10 
16 20 -22 8 -13 21 13 8 -13 3 19 11 -19 -20 18 -5 2 15 -16 6 
-5 9 5 3 16 4 12 -8 -18 -15 15 20 3 -16 18 -15 -18 -4 13 8 
19 12 -9 6 3 -8 3 -14 14 1 -10 -8 17 22 11 -4 7 16 17 9 
-10 19 12 7 3 9 0 15 16 3 4 4 5 3 2 9 7 16 7 3 
15 18 5 11 12 20 0 5 14 11 3 9 -7 7 8 4 -18 17 -1 11 
11 -1 17 -18 4 8 7 -7 9 3 11 14 5 0 20 12 11 5 18 15 
3 7 16 7 9 2 3 5 4 4 3 16 15 0 9 3 7 12 19 -10 
9 17 16 7 -4 11 22 17 -8 -10 1 14 -14 3 -8 3 6 -9 12 19 
8 13 -4 -18 -15 18 -16 3 20 15 -15 -18 -8 12 4 16 3 5 9 -5 
6 -16 15 2 -5 18 -20 -19 11 19 3 -13 8 13 21 -13 8 -22 20 16 
10 -14 -13 -17 3 3 -19 13 -16 -22 16 18 22 -9 21 13 15 18 -13 13 
19 3 17 14 15 21 8 -8 8 18 8 -2 -22 8 0 -15 20 18 -2 -18 
9 13 11 8 13 20 -17 1 4 8 21 16 20 -5 2 2 6 -22 10 -21 
19 -19 1 10 11 -13 15 8 7 5 18 9 1 15 16 5 -7 20 8 9 
22 18 -2 17 0 20 21 11 4 -11 -6 10 -5 6 8 22 11 10 11 -6 
33
8
15 8
14 3
18 2
11 13
14 2
9 4
3 18
7 10
4 11
5 16
1 17
8 6
5 17
10 15
16 1
12 9
10
10 18 9
3 8 14
3 14 15
8 12 15
17 3 16
9 1 9
16 11 14
16 5 15
11 7 15
2 16 16
26
16 7
8 18
16 19
14 8
3 16
13 5
5 6
9 10
13 19
14 15
9 7
3 9
0 5
3 12
11 1
3 0
5 11
16 3
6 14
14 13
10 9
6 0
5 4
10 12
16 10
19 14
