20 20
-3 -15 4 20 3 0 3 -5 -12 12 2 -15 5 4 2 -18 0 18 -21 -20 
10 0 4 -16 6 19 6 10 14 -13 8 0 18 -18 0 19 18 5 21 14 
13 8 19 16 12 -6 -3 15 -10 18 21 5 -6 13 -2 2 20 1 15 9 
4 16 -14 12 -10 -11 17 -11 -3 -20 17 18 -8 -3 6 5 -12 0 11 -8 
1 -13 9 10 -5 -4 8 19 -7 1 1 15 -5 9 21 3 10 10 14 2 
-1 11 8 13 3 4 -6 19 13 -14 1 0 3 11 12 20 12 -21 5 19 
9 1 13 -11 16 5 6 11 21 4 8 7 -16 -19 -19 -13 -11 5 12 -19 
7 13 8 20 9 13 12 6 10 18 16 11 21 18 -8 -7 -9 12 8 1 
11 -10 11 -20 18 9 8 15 17 4 18 -18 5 2 15 20 17 13 17 3 
21 15 5 2 11 19 11 12 -4 14 15 18 5 -10 -21 19 20 9 10 11 
11 10 9 20 19 -21 -10 5 18 15 14 -4 12 11 19 11 2 5 15 21 
3 17 13 17 20 15 2 5 -18 18 4 17 15 8 9 18 -20 11 -10 11 
1 8 12 -9 -7 -8 18 21 11 16 18 10 6 12 13 9 20 8 13 7 
-19 12 5 -11 -13 -19 -19 -16 7 8 4 21 11 6 5 16 -11 13 1 9 
19 5 -21 12 20 12 11 3 0 1 -14 13 19 -6 4 3 13 8 11 -1 
2 14 10 10 3 21 9 -5 15 1 1 -7 19 8 -4 -5 10 9 -13 1 
-8 11 0 -12 5 6 -3 -8 18 17 -20 -3 -11 17 -11 -10 12 -14 16 4 
9 15 1 20 2 -2 13 -6 5 21 18 -10 15 -3 -6 12 16 19 8 13 
14 21 5 18 19 0 -18 18 0 8 -13 14 10 6 19 6 -16 4 0 10 
-20 -21 18 0 -18 2 4 5 -15 2 12 -12 -5 3 0 3 20 4 -15 -3 
34
4
11 10
12 10
19 1
0 3
8 9
7 9
0 18
19 16
16
11 4 14
10 19 14
17 13 16
8 2 13
6 18 14
19 10 8
18 9 10
8 4 12
8 15 14
9 0 14
2 6 16
11 17 13
13 1 14
0 9 8
1 10 10
11 15 12
30
18 2
15 3
13 15
5 19
1 7
4 1
14 4
4 10
11 6
16 9
13 12
16 1
17 7
5 2
10 3
1 17
4 16
6 4
14 0
18 12
15 18
5 15
15 9
8 13
3 10
6 7
3 18
2 12
14 17
9 16
