20 20
16 -11 1 10 -2 5 13 15 -17 7 -7 -5 3 -10 13 -16 14 5 17 14 
16 6 -13 1 17 4 -10 9 13 13 -4 9 -12 -16 1 -5 13 6 15 11 
-14 7 0 11 17 -15 16 2 -7 8 6 6 8 -8 16 -10 1 4 4 17 
-8 4 16 9 3 -11 4 -9 9 12 7 11 5 14 15 16 -9 13 -11 -12 
9 10 9 2 15 3 12 11 -5 -16 -5 13 2 6 2 -14 2 13 1 17 
-11 12 8 -13 3 -5 5 3 13 1 15 -1 3 14 11 17 5 13 9 2 
-6 6 -16 10 -12 4 17 9 3 1 -9 1 8 16 5 12 5 -2 11 10 
12 -1 8 -14 14 9 5 6 11 15 -3 11 12 8 9 1 12 0 -6 2 
9 -5 4 -12 -7 11 1 13 16 3 17 8 7 10 1 2 15 -11 1 -12 
11 12 -12 4 1 15 6 15 10 -7 14 0 2 16 5 15 -4 11 7 10 
10 7 11 -4 15 5 16 2 0 14 -7 10 15 6 15 1 4 -12 12 11 
-12 1 -11 15 2 1 10 7 8 17 3 16 13 1 11 -7 -12 4 -5 9 
2 -6 0 12 1 9 8 12 11 -3 15 11 6 5 9 14 -14 8 -1 12 
10 11 -2 5 12 5 16 8 1 -9 1 3 9 17 4 -12 10 -16 6 -6 
2 9 13 5 17 11 14 3 -1 15 1 13 3 5 -5 3 -13 8 12 -11 
17 1 13 2 -14 2 6 2 13 -5 -16 -5 11 12 3 15 2 9 10 9 
-12 -11 13 -9 16 15 14 5 11 7 12 9 -9 4 -11 3 9 16 4 -8 
17 4 4 1 -10 16 -8 8 6 6 8 -7 2 16 -15 17 11 0 7 -14 
11 15 6 13 -5 1 -16 -12 9 -4 13 13 9 -10 4 17 1 -13 6 16 
14 17 5 14 -16 13 -10 3 -5 -7 7 -17 15 13 5 -2 10 1 -11 16 
59
5
13 14
2 18
2 1
15 7
8 5
6 5
17 1
17 18
4 12
11 14
12
4 2 16
5 8 12
19 5 11
1 16 16
5 15 9
8 12 16
15 17 16
14 11 12
0 14 11
18 3 16
14 4 9
11 7 16
26
10 0
14 16
15 0
6 12
14 18
15 12
12 9
16 8
9 10
2 0
2 8
10 15
4 15
9 19
5 3
4 19
13 7
5 1
4 7
7 10
3 11
10 9
17 19
17 11
9 4
15 4
