20 20
-10 -11 2 18 -6 17 16 11 -2 -15 6 2 2 2 -1 -12 -5 -15 2 -6 
2 15 13 2 -5 2 -12 6 -6 -1 13 -15 -9 8 3 10 4 13 2 14 
-1 14 13 18 10 -1 15 15 -17 3 16 2 -16 3 -12 10 0 3 -3 15 
18 -11 -6 16 15 17 16 15 -9 -1 6 10 5 -13 -15 -2 1 -18 8 10 
6 18 17 -12 10 0 5 -10 16 8 11 -13 16 6 16 13 4 -6 10 16 
12 9 2 14 7 16 0 18 4 16 0 15 -16 16 16 -6 14 10 9 15 
-18 -14 15 10 -13 -10 11 2 -18 9 6 9 5 5 11 4 17 -14 7 -1 
18 -4 10 2 16 3 15 0 18 -2 9 14 14 8 -14 -13 -15 13 -16 -15 
11 -16 2 15 16 10 17 -6 17 8 10 2 13 -6 12 17 0 -12 -6 15 
13 16 2 -15 9 13 9 -3 -12 16 4 18 8 -7 2 12 -16 18 11 18 
18 11 18 -16 12 2 -7 8 18 4 16 -12 -3 9 13 9 -15 2 16 13 
15 -6 -12 0 17 12 -6 13 2 10 8 17 -6 17 10 16 15 2 -16 11 
-15 -16 13 -15 -13 -14 8 14 14 9 -2 18 0 15 3 16 2 10 -4 18 
-1 7 -14 17 4 11 5 5 9 6 9 -18 2 11 -10 -13 10 15 -14 -18 
15 9 10 14 -6 16 16 -16 15 0 16 4 18 0 16 7 14 2 9 12 
16 10 -6 4 13 16 6 16 -13 11 8 16 -10 5 0 10 -12 17 18 6 
10 8 -18 1 -2 -15 -13 5 10 6 -1 -9 15 16 17 15 16 -6 -11 18 
15 -3 3 0 10 -12 3 -16 2 16 3 -17 15 15 -1 10 18 13 14 -1 
14 2 13 4 10 3 8 -9 -15 13 -1 -6 6 -12 2 -5 2 13 15 2 
-6 2 -15 -5 -12 -1 2 2 2 6 -15 -2 11 16 17 -6 18 2 -11 -10 
36
3
0 19
11 14
7 17
19 0
8 5
12 2
14
11 13 12
2 19 15
8 13 15
19 12 16
3 13 14
6 7 8
14 15 10
8 6 12
17 0 15
11 6 15
0 7 16
16 6 14
13 12 8
5 4 10
30
13 17
18 16
16 2
13 14
1 14
9 15
15 3
2 13
2 15
16 7
13 4
0 18
19 7
11 10
8 10
6 2
1 3
3 17
6 5
18 5
10 4
4 16
17 6
17 4
3 12
6 15
19 1
0 12
8 9
11 9
