20 20
-3 -5 3 9 -6 12 -5 4 5 8 13 11 12 14 16 4 -12 -13 -9 9 
3 8 6 11 9 -5 10 3 9 14 1 15 -7 16 15 15 -15 12 -3 8 
4 8 2 -12 15 7 1 16 13 -4 12 3 14 16 -16 15 2 16 0 1 
13 -5 8 9 1 -7 -14 2 3 -7 -6 9 15 7 5 16 15 -12 14 5 
16 13 8 8 11 -13 11 -13 -7 7 4 2 5 1 -3 -6 0 11 -9 10 
3 -5 10 -16 6 -16 -12 15 13 13 -16 13 16 13 -12 -8 13 16 7 3 
14 3 4 13 2 11 -6 15 4 1 11 13 3 4 -4 15 14 6 9 8 
3 8 -11 8 -15 6 3 7 12 -6 1 12 13 11 -16 -9 14 11 16 2 
-5 7 -8 1 13 6 2 3 15 0 4 1 7 11 1 -10 7 13 -12 5 
3 -6 9 11 15 -2 4 14 10 15 3 -8 10 5 -6 -9 7 3 15 14 
14 15 3 7 -9 -6 5 10 -8 3 15 10 14 4 -2 15 11 9 -6 3 
5 -12 13 7 -10 1 11 7 1 4 0 15 3 2 6 13 1 -8 7 -5 
2 16 11 14 -9 -16 11 13 12 1 -6 12 7 3 6 -15 8 -11 8 3 
8 9 6 14 15 -4 4 3 13 11 1 4 15 -6 11 2 13 4 3 14 
3 7 16 13 -8 -12 13 16 13 -16 13 13 15 -12 -16 6 -16 10 -5 3 
10 -9 11 0 -6 -3 1 5 2 4 7 -7 -13 11 -13 11 8 8 13 16 
5 14 -12 15 16 5 7 15 9 -6 -7 3 2 -14 -7 1 9 8 -5 13 
1 0 16 2 15 -16 16 14 3 12 -4 13 16 1 7 15 -12 2 8 4 
8 -3 12 -15 15 15 16 -7 15 1 14 9 3 10 -5 9 11 6 8 3 
9 -9 -13 -12 4 16 14 12 11 13 8 5 4 -5 12 -6 9 3 -5 -3 
37
3
16 14
7 12
15 7
3 5
12 7
4 12
20
9 17 14
5 3 14
12 11 11
12 9 15
4 14 12
2 3 14
12 3 8
9 10 15
8 19 16
3 15 10
10 2 14
14 16 14
7 8 11
7 10 15
15 5 12
17 16 14
7 16 8
10 9 15
11 0 16
16 4 10
32
7 15
8 4
9 0
10 14
8 13
16 2
17 13
16 1
0 14
8 17
5 9
4 10
0 9
1 8
6 12
8 9
12 4
11 15
10 19
9 5
11 6
3 17
2 6
3 18
19 5
11 2
14 10
15 9
19 10
18 11
13 7
11 10
