20 20
12 8 5 10 2 -6 -6 7 -6 6 -14 1 9 -12 10 -7 2 7 5 2 
6 -14 13 11 14 5 1 3 6 9 5 -8 7 10 3 7 -7 13 11 -4 
14 1 10 10 13 8 12 11 9 1 -8 -7 0 14 1 -1 8 10 1 -9 
-10 -6 9 9 4 8 4 7 2 3 -10 8 11 -3 -10 12 10 1 -1 7 
3 14 3 2 10 -10 3 1 6 2 14 14 1 1 9 -8 7 -5 12 11 
3 3 14 1 10 0 12 4 10 10 -12 -6 2 3 -12 2 5 8 5 10 
14 1 -4 11 6 -6 7 -8 14 12 7 6 9 8 5 14 -2 -12 4 0 
-14 4 14 1 14 2 4 12 3 -5 6 5 2 14 5 12 -13 12 -1 8 
-14 10 0 2 10 3 -9 1 4 13 8 -12 6 -14 13 2 10 -6 13 9 
-7 -10 3 9 7 1 4 -9 13 2 -1 -11 12 11 5 2 10 11 12 -9 
-9 12 11 10 2 5 11 12 -11 -1 2 13 -9 4 1 7 9 3 -10 -7 
9 13 -6 10 2 13 -14 6 -12 8 13 4 1 -9 3 10 2 0 10 -14 
8 -1 12 -13 12 5 14 2 5 6 -5 3 12 4 2 14 1 14 4 -14 
0 4 -12 -2 14 5 8 9 6 7 12 14 -8 7 -6 6 11 -4 1 14 
10 5 8 5 2 -12 3 2 -6 -12 10 10 4 12 0 10 1 14 3 3 
11 12 -5 7 -8 9 1 1 14 14 2 6 1 3 -10 10 2 3 14 3 
7 -1 1 10 12 -10 -3 11 8 -10 3 2 7 4 8 4 9 9 -6 -10 
-9 1 10 8 -1 1 14 0 -7 -8 1 9 11 12 8 13 10 10 1 14 
-4 11 13 -7 7 3 10 7 -8 5 9 6 3 1 5 14 11 13 -14 6 
2 5 7 2 -7 10 -12 9 1 -14 6 -6 7 -6 -6 2 10 5 8 12 
34
8
5 7
4 0
0 10
10 1
11 19
18 8
16 0
19 2
14 12
15 19
19 9
9 18
8 0
1 11
3 19
0 17
12
15 14 13
8 16 12
6 5 12
19 8 11
3 4 13
17 16 10
4 5 13
11 3 12
13 14 12
0 11 11
16 15 13
2 3 10
36
12 17
6 13
9 6
2 16
10 2
16 4
4 19
3 16
0 2
0 14
13 8
12 10
11 15
19 15
5 11
16 18
6 7
8 5
7 2
13 6
10 13
17 3
9 17
3 15
15 0
16 3
19 17
19 5
6 11
7 9
8 4
0 4
14 8
3 1
13 12
11 14
