20 20
-16 16 23 -21 5 20 21 -7 0 19 -22 -13 14 22 11 4 3 12 24 17 
19 3 3 -17 11 2 11 -4 1 20 4 22 23 17 25 -8 -3 24 -14 6 
8 3 13 16 13 15 10 24 -13 18 -19 13 19 12 7 2 -10 2 4 5 
19 -9 15 10 10 10 9 -14 22 -12 6 16 14 21 -12 25 -4 24 -8 13 
15 -17 7 -8 21 -13 7 5 22 23 15 17 0 11 3 -10 -15 7 25 -7 
9 -1 0 21 -3 23 11 -18 -18 21 -20 3 8 -1 13 -17 -17 22 9 11 
10 8 -6 -6 12 -23 0 -23 -22 1 6 -5 -11 -7 2 18 -11 25 7 1 
-19 23 25 -22 12 -9 22 18 2 16 -7 4 9 12 -14 0 11 13 21 15 
25 24 -18 9 5 -7 -19 12 14 21 9 -14 24 14 9 1 -22 -2 23 6 
-16 8 8 12 13 11 6 -11 -20 15 -17 -12 20 -25 -22 19 4 0 -20 22 
22 -20 0 4 19 -22 -25 20 -12 -17 15 -20 -11 6 11 13 12 8 8 -16 
6 23 -2 -22 1 9 14 24 -14 9 21 14 12 -19 -7 5 9 -18 24 25 
15 21 13 11 0 -14 12 9 4 -7 16 2 18 22 -9 12 -22 25 23 -19 
1 7 25 -11 18 2 -7 -11 -5 6 1 -22 -23 0 -23 12 -6 -6 8 10 
11 9 22 -17 -17 13 -1 8 3 -20 21 -18 -18 11 23 -3 21 0 -1 9 
-7 25 7 -15 -10 3 11 0 17 15 23 22 5 7 -13 21 -8 7 -17 15 
13 -8 24 -4 25 -12 21 14 16 6 -12 22 -14 9 10 10 10 15 -9 19 
5 4 2 -10 2 7 12 19 13 -19 18 -13 24 10 15 13 16 13 3 8 
6 -14 24 -3 -8 25 17 23 22 4 20 1 -4 11 2 11 -17 3 3 19 
17 24 12 3 4 11 22 14 -13 -22 19 0 -7 21 20 5 -21 23 16 -16 
39
7
16 13
19 11
15 9
12 11
6 15
2 7
15 19
3 6
0 8
4 10
7 8
13 4
17 12
4 0
8
17 11 10
0 6 8
6 4 10
17 9 8
2 8 10
19 13 8
13 15 10
2 10 8
32
14 4
13 2
15 2
14 9
7 0
6 13
6 14
19 18
14 19
2 1
15 16
6 2
9 14
6 19
7 9
13 10
5 15
6 17
4 17
5 10
12 19
13 6
13 5
0 1
5 0
17 18
4 3
13 17
10 5
13 0
12 10
6 9
