20 20
5 4 5 3 1 3 2 5 -3 3 0 5 2 2 0 -2 4 -1 2 2 
3 -5 2 4 2 1 2 0 -5 -2 4 4 2 -4 0 1 -2 3 5 2 
2 4 1 5 3 1 1 4 2 4 2 -2 3 1 -1 2 -3 -1 2 1 
-1 1 0 5 3 1 5 5 0 -4 2 0 -1 -2 2 1 -5 3 0 5 
0 -4 4 3 3 5 1 0 2 2 2 5 -4 -2 0 -5 -5 3 4 4 
4 1 1 5 -1 4 -3 0 3 1 3 2 -5 1 4 0 2 2 5 2 
4 4 2 -2 0 1 3 5 3 3 1 -4 3 1 -3 5 -5 3 4 -1 
4 3 -5 -4 1 -1 3 0 4 4 -2 5 -3 1 5 4 2 2 -2 1 
2 3 -1 5 5 1 -1 3 -2 -2 4 4 2 3 4 4 4 0 3 -2 
0 -1 -2 5 5 4 2 -3 1 0 5 5 0 -2 5 3 -3 5 -1 -2 
-2 -1 5 -3 3 5 -2 0 5 5 0 1 -3 2 4 5 5 -2 -1 0 
-2 3 0 4 4 4 3 2 4 4 -2 -2 3 -1 1 5 5 -1 3 2 
1 -2 2 2 4 5 1 -3 5 -2 4 4 0 3 -1 1 -4 -5 3 4 
-1 4 3 -5 5 -3 1 3 -4 1 3 3 5 3 1 0 -2 2 4 4 
2 5 2 2 0 4 1 -5 2 3 1 3 0 -3 4 -1 5 1 1 4 
4 4 3 -5 -5 0 -2 -4 5 2 2 2 0 1 5 3 3 4 -4 0 
5 0 3 -5 1 2 -2 -1 0 2 -4 0 5 5 1 3 5 0 1 -1 
1 2 -1 -3 2 -1 1 3 -2 2 4 2 4 1 1 3 5 1 4 2 
2 5 3 -2 1 0 -4 2 4 4 -2 -5 0 2 1 2 4 2 -5 3 
2 2 -1 4 -2 0 2 2 5 0 3 -3 5 2 3 1 3 5 4 5 
45
6
4 1
1 6
15 9
18 15
7 16
13 19
15 18
18 13
4 10
1 4
12 3
6 0
10
12 8 12
12 14 11
9 13 14
4 7 10
9 17 16
7 11 12
7 5 11
10 6 14
15 12 10
10 2 16
34
19 18
11 15
9 2
7 13
18 8
3 16
9 10
17 7
12 5
14 9
11 3
14 17
5 13
10 14
13 15
3 15
19 11
0 1
8 4
10 17
12 6
1 11
16 3
10 9
2 12
7 14
5 10
8 16
5 2
14 6
9 5
6 4
16 4
0 8
