20 20
-3 2 5 7 3 4 9 6 2 8 4 5 9 4 2 9 1 9 4 8 
0 -4 1 0 -1 6 4 1 6 -8 -9 -1 2 7 6 3 6 4 8 -2 
1 -2 9 -5 3 -5 8 3 -9 2 7 1 1 9 8 1 5 2 -2 9 
-3 0 3 1 8 -1 0 4 1 6 2 4 6 0 4 5 3 6 3 9 
-8 -9 -8 5 -6 6 -1 9 -2 -3 9 6 -6 3 6 6 4 7 -4 2 
-2 0 4 4 5 0 6 3 1 -1 8 5 9 9 4 0 6 4 5 6 
-6 7 -7 5 6 4 1 -8 9 5 -1 7 -7 2 1 -2 6 0 2 5 
0 -4 6 0 -9 1 -7 -9 1 -5 6 4 0 8 0 4 8 8 -4 -1 
7 4 -1 0 0 1 2 1 7 5 -9 -1 1 8 8 1 -9 1 3 5 
7 8 2 2 5 5 7 6 7 5 -9 -4 4 2 0 4 -2 0 -1 7 
7 -1 0 -2 4 0 2 4 -4 -9 5 7 6 7 5 5 2 2 8 7 
5 3 1 -9 1 8 8 1 -1 -9 5 7 1 2 1 0 0 -1 4 7 
-1 -4 8 8 4 0 8 0 4 6 -5 1 -9 -7 1 -9 0 6 -4 0 
5 2 0 6 -2 1 2 -7 7 -1 5 9 -8 1 4 6 5 -7 7 -6 
6 5 4 6 0 4 9 9 5 8 -1 1 3 6 0 5 4 4 0 -2 
2 -4 7 4 6 6 3 -6 6 9 -3 -2 9 -1 6 -6 5 -8 -9 -8 
9 3 6 3 5 4 0 6 4 2 6 1 4 0 -1 8 1 3 0 -3 
9 -2 2 5 1 8 9 1 1 7 2 -9 3 8 -5 3 -5 9 -2 1 
-2 8 4 6 3 6 7 2 -1 -9 -8 6 1 4 6 -1 0 1 -4 0 
8 4 9 1 9 2 4 9 5 4 8 2 6 9 4 3 7 5 2 -3 
49
7
5 7
0 8
1 8
14 0
12 14
1 17
0 18
14 12
19 11
18 11
5 19
7 5
18 2
19 1
6
15 16 12
3 18 13
0 7 13
4 3 12
16 1 13
19 12 13
40
17 4
0 4
4 7
15 13
4 9
5 11
9 6
8 5
7 1
0 13
17 2
9 11
13 7
9 10
1 11
5 17
16 17
14 16
7 8
3 14
2 15
19 15
15 12
4 6
15 10
14 8
10 13
11 14
12 18
19 6
2 17
10 8
6 12
10 9
18 8
14 2
3 2
5 3
12 11
16 5
