20 20
-8 13 9 6 8 13 11 -2 12 -4 3 -8 4 3 -13 2 -6 6 0 10 
2 9 -1 -2 5 11 3 -3 1 7 6 7 3 -9 13 9 0 5 3 11 
-3 5 9 -3 5 -6 -4 11 5 12 12 8 -1 6 8 -3 0 -8 13 9 
5 11 -9 -7 9 6 10 -8 -5 -11 8 6 -12 9 6 5 -6 11 13 12 
11 13 4 -12 3 12 -3 4 1 2 11 4 12 13 7 2 4 -12 -10 8 
11 1 12 4 8 7 3 8 5 2 10 5 10 0 11 11 2 -2 -5 4 
12 1 6 12 2 3 -7 11 4 1 7 8 4 5 13 5 -12 11 7 8 
4 0 4 -8 6 2 -1 -9 10 13 2 2 1 3 1 5 8 4 3 -3 
9 5 12 4 -11 13 3 -9 12 12 -11 3 -9 1 -3 6 7 10 4 11 
4 10 10 2 -4 9 -12 4 5 13 4 -4 -9 11 0 9 6 -9 12 3 
3 12 -9 6 9 0 11 -9 -4 4 13 5 4 -12 9 -4 2 10 10 4 
11 4 10 7 6 -3 1 -9 3 -11 12 12 -9 3 13 -11 4 12 5 9 
-3 3 4 8 5 1 3 1 2 2 13 10 -9 -1 2 6 -8 4 0 4 
8 7 11 -12 5 13 5 4 8 7 1 4 11 -7 3 2 12 6 1 12 
4 -5 -2 2 11 11 0 10 5 10 2 5 8 3 7 8 4 12 1 11 
8 -10 -12 4 2 7 13 12 4 11 2 1 4 -3 12 3 -12 4 13 11 
12 13 11 -6 5 6 9 -12 6 8 -11 -5 -8 10 6 9 -7 -9 11 5 
9 13 -8 0 -3 8 6 -1 8 12 12 5 11 -4 -6 5 -3 9 5 -3 
11 3 5 0 9 13 -9 3 7 6 7 1 -3 3 11 5 -2 -1 9 2 
10 0 6 -6 2 -13 3 4 -8 3 -4 12 -2 11 13 8 6 9 13 -8 
51
5
15 17
0 6
4 6
9 12
0 5
4 2
19 13
15 13
10 7
19 14
20
11 10 16
11 13 11
12 1 12
14 19 9
17 9 8
14 10 14
10 13 13
12 18 10
19 6 13
15 11 10
8 9 16
8 6 11
7 18 12
5 0 9
2 10 8
5 9 14
9 6 13
7 1 10
0 13 13
4 8 10
36
16 7
2 0
2 8
13 14
8 12
16 15
5 3
13 9
19 10
3 19
4 15
18 13
3 7
11 19
12 17
5 12
15 0
12 0
3 12
17 19
17 11
6 5
11 7
3 4
14 16
6 10
0 9
16 0
15 4
1 6
16 12
8 0
7 2
14 7
4 19
7 19
