20 20
8 6 2 -11 3 -1 6 2 9 6 1 10 3 0 9 5 -4 1 -7 -10 
7 4 1 1 11 3 8 4 7 8 5 7 10 -6 11 0 -3 2 -9 9 
8 4 -3 -1 -4 -1 4 3 -11 4 -2 2 -1 1 3 11 4 2 -6 1 
2 -8 -3 0 9 -6 4 7 2 9 -1 7 -5 -8 7 7 11 2 6 6 
6 7 -6 -9 -9 9 4 -5 7 0 4 -10 4 11 8 8 0 3 -4 -9 
-1 8 1 7 2 0 7 -9 -11 3 6 -7 -11 6 6 9 1 11 0 1 
11 8 -4 -10 4 7 8 -8 3 7 11 -10 10 8 11 7 4 7 -1 4 
6 -3 1 5 1 -4 8 8 10 6 9 5 4 11 -5 -1 8 0 6 -8 
9 11 3 6 6 9 11 11 9 -1 5 -6 5 4 5 8 -10 5 0 3 
5 9 -6 9 5 5 0 4 -4 0 4 3 9 11 -9 8 5 10 2 -1 
-1 2 10 5 8 -9 11 9 3 4 0 -4 4 0 5 5 9 -6 9 5 
3 0 5 -10 8 5 4 5 -6 5 -1 9 11 11 9 6 6 3 11 9 
-8 6 0 8 -1 -5 11 4 5 9 6 10 8 8 -4 1 5 1 -3 6 
4 -1 7 4 7 11 8 10 -10 11 7 3 -8 8 7 4 -10 -4 8 11 
1 0 11 1 9 6 6 -11 -7 6 3 -11 -9 7 0 2 7 1 8 -1 
-9 -4 3 0 8 8 11 4 -10 4 0 7 -5 4 9 -9 -9 -6 7 6 
6 6 2 11 7 7 -8 -5 7 -1 9 2 7 4 -6 9 0 -3 -8 2 
1 -6 2 4 11 3 1 -1 2 -2 4 -11 3 4 -1 -4 -1 -3 4 8 
9 -9 2 -3 0 11 -6 10 7 5 8 7 4 8 3 11 1 1 4 7 
-10 -7 1 -4 5 9 0 3 10 1 6 9 2 6 -1 3 -11 2 6 8 
36
3
2 6
11 10
11 5
17 13
8 9
8 14
6
6 9 9
14 0 14
3 11 8
13 10 9
5 19 14
16 8 8
36
12 0
13 2
15 13
12 6
0 13
17 15
12 10
2 16
13 16
14 1
3 8
18 11
1 9
14 10
14 6
10 15
19 10
8 0
7 19
6 17
4 6
7 13
19 6
2 4
7 9
17 3
6 3
5 18
16 11
1 8
18 10
5 9
5 13
9 4
0 9
11 19
