20 20
8 -19 -9 -19 10 10 17 10 15 16 9 -1 -10 -18 5 -11 20 19 11 14 
6 -10 5 1 23 -3 -3 -4 3 -20 19 8 8 23 1 23 6 -18 10 19 
4 19 -18 -19 -10 6 14 4 6 -14 13 21 -14 16 12 13 -9 -14 6 6 
1 9 12 -23 -13 8 -15 6 20 22 -6 -2 -14 19 15 15 21 14 17 4 
10 17 13 9 -20 7 9 22 -9 21 -21 20 20 20 7 -13 23 19 4 -21 
3 3 22 4 15 9 -20 15 0 11 -1 19 22 -20 -21 2 20 19 6 -22 
-2 2 13 7 22 17 13 -17 17 6 20 3 10 -7 15 15 -17 -13 5 -23 
19 -3 18 22 -13 4 -7 14 20 -8 1 16 -18 20 16 19 16 15 -17 -4 
-23 23 23 11 -9 7 -16 3 15 3 8 -5 -17 -16 -18 -5 19 11 -21 6 
-13 -18 -22 -6 -17 19 7 2 11 -2 11 -12 -2 -21 -9 19 21 -22 -20 4 
4 -20 -22 21 19 -9 -21 -2 -12 11 -2 11 2 7 19 -17 -6 -22 -18 -13 
6 -21 11 19 -5 -18 -16 -17 -5 8 3 15 3 -16 7 -9 11 23 23 -23 
-4 -17 15 16 19 16 20 -18 16 1 -8 20 14 -7 4 -13 22 18 -3 19 
-23 5 -13 -17 15 15 -7 10 3 20 6 17 -17 13 17 22 7 13 2 -2 
-22 6 19 20 2 -21 -20 22 19 -1 11 0 15 -20 9 15 4 22 3 3 
-21 4 19 23 -13 7 20 20 20 -21 21 -9 22 9 7 -20 9 13 17 10 
4 17 14 21 15 15 19 -14 -2 -6 22 20 6 -15 8 -13 -23 12 9 1 
6 6 -14 -9 13 12 16 -14 21 13 -14 6 4 14 6 -10 -19 -18 19 4 
19 10 -18 6 23 1 23 8 8 19 -20 3 -4 -3 -3 23 1 5 -10 6 
14 11 19 20 -11 5 -18 -10 -1 9 16 15 10 17 10 10 -19 -9 -19 8 
34
2
2 8
15 16
17 11
4 3
20
8 2 8
10 11 10
18 2 13
18 3 14
13 5 12
2 1 11
0 3 12
17 15 12
3 4 11
18 10 10
11 17 8
9 8 10
1 17 13
1 16 14
6 14 12
17 18 11
19 16 12
2 4 12
16 15 11
1 9 10
26
0 19
15 10
19 10
7 8
5 11
15 12
9 10
6 12
5 15
10 19
0 8
18 17
19 6
19 0
4 9
0 9
12 11
14 8
4 7
10 9
13 7
14 4
9 0
19 11
1 2
0 13
