20 20
22 10 19 13 24 23 -23 12 9 -25 16 6 7 -6 19 3 -14 23 18 -24 
24 6 11 18 12 27 22 13 20 -18 10 8 24 8 -16 5 10 17 2 16 
-11 -24 14 4 0 -17 14 4 19 20 20 -21 4 -4 25 24 23 0 -12 25 
8 8 10 11 21 5 1 16 18 11 -23 8 -8 1 15 -17 23 19 21 24 
11 13 24 17 10 11 -18 -25 3 6 23 20 -20 27 20 -11 6 17 -18 3 
2 2 -14 -3 4 14 -5 2 5 15 1 0 14 -9 2 -16 13 21 20 -21 
-13 26 8 1 -1 25 20 1 19 -12 2 1 15 -3 4 23 22 5 16 8 
18 26 -19 -27 16 -22 -5 24 5 17 7 -18 4 -1 4 11 25 11 27 13 
5 24 27 3 23 13 3 6 -21 9 7 14 17 16 17 -11 0 8 -18 17 
11 24 3 -13 -24 25 15 10 23 7 19 3 2 -24 1 16 13 -18 6 -8 
-8 6 -18 13 16 1 -24 2 3 19 7 23 10 15 25 -24 -13 3 24 11 
17 -18 8 0 -11 17 16 17 14 7 9 -21 6 3 13 23 3 27 24 5 
13 27 11 25 11 4 -1 4 -18 7 17 5 24 -5 -22 16 -27 -19 26 18 
8 16 5 22 23 4 -3 15 1 2 -12 19 1 20 25 -1 1 8 26 -13 
-21 20 21 13 -16 2 -9 14 0 1 15 5 2 -5 14 4 -3 -14 2 2 
3 -18 17 6 -11 20 27 -20 20 23 6 3 -25 -18 11 10 17 24 13 11 
24 21 19 23 -17 15 1 -8 8 -23 11 18 16 1 5 21 11 10 8 8 
25 -12 0 23 24 25 -4 4 -21 20 20 19 4 14 -17 0 4 14 -24 -11 
16 2 17 10 5 -16 8 24 8 10 -18 20 13 22 27 12 18 11 6 24 
-24 18 23 -14 3 19 -6 7 6 16 -25 9 12 -23 23 24 13 19 10 22 
30
3
5 1
1 10
12 15
14 18
18 9
7 4
8
2 17 16
19 16 16
5 18 15
7 15 9
17 2 16
0 3 16
14 1 15
12 4 9
30
1 11
12 9
17 19
15 8
3 15
0 17
6 13
6 19
10 9
15 6
1 19
8 13
10 7
12 14
2 5
18 8
7 10
2 0
4 11
16 4
19 2
13 6
13 0
9 10
4 13
18 0
11 6
9 12
7 5
17 14
