20 20
10 15 25 23 10 22 19 13 17 25 5 -14 7 3 17 25 6 3 18 6 
-15 5 -16 14 5 10 8 24 -12 19 10 5 16 18 8 3 -25 19 -4 15 
-6 7 21 4 -17 -13 26 12 -4 -3 17 8 9 11 4 -12 -13 13 23 2 
15 9 8 23 12 -22 -19 10 7 14 17 2 22 20 22 -12 -1 20 -17 10 
1 21 16 -25 -15 -24 11 16 -16 26 -12 9 18 4 23 0 -8 25 7 18 
6 -3 1 6 20 2 -9 -26 2 -19 20 26 21 4 14 -5 0 -8 25 -10 
9 25 17 -9 10 -26 14 -19 25 0 13 13 -9 -4 -23 -24 22 8 19 3 
4 13 -9 11 9 23 -7 19 -19 19 1 22 23 -8 8 17 14 13 1 14 
6 7 6 11 7 17 24 17 16 11 14 21 22 9 -25 -3 18 9 8 19 
0 18 8 24 1 19 1 -16 17 26 22 25 14 9 -3 -9 -23 -25 16 0 
0 16 -25 -23 -9 -3 9 14 25 22 26 17 -16 1 19 1 24 8 18 0 
19 8 9 18 -3 -25 9 22 21 14 11 16 17 24 17 7 11 6 7 6 
14 1 13 14 17 8 -8 23 22 1 19 -19 19 -7 23 9 11 -9 13 4 
3 19 8 22 -24 -23 -4 -9 13 13 0 25 -19 14 -26 10 -9 17 25 9 
-10 25 -8 0 -5 14 4 21 26 20 -19 2 -26 -9 2 20 6 1 -3 6 
18 7 25 -8 0 23 4 18 9 -12 26 -16 16 11 -24 -15 -25 16 21 1 
10 -17 20 -1 -12 22 20 22 2 17 14 7 10 -19 -22 12 23 8 9 15 
2 23 13 -13 -12 4 11 9 8 17 -3 -4 12 26 -13 -17 4 21 7 -6 
15 -4 19 -25 3 8 18 16 5 10 19 -12 24 8 10 5 14 -16 5 -15 
6 18 3 6 25 17 3 7 -14 5 25 17 13 19 22 10 23 25 15 10 
35
5
14 6
8 18
11 0
19 13
13 19
5 13
11 1
8 19
0 6
6 0
20
7 0 13
7 18 9
14 17 16
6 17 13
1 7 12
9 10 11
13 18 10
10 8 14
7 13 14
7 4 16
12 19 13
12 1 9
5 2 16
13 2 13
18 12 12
10 9 11
6 1 10
9 11 14
12 6 14
12 15 16
28
1 9
18 2
3 0
14 2
9 19
12 7
12 14
13 12
4 3
15 14
6 11
14 5
14 19
15 0
18 10
1 17
16 19
5 17
10 0
7 12
7 5
6 7
15 16
4 5
13 8
5 14
5 0
4 19
