20 20
8 4 -12 6 15 -15 14 -8 14 6 0 1 14 14 15 13 13 5 9 -8 
7 3 8 15 2 4 12 -5 7 -5 10 15 14 3 -6 2 -15 8 13 14 
11 4 9 2 -14 3 11 15 -10 14 -2 3 -10 -4 1 -5 13 8 -6 6 
7 5 2 15 -12 10 7 6 3 6 -8 3 7 13 8 7 12 13 10 -3 
12 12 2 2 -5 11 -8 -6 12 -1 14 8 -9 13 -5 15 8 2 9 2 
14 -5 12 12 2 5 -10 -5 -8 9 2 4 10 -14 3 11 12 8 7 11 
6 12 12 3 -7 15 9 14 -10 4 7 10 7 7 12 6 6 12 -10 15 
4 14 10 3 11 -15 9 4 4 10 3 11 0 11 7 9 8 7 -12 -13 
0 7 -2 4 6 11 12 11 6 9 15 2 6 13 9 6 13 2 -7 11 
1 -7 1 -14 13 14 11 12 5 15 2 7 7 11 3 8 -3 -7 7 11 
11 7 -7 -3 8 3 11 7 7 2 15 5 12 11 14 13 -14 1 -7 1 
11 -7 2 13 6 9 13 6 2 15 9 6 11 12 11 6 4 -2 7 0 
-13 -12 7 8 9 7 11 0 11 3 10 4 4 9 -15 11 3 10 14 4 
15 -10 12 6 6 12 7 7 10 7 4 -10 14 9 15 -7 3 12 12 6 
11 7 8 12 11 3 -14 10 4 2 9 -8 -5 -10 5 2 12 12 -5 14 
2 9 2 8 15 -5 13 -9 8 14 -1 12 -6 -8 11 -5 2 2 12 12 
-3 10 13 12 7 8 13 7 3 -8 6 3 6 7 10 -12 15 2 5 7 
6 -6 8 13 -5 1 -4 -10 3 -2 14 -10 15 11 3 -14 2 9 4 11 
14 13 8 -15 2 -6 3 14 15 10 -5 7 -5 12 4 2 15 8 3 7 
-8 9 5 13 13 15 14 14 1 0 6 14 -8 14 -15 15 6 -12 4 8 
46
3
4 6
17 16
14 3
15 13
2 3
5 16
18
5 17 10
6 19 16
5 14 15
17 1 8
16 4 14
7 4 13
16 2 16
12 11 16
16 8 10
14 2 10
13 0 16
14 5 15
2 18 8
3 15 14
12 15 13
3 17 16
7 8 16
3 11 10
26
0 6
4 19
19 5
17 19
17 0
14 0
5 4
15 11
1 9
17 5
1 15
6 9
13 7
19 13
15 0
0 14
2 0
2 19
5 19
14 15
4 8
18 10
2 14
18 4
13 10
6 12
