20 20
19 -16 -13 16 13 13 8 -1 10 8 0 -15 2 -14 0 2 13 18 7 1 
21 0 13 11 8 19 22 0 -5 -2 12 10 12 7 -5 0 -15 -12 9 20 
19 11 11 23 18 23 5 16 -17 4 15 -3 -1 20 -10 3 3 21 -9 11 
-17 0 3 12 12 20 -11 20 1 21 -10 -14 0 10 3 3 17 -17 23 11 
0 11 17 10 11 -4 13 17 0 11 20 9 8 -10 14 -19 10 16 1 22 
9 9 -12 18 10 7 8 -22 -21 19 20 18 14 3 10 4 22 23 20 14 
18 -11 -12 20 7 11 -21 16 0 22 10 -16 20 -4 4 22 21 9 19 -16 
23 22 13 10 8 -18 6 -15 1 4 23 17 14 13 3 13 -21 12 21 2 
16 7 15 21 8 14 1 4 -18 5 -16 12 -15 22 17 11 -9 18 19 -21 
3 -4 16 4 21 11 -8 8 7 13 14 15 -3 11 0 16 2 2 16 12 
12 16 2 2 16 0 11 -3 15 14 13 7 8 -8 11 21 4 16 -4 3 
-21 19 18 -9 11 17 22 -15 12 -16 5 -18 4 1 14 8 21 15 7 16 
2 21 12 -21 13 3 13 14 17 23 4 1 -15 6 -18 8 10 13 22 23 
-16 19 9 21 22 4 -4 20 -16 10 22 0 16 -21 11 7 20 -12 -11 18 
14 20 23 22 4 10 3 14 18 20 19 -21 -22 8 7 10 18 -12 9 9 
22 1 16 10 -19 14 -10 8 9 20 11 0 17 13 -4 11 10 17 11 0 
11 23 -17 17 3 3 10 0 -14 -10 21 1 20 -11 20 12 12 3 0 -17 
11 -9 21 3 3 -10 20 -1 -3 15 4 -17 16 5 23 18 23 11 11 19 
20 9 -12 -15 0 -5 7 12 10 12 -2 -5 0 22 19 8 11 13 0 21 
1 7 18 13 2 0 -14 2 -15 0 8 10 -1 8 13 13 16 -13 -16 19 
51
5
9 10
19 5
18 14
13 19
15 10
10 9
0 14
1 5
6 0
4 9
16
2 18 8
4 0 15
8 7 11
4 12 13
5 16 14
5 17 13
0 19 9
16 14 12
17 1 8
15 19 15
11 12 11
15 7 13
14 3 14
14 2 13
19 0 9
3 5 12
34
14 5
16 10
18 9
17 9
13 3
6 15
17 8
4 2
10 0
2 12
1 17
18 11
17 16
11 0
17 13
19 9
5 2
5 14
3 9
1 10
2 10
6 16
13 4
2 11
15 17
9 19
17 7
18 2
1 8
2 3
8 19
2 6
0 10
14 17
