20 20
1 7 -7 10 -5 -4 13 7 10 0 -8 8 12 8 3 7 12 -10 5 -10 
12 0 0 -7 6 -9 14 7 5 4 3 5 -11 10 7 0 4 -9 6 14 
2 8 13 5 1 12 -1 13 -1 12 -13 -14 6 7 12 4 -3 5 -11 7 
3 -9 12 12 12 12 10 3 2 14 10 7 7 2 1 -7 6 3 4 14 
-5 2 2 9 8 6 4 4 8 7 13 6 -11 14 1 -8 10 3 7 -14 
-11 14 10 2 5 -7 10 4 1 6 1 -5 -11 0 0 4 -1 -1 13 -4 
-4 2 11 3 7 11 -13 1 10 13 -8 -11 8 -9 -14 9 5 11 8 -6 
-11 5 8 13 -12 0 4 12 14 12 -10 2 -1 4 -8 7 1 2 5 13 
4 -3 5 10 9 3 6 11 3 10 11 -9 10 13 -1 3 11 3 11 8 
10 9 -8 -6 13 4 -10 13 10 14 -4 -4 13 6 -6 8 11 -2 3 1 
1 3 -2 11 8 -6 6 13 -4 -4 14 10 13 -10 4 13 -6 -8 9 10 
8 11 3 11 3 -1 13 10 -9 11 10 3 11 6 3 9 10 5 -3 4 
13 5 2 1 7 -8 4 -1 2 -10 12 14 12 4 0 -12 13 8 5 -11 
-6 8 11 5 9 -14 -9 8 -11 -8 13 10 1 -13 11 7 3 11 2 -4 
-4 13 -1 -1 4 0 0 -11 -5 1 6 1 4 10 -7 5 2 10 14 -11 
-14 7 3 10 -8 1 14 -11 6 13 7 8 4 4 6 8 9 2 2 -5 
14 4 3 6 -7 1 2 7 7 10 14 2 3 10 12 12 12 12 -9 3 
7 -11 5 -3 4 12 7 6 -14 -13 12 -1 13 -1 12 1 5 13 8 2 
14 6 -9 4 0 7 10 -11 5 3 4 5 7 14 -9 6 -7 0 0 12 
-10 5 -10 12 7 3 8 12 8 -8 0 10 7 13 -4 -5 10 -7 7 1 
38
4
5 17
2 18
2 3
4 15
14 2
17 1
17 16
15 4
16
13 5 15
6 0 10
17 10 14
7 3 16
13 7 12
17 8 11
3 17 12
3 9 14
6 14 15
13 19 10
2 9 14
12 16 16
6 12 12
2 11 11
16 2 12
16 10 14
36
9 15
10 0
16 5
11 19
17 11
0 17
1 9
15 10
3 11
5 13
12 0
16 9
7 13
6 10
17 15
13 6
6 3
18 6
10 4
9 19
3 14
8 0
2 8
19 2
18 10
4 9
16 8
14 6
7 19
3 10
12 6
13 9
2 4
6 13
13 16
1 13
