20 20
18 5 15 20 -19 15 8 5 8 0 -4 15 15 6 8 0 20 23 20 1 
-9 -14 16 11 1 -13 11 -6 20 2 6 15 8 -8 -23 13 16 13 2 20 
11 -7 -21 6 19 20 19 -23 10 -11 21 15 -20 23 8 9 4 12 14 -13 
-20 -19 18 22 -21 12 7 -6 23 3 -19 20 -4 -23 4 7 11 8 9 21 
17 9 18 5 6 17 11 9 -7 16 20 -22 -20 6 10 20 20 12 -21 -3 
7 -11 12 7 22 -9 20 7 -22 23 14 -12 -14 4 16 2 5 7 21 19 
-7 12 0 9 6 7 -10 4 1 2 19 11 18 0 0 11 19 2 1 9 
2 3 18 13 -6 1 16 14 20 6 -19 18 3 21 21 20 18 23 23 23 
-8 17 22 -8 6 6 7 15 16 10 0 19 4 15 12 11 7 21 -7 -14 
0 9 19 22 5 10 -10 17 10 23 -18 5 6 -18 18 4 18 16 5 5 
5 5 16 18 4 18 -18 6 5 -18 23 10 17 -10 10 5 22 19 9 0 
-14 -7 21 7 11 12 15 4 19 0 10 16 15 7 6 6 -8 22 17 -8 
23 23 23 18 20 21 21 3 18 -19 6 20 14 16 1 -6 13 18 3 2 
9 1 2 19 11 0 0 18 11 19 2 1 4 -10 7 6 9 0 12 -7 
19 21 7 5 2 16 4 -14 -12 14 23 -22 7 20 -9 22 7 12 -11 7 
-3 -21 12 20 20 10 6 -20 -22 20 16 -7 9 11 17 6 5 18 9 17 
21 9 8 11 7 4 -23 -4 20 -19 3 23 -6 7 12 -21 22 18 -19 -20 
-13 14 12 4 9 8 23 -20 15 21 -11 10 -23 19 20 19 6 -21 -7 11 
20 2 13 16 13 -23 -8 8 15 6 2 20 -6 11 -13 1 11 16 -14 -9 
1 20 23 20 0 8 6 15 15 -4 0 8 5 8 15 -19 20 15 5 18 
42
7
2 10
3 7
18 13
17 7
14 10
19 17
19 16
17 9
16 12
1 6
2 12
5 9
0 2
0 3
8
18 17 13
4 2 15
2 16 15
13 16 10
1 2 13
15 17 15
17 3 15
6 3 10
34
17 13
12 16
3 2
6 0
1 8
8 9
13 11
5 15
12 19
11 13
7 5
7 16
16 6
9 8
10 14
9 13
0 11
2 6
7 3
16 17
13 19
18 11
11 10
6 8
14 4
7 0
8 6
12 14
12 3
3 13
10 11
9 5
10 6
19 8
