20 20
6 2 -3 -2 2 2 -4 1 8 2 -1 0 8 1 8 -5 2 10 6 -3 
5 2 4 10 4 -1 7 11 1 0 -5 8 7 -8 4 4 9 3 8 2 
7 -9 -6 9 3 9 3 6 1 -6 -9 1 -2 6 0 8 -8 2 8 2 
-3 2 11 6 8 0 5 0 6 11 7 4 6 11 7 -3 7 7 8 -2 
6 -3 11 5 -10 11 6 5 10 6 4 2 3 8 10 10 -5 5 3 9 
-4 2 5 10 11 5 1 6 9 10 6 8 1 2 10 3 -9 0 10 5 
7 1 2 -6 8 0 7 8 10 0 7 7 2 11 8 9 11 -3 6 7 
2 11 -1 1 -9 7 1 -1 6 -4 5 10 7 6 9 2 -5 6 0 -11 
10 3 -8 1 0 4 -1 11 8 -10 2 11 -11 2 3 6 11 10 4 9 
-5 -1 1 7 10 -2 2 1 -8 0 1 10 0 8 9 -11 1 6 4 4 
4 4 6 1 -11 9 8 0 10 1 0 -8 1 2 -2 10 7 1 -1 -5 
9 4 10 11 6 3 2 -11 11 2 -10 8 11 -1 4 0 1 -8 3 10 
-11 0 6 -5 2 9 6 7 10 5 -4 6 -1 1 7 -9 1 -1 11 2 
7 6 -3 11 9 8 11 2 7 7 0 10 8 7 0 8 -6 2 1 7 
5 10 0 -9 3 10 2 1 8 6 10 9 6 1 5 11 10 5 2 -4 
9 3 5 -5 10 10 8 3 2 4 6 10 5 6 11 -10 5 11 -3 6 
-2 8 7 7 -3 7 11 6 4 7 11 6 0 5 0 8 6 11 2 -3 
2 8 2 -8 8 0 6 -2 1 -9 -6 1 6 3 9 3 9 -6 -9 7 
2 8 3 9 4 4 -8 7 8 -5 0 1 11 7 -1 4 10 4 2 5 
-3 6 10 2 -5 8 1 8 0 -1 2 8 1 -4 2 2 -2 -3 2 6 
58
2
18 7
16 6
1 12
3 13
6
2 6 8
16 3 16
18 4 15
17 13 8
3 16 16
1 15 15
40
4 9
13 9
18 14
0 13
16 13
16 19
3 18
3 1
19 9
12 18
16 7
2 14
14 18
16 2
10 11
3 4
0 8
10 2
13 12
19 18
15 10
6 10
1 5
19 6
3 6
3 0
16 1
16 18
0 10
7 1
3 12
17 5
5 1
3 17
9 8
16 15
19 11
9 17
6 7
0 1
