20 20
2 1 0 4 0 1 3 -5 3 0 1 1 2 4 -2 2 5 2 -3 3 
-1 5 1 2 4 0 3 4 1 3 3 0 3 5 1 3 0 4 -5 5 
2 1 5 4 5 -3 2 5 4 3 4 -4 -3 4 -1 0 4 -1 -1 2 
-4 4 2 4 0 0 4 -1 5 -4 -5 0 2 1 1 -4 3 1 3 4 
-5 3 3 3 3 2 2 0 -3 4 2 2 2 -3 1 -4 2 -4 3 3 
2 2 1 -5 5 3 2 0 1 5 2 4 1 1 5 2 5 1 1 3 
3 4 1 5 -1 5 -1 1 0 -2 3 3 5 3 4 5 0 3 1 5 
-3 0 -5 5 5 1 2 4 1 4 5 2 2 0 -5 4 -3 5 -3 4 
3 1 2 4 5 0 5 1 2 0 2 -2 3 4 5 4 4 0 5 -1 
5 4 -1 3 3 1 5 2 5 -5 3 2 1 4 -5 2 5 4 4 3 
3 4 4 5 2 -5 4 1 2 3 -5 5 2 5 1 3 3 -1 4 5 
-1 5 0 4 4 5 4 3 -2 2 0 2 1 5 0 5 4 2 1 3 
4 -3 5 -3 4 -5 0 2 2 5 4 1 4 2 1 5 5 -5 0 -3 
5 1 3 0 5 4 3 5 3 3 -2 0 1 -1 5 -1 5 1 4 3 
3 1 1 5 2 5 1 1 4 2 5 1 0 2 3 5 -5 1 2 2 
3 3 -4 2 -4 1 -3 2 2 2 4 -3 0 2 2 3 3 3 3 -5 
4 3 1 3 -4 1 1 2 0 -5 -4 5 -1 4 0 0 4 2 4 -4 
2 -1 -1 4 0 -1 4 -3 -4 4 3 4 5 2 -3 5 4 5 1 2 
5 -5 4 0 3 1 5 3 0 3 3 1 4 3 0 4 2 1 5 -1 
3 -3 2 5 2 -2 4 2 1 1 0 3 -5 3 1 0 4 0 1 2 
59
8
9 0
2 16
8 7
9 12
3 0
5 19
5 3
10 4
10 19
17 3
11 12
10 7
16 19
14 0
14 16
9 15
14
1 8 16
17 9 13
17 4 9
17 2 12
16 7 12
17 5 10
5 7 11
18 11 16
2 10 13
2 15 9
2 17 12
3 12 12
2 14 10
14 12 11
26
17 10
11 6
5 18
2 4
2 3
2 19
0 8
17 1
14 4
2 12
10 6
9 18
7 1
2 9
8 13
14 1
17 15
17 16
17 0
19 11
2 18
5 15
17 7
9 13
10 1
12 18
