20 20
11 2 5 2 7 5 12 10 13 5 8 12 5 -11 1 12 6 8 3 -7 
-12 7 5 -1 4 9 8 4 1 11 9 1 2 2 1 12 0 7 4 8 
13 6 12 -5 7 -8 -3 3 13 7 6 4 13 -6 7 13 0 -11 -8 10 
4 6 6 0 12 -9 5 -8 1 5 0 0 10 4 9 -5 12 11 5 12 
9 11 -7 12 7 9 5 -6 -9 0 -3 1 13 6 2 10 12 10 0 -5 
-10 -11 0 5 4 13 8 -12 6 8 -12 11 7 5 8 0 7 11 12 5 
4 -8 -10 3 11 5 -1 -12 -8 0 0 2 4 -7 6 3 10 2 -1 12 
-6 9 2 1 4 -3 3 -12 9 -2 -6 8 0 -11 8 1 5 7 5 12 
6 9 8 4 7 0 8 -5 3 -8 11 13 7 -8 2 6 2 6 3 9 
3 13 1 -10 3 7 2 6 5 1 2 12 -5 9 3 2 1 6 7 0 
0 7 6 1 2 3 9 -5 12 2 1 5 6 2 7 3 -10 1 13 3 
9 3 6 2 6 2 -8 7 13 11 -8 3 -5 8 0 7 4 8 9 6 
12 5 7 5 1 8 -11 0 8 -6 -2 9 -12 3 -3 4 1 2 9 -6 
12 -1 2 10 3 6 -7 4 2 0 0 -8 -12 -1 5 11 3 -10 -8 4 
5 12 11 7 0 8 5 7 11 -12 8 6 -12 8 13 4 5 0 -11 -10 
-5 0 10 12 10 2 6 13 1 -3 0 -9 -6 5 9 7 12 -7 11 9 
12 5 11 12 -5 9 4 10 0 0 5 1 -8 5 -9 12 0 6 6 4 
10 -8 -11 0 13 7 -6 13 4 6 7 13 3 -3 -8 7 -5 12 6 13 
8 4 7 0 12 1 2 2 1 9 11 1 4 8 9 4 -1 5 7 -12 
-7 3 8 6 12 1 -11 5 12 8 5 13 10 12 5 7 2 5 2 11 
47
5
5 0
15 9
17 9
15 17
6 18
14 19
4 10
2 10
4 2
13 1
10
17 4 14
4 6 16
8 0 8
13 11 12
7 13 8
2 15 14
15 13 16
11 19 8
6 8 12
12 6 8
38
7 11
2 1
17 11
0 4
1 14
18 14
13 0
9 17
17 0
16 3
4 9
16 18
8 19
10 16
15 6
4 14
8 13
2 4
10 0
12 8
17 18
2 8
19 15
18 5
1 5
6 19
10 2
2 19
3 16
15 10
3 1
11 0
9 3
4 13
15 5
11 6
17 15
9 19
