20 20
6 6 24 0 -17 15 15 5 25 19 24 13 18 1 11 -18 10 -20 9 20 
-15 6 -25 11 9 17 -13 16 25 26 26 24 24 -21 4 10 21 21 3 1 
6 3 25 15 3 5 22 -24 11 0 15 1 -8 10 -3 -4 3 1 6 25 
20 4 12 12 5 1 24 -5 20 11 2 11 -3 -23 8 1 21 -17 19 13 
3 17 -13 13 19 5 6 7 3 9 11 -26 -10 13 12 12 26 10 -11 9 
7 20 20 0 5 16 -10 5 -20 6 2 24 -19 1 0 22 4 8 4 22 
23 15 -23 22 9 6 -18 -19 7 20 -1 9 -12 -9 14 -26 15 -4 1 15 
22 18 -2 24 24 -15 22 1 23 6 2 25 -24 -5 19 7 -11 16 3 0 
25 16 22 -21 25 -19 18 -15 5 12 -12 4 16 1 22 15 2 5 -23 2 
8 11 4 16 18 25 19 -2 1 15 -16 18 16 -1 3 21 -22 -15 2 9 
9 2 -15 -22 21 3 -1 16 18 -16 15 1 -2 19 25 18 16 4 11 8 
2 -23 5 2 15 22 1 16 4 -12 12 5 -15 18 -19 25 -21 22 16 25 
0 3 16 -11 7 19 -5 -24 25 2 6 23 1 22 -15 24 24 -2 18 22 
15 1 -4 15 -26 14 -9 -12 9 -1 20 7 -19 -18 6 9 22 -23 15 23 
22 4 8 4 22 0 1 -19 24 2 6 -20 5 -10 16 5 0 20 20 7 
9 -11 10 26 12 12 13 -10 -26 11 9 3 7 6 5 19 13 -13 17 3 
13 19 -17 21 1 8 -23 -3 11 2 11 20 -5 24 1 5 12 12 4 20 
25 6 1 3 -4 -3 10 -8 1 15 0 11 -24 22 5 3 15 25 3 6 
1 3 21 21 10 4 -21 24 24 26 26 25 16 -13 17 9 11 -25 6 -15 
20 9 -20 10 -18 11 1 18 13 24 19 25 5 15 15 -17 0 24 6 6 
58
2
10 3
6 19
9 16
13 0
14
1 8 10
16 11 12
13 2 11
8 12 16
2 5 8
12 4 11
10 4 9
18 11 10
3 8 12
6 17 11
11 7 16
17 14 8
7 15 11
9 15 9
40
2 17
9 1
19 5
15 8
6 12
0 6
8 0
1 4
19 0
9 19
12 2
2 7
15 18
1 0
17 9
7 1
19 8
0 5
15 6
4 9
17 2
10 18
0 14
4 11
13 7
19 13
11 19
18 15
0 19
10 0
7 17
17 12
4 1
18 19
2 10
12 18
0 11
19 14
4 13
15 10
