20 20
-4 0 -15 -3 8 -14 14 12 10 17 16 1 11 8 3 -4 -4 8 16 3 
16 -2 17 0 11 8 1 -8 16 1 17 5 0 7 15 0 17 13 8 -3 
-2 12 14 -1 -5 4 16 -4 0 16 -11 -4 1 15 9 0 11 -10 6 2 
-9 -6 -8 7 14 5 4 1 6 11 -13 -14 11 4 -5 -3 -7 0 -10 -13 
11 9 3 16 5 1 -3 16 9 16 16 -3 5 -8 4 7 13 -5 5 13 
-1 0 14 7 9 8 10 11 9 5 -7 7 12 -15 5 -4 4 -12 -11 14 
1 2 15 -14 -12 -11 9 17 -9 13 7 7 10 2 -3 -11 -12 11 -12 8 
-13 3 9 -2 12 7 6 6 6 17 13 8 -17 14 12 8 1 8 7 16 
-15 -4 6 9 -7 1 -3 17 -4 -9 12 2 11 11 9 4 2 6 11 5 
-9 17 5 5 9 16 -11 16 -2 11 6 -8 14 -11 -14 4 -9 13 8 -2 
-2 8 13 -9 4 -14 -11 14 -8 6 11 -2 16 -11 16 9 5 5 17 -9 
5 11 6 2 4 9 11 11 2 12 -9 -4 17 -3 1 -7 9 6 -4 -15 
16 7 8 1 8 12 14 -17 8 13 17 6 6 6 7 12 -2 9 3 -13 
8 -12 11 -12 -11 -3 2 10 7 7 13 -9 17 9 -11 -12 -14 15 2 1 
14 -11 -12 4 -4 5 -15 12 7 -7 5 9 11 10 8 9 7 14 0 -1 
13 5 -5 13 7 4 -8 5 -3 16 16 9 16 -3 1 5 16 3 9 11 
-13 -10 0 -7 -3 -5 4 11 -14 -13 11 6 1 4 5 14 7 -8 -6 -9 
2 6 -10 11 0 9 15 1 -4 -11 16 0 -4 16 4 -5 -1 14 12 -2 
-3 8 13 17 0 15 7 0 5 17 1 16 -8 1 8 11 0 17 -2 16 
3 16 8 -4 -4 3 8 11 1 16 17 10 12 14 -14 8 -3 -15 0 -4 
33
3
10 17
15 5
4 3
9 2
4 14
15 16
6
5 19 8
3 1 13
0 7 8
14 0 8
16 18 13
19 12 8
38
17 0
6 9
16 11
17 16
4 9
3 5
6 17
16 7
19 0
10 18
18 16
7 2
13 17
19 17
4 1
13 0
18 3
11 4
5 0
2 19
13 10
3 8
2 3
15 10
16 14
13 2
3 12
0 19
9 1
1 3
12 17
6 2
0 2
15 18
6 19
1 16
8 15
14 19
