20 20
15 8 2 19 22 21 14 -1 11 10 4 23 16 3 -14 11 12 12 15 20 
-3 -17 13 3 3 -11 -8 4 0 4 18 9 6 12 5 21 7 13 4 -12 
5 -12 2 4 6 6 -21 21 5 21 7 8 12 10 24 -4 1 19 3 8 
23 24 22 -9 21 4 -21 7 23 19 -4 14 -1 10 -19 8 7 7 11 20 
15 0 24 17 0 21 6 7 6 18 13 14 8 -21 3 -15 8 -12 12 4 
-16 18 8 5 24 3 18 -17 17 9 6 8 4 10 24 4 14 -18 21 17 
7 11 8 16 8 8 19 -9 -19 16 17 4 21 21 -7 20 16 8 22 2 
9 -9 19 2 14 -17 -21 2 -16 23 18 0 17 2 12 -1 4 6 3 23 
-14 5 -19 -12 18 2 12 21 -13 21 7 -19 6 14 5 6 -13 11 5 2 
-17 10 1 24 -11 17 9 -7 22 15 6 24 -17 5 22 15 17 -24 3 0 
0 3 -24 17 15 22 5 -17 24 6 15 22 -7 9 17 -11 24 1 10 -17 
2 5 11 -13 6 5 14 6 -19 7 21 -13 21 12 2 18 -12 -19 5 -14 
23 3 6 4 -1 12 2 17 0 18 23 -16 2 -21 -17 14 2 19 -9 9 
2 22 8 16 20 -7 21 21 4 17 16 -19 -9 19 8 8 16 8 11 7 
17 21 -18 14 4 24 10 4 8 6 9 17 -17 18 3 24 5 8 18 -16 
4 12 -12 8 -15 3 -21 8 14 13 18 6 7 6 21 0 17 24 0 15 
20 11 7 7 8 -19 10 -1 14 -4 19 23 7 -21 4 21 -9 22 24 23 
8 3 19 1 -4 24 10 12 8 7 21 5 21 -21 6 6 4 2 -12 5 
-12 4 13 7 21 5 12 6 9 18 4 0 4 -8 -11 3 3 13 -17 -3 
20 15 12 12 11 -14 3 16 23 4 10 11 -1 14 21 22 19 2 8 15 
57
3
8 3
3 7
17 16
11 16
16 12
2 3
20
13 4 9
5 3 16
3 12 11
4 16 11
13 6 16
7 9 13
18 13 15
14 17 9
2 9 11
8 1 12
6 15 9
14 16 16
16 7 11
15 3 11
6 13 16
12 10 13
1 6 15
5 2 9
17 10 11
11 18 12
30
7 0
6 14
16 15
10 9
16 10
15 7
14 9
11 6
7 4
16 4
19 2
18 6
8 18
12 5
10 11
12 19
13 5
3 4
9 10
3 9
4 12
5 10
8 13
12 15
3 15
0 17
1 13
11 1
7 14
9 8
