20 20
-9 2 -25 18 20 10 22 -11 22 6 15 18 -7 -17 25 20 18 9 22 25 
26 12 0 24 23 20 26 -2 5 -21 21 3 19 14 -19 15 6 -26 5 24 
-14 0 15 10 -23 -17 19 25 18 12 -3 22 17 -6 -17 8 8 15 -13 8 
25 10 19 20 7 11 2 1 26 -18 -12 10 -27 -4 19 17 -11 14 -27 4 
25 18 -12 -26 17 24 25 -10 0 26 13 11 14 11 10 12 25 4 13 16 
10 3 1 12 27 7 11 10 7 14 -26 10 2 13 20 -26 2 25 -12 20 
7 19 22 -26 -25 5 15 0 20 3 26 23 11 25 15 15 10 -2 22 -4 
22 9 22 18 8 27 -1 -13 -4 1 -24 -13 -27 -9 3 6 -9 5 24 7 
1 -1 17 -13 21 2 2 20 15 -13 17 12 -21 12 12 17 -2 15 -25 4 
3 21 25 24 -5 27 -2 9 7 12 5 15 22 -17 4 10 20 9 3 8 
8 3 9 20 10 4 -17 22 15 5 12 7 9 -2 27 -5 24 25 21 3 
4 -25 15 -2 17 12 12 -21 12 17 -13 15 20 2 2 21 -13 17 -1 1 
7 24 5 -9 6 3 -9 -27 -13 -24 1 -4 -13 -1 27 8 18 22 9 22 
-4 22 -2 10 15 15 25 11 23 26 3 20 0 15 5 -25 -26 22 19 7 
20 -12 25 2 -26 20 13 2 10 -26 14 7 10 11 7 27 12 1 3 10 
16 13 4 25 12 10 11 14 11 13 26 0 -10 25 24 17 -26 -12 18 25 
4 -27 14 -11 17 19 -4 -27 10 -12 -18 26 1 2 11 7 20 19 10 25 
8 -13 15 8 8 -17 -6 17 22 -3 12 18 25 19 -17 -23 10 15 0 -14 
24 5 -26 6 15 -19 14 19 3 21 -21 5 -2 26 20 23 24 0 12 26 
25 22 9 18 20 25 -17 -7 18 15 6 22 -11 22 10 20 18 -25 2 -9 
58
6
3 0
2 4
9 16
0 14
15 8
16 4
16 19
17 15
10 3
19 5
4 11
3 15
8
15 7 8
2 12 14
17 19 9
11 13 16
4 12 8
17 7 14
2 0 9
8 6 16
30
14 4
12 14
13 18
14 11
15 3
16 5
11 15
17 13
6 0
17 10
16 6
1 10
15 5
8 17
2 16
5 15
7 5
6 1
5 8
4 16
3 14
8 4
2 6
13 19
2 9
3 13
18 9
4 14
11 2
17 3
