20 20
-21 16 8 10 -3 4 19 10 17 6 0 24 26 -22 -16 25 8 23 -20 9 
8 8 25 9 6 -24 3 -7 24 -20 -24 14 18 6 20 21 -21 -9 16 16 
-25 -11 -18 11 26 19 21 3 7 -26 1 15 1 3 22 25 -7 14 -3 9 
22 18 22 -2 12 -23 20 3 12 17 -17 -19 17 18 3 23 2 -26 22 26 
14 11 16 16 5 -14 18 21 13 4 8 -8 7 12 22 -2 4 3 26 2 
-23 15 10 23 -10 7 -5 10 26 19 17 14 13 22 -10 11 -8 4 0 6 
18 7 6 10 23 15 11 -21 -19 0 -8 0 7 26 8 3 14 26 12 8 
15 -25 1 13 9 4 -16 -22 -11 20 14 1 26 -25 5 8 -4 12 25 21 
-17 17 21 3 -18 23 -1 25 -16 -2 20 -11 4 14 0 23 5 2 22 14 
6 8 23 21 14 18 -21 2 19 20 19 19 1 15 25 17 11 17 -13 -17 
-17 -13 17 11 17 25 15 1 19 19 20 19 2 -21 18 14 21 23 8 6 
14 22 2 5 23 0 14 4 -11 20 -2 -16 25 -1 23 -18 3 21 17 -17 
21 25 12 -4 8 5 -25 26 1 14 20 -11 -22 -16 4 9 13 1 -25 15 
8 12 26 14 3 8 26 7 0 -8 0 -19 -21 11 15 23 10 6 7 18 
6 0 4 -8 11 -10 22 13 14 17 19 26 10 -5 7 -10 23 10 15 -23 
2 26 3 4 -2 22 12 7 -8 8 4 13 21 18 -14 5 16 16 11 14 
26 22 -26 2 23 3 18 17 -19 -17 17 12 3 20 -23 12 -2 22 18 22 
9 -3 14 -7 25 22 3 1 15 1 -26 7 3 21 19 26 11 -18 -11 -25 
16 16 -9 -21 21 20 6 18 14 -24 -20 24 -7 3 -24 6 9 25 8 8 
9 -20 23 8 25 -16 -22 26 24 0 6 17 10 19 4 -3 10 8 16 -21 
44
7
7 3
9 18
10 19
11 0
1 14
3 8
14 1
12 16
10 1
9 0
8 19
18 5
16 11
5 18
10
9 3 16
15 8 9
9 19 16
0 5 11
19 5 9
10 16 16
4 11 9
10 0 16
19 14 11
0 14 9
34
9 12
2 12
6 10
17 3
10 17
11 9
0 7
12 1
15 4
4 16
5 16
11 7
5 2
9 5
10 8
17 6
0 16
10 7
17 7
13 9
2 16
9 2
8 10
19 12
7 18
4 15
15 3
14 3
8 12
14 17
10 14
9 11
2 13
19 3
