20 20
1 10 -5 3 9 -4 12 2 0 -1 8 6 -2 7 8 5 0 1 11 -7 
6 11 0 -5 -6 4 -5 6 1 1 9 -3 -2 9 2 5 1 9 4 3 
9 6 2 5 8 5 8 11 -6 -1 -9 -8 4 9 -8 6 9 3 -10 11 
1 11 2 -12 1 5 1 12 4 12 1 -6 -12 3 11 10 1 11 10 2 
11 9 7 -6 2 4 8 8 -2 0 8 -7 7 -5 8 5 8 -4 11 1 
3 3 6 8 4 5 -12 1 4 5 12 8 -7 4 3 6 -12 -10 -1 6 
6 2 1 6 2 -4 -12 -7 2 1 -9 3 12 11 8 -10 1 -12 3 -6 
3 8 -6 6 -9 5 8 3 0 -9 4 10 6 10 6 11 4 5 4 11 
3 10 10 5 7 1 1 10 -1 7 9 6 7 1 5 -2 3 2 3 1 
6 -11 -1 3 5 12 6 -6 -2 5 3 4 -12 -6 12 7 12 5 -11 8 
8 -11 5 12 7 12 -6 -12 4 3 5 -2 -6 6 12 5 3 -1 -11 6 
1 3 2 3 -2 5 1 7 6 9 7 -1 10 1 1 7 5 10 10 3 
11 4 5 4 11 6 10 6 10 4 -9 0 3 8 5 -9 6 -6 8 3 
-6 3 -12 1 -10 8 11 12 3 -9 1 2 -7 -12 -4 2 6 1 2 6 
6 -1 -10 -12 6 3 4 -7 8 12 5 4 1 -12 5 4 8 6 3 3 
1 11 -4 8 5 8 -5 7 -7 8 0 -2 8 8 4 2 -6 7 9 11 
2 10 11 1 10 11 3 -12 -6 1 12 4 12 1 5 1 -12 2 11 1 
11 -10 3 9 6 -8 9 4 -8 -9 -1 -6 11 8 5 8 5 2 6 9 
3 4 9 1 5 2 9 -2 -3 9 1 1 6 -5 4 -6 -5 0 11 6 
-7 11 1 0 5 8 7 -2 6 8 -1 0 2 12 -4 9 3 -5 10 1 
33
6
2 0
13 4
10 8
4 3
2 7
3 0
17 19
6 15
9 11
15 16
17 12
16 19
12
4 12 8
14 5 16
19 4 12
5 1 16
10 19 13
7 3 16
15 7 8
5 14 16
0 15 12
14 18 16
9 0 13
12 16 16
38
0 5
16 1
5 9
6 13
6 3
13 19
3 17
12 15
16 18
13 0
11 19
11 3
5 15
0 14
8 19
5 0
1 9
3 10
10 0
19 14
3 18
14 10
13 6
13 16
6 0
16 2
7 4
3 1
6 19
8 0
8 16
14 4
19 5
11 0
14 19
18 10
16 9
9 19
