20 20
4 9 4 14 9 2 14 1 4 14 3 0 -8 7 -11 5 5 4 -3 2 
-1 7 13 1 -5 8 -7 -8 -2 14 12 11 11 13 8 12 6 14 10 7 
3 10 13 -4 -14 -2 6 7 10 -14 3 -12 8 -12 8 12 6 6 8 10 
-5 -14 13 13 13 8 14 12 13 9 4 -13 2 1 10 13 8 1 1 3 
5 -9 2 -13 13 -3 9 5 -12 14 2 -8 13 7 -6 14 -12 -11 12 -11 
1 8 -4 1 0 -5 10 -4 5 6 8 11 6 -3 2 -11 2 14 -7 5 
6 14 4 13 5 -4 -3 5 9 12 -2 13 3 11 3 8 2 7 0 12 
-12 10 -2 1 2 12 -5 2 14 -12 0 0 8 -14 14 -12 4 1 2 2 
3 -5 -3 -9 5 11 -9 9 10 11 13 -2 -2 13 -11 -11 8 6 14 8 
11 -8 12 -13 7 4 9 8 -11 0 -4 5 -8 9 14 -7 9 -1 3 -9 
-9 3 -1 9 -7 14 9 -8 5 -4 0 -11 8 9 4 7 -13 12 -8 11 
8 14 6 8 -11 -11 13 -2 -2 13 11 10 9 -9 11 5 -9 -3 -5 3 
2 2 1 4 -12 14 -14 8 0 0 -12 14 2 -5 12 2 1 -2 10 -12 
12 0 7 2 8 3 11 3 13 -2 12 9 5 -3 -4 5 13 4 14 6 
5 -7 14 2 -11 2 -3 6 11 8 6 5 -4 10 -5 0 1 -4 8 1 
-11 12 -11 -12 14 -6 7 13 -8 2 14 -12 5 9 -3 13 -13 2 -9 5 
3 1 1 8 13 10 1 2 -13 4 9 13 12 14 8 13 13 13 -14 -5 
10 8 6 6 12 8 -12 8 -12 3 -14 10 7 6 -2 -14 -4 13 10 3 
7 10 14 6 12 8 13 11 11 12 14 -2 -8 -7 8 -5 1 13 7 -1 
2 -3 4 5 5 -11 7 -8 0 3 14 4 1 14 2 9 14 4 9 4 
46
4
9 2
5 15
1 5
19 17
10 17
14 4
18 14
0 2
10
6 18 9
9 13 14
19 11 15
15 5 13
12 10 13
13 1 9
10 6 14
0 8 15
4 14 13
7 9 13
30
1 19
8 14
14 1
16 13
19 13
7 6
7 13
1 6
10 7
6 3
3 2
2 17
7 14
8 10
8 9
18 0
11 5
5 18
3 6
0 6
12 13
12 6
18 13
9 12
13 16
16 17
17 2
12 5
11 9
11 10
