20 20
0 -2 1 4 0 3 2 4 4 1 1 2 3 4 4 -3 1 3 4 3 
0 -2 1 -2 3 1 1 4 -4 3 2 4 0 3 -2 3 -1 0 1 1 
0 3 -3 2 1 3 2 1 1 2 4 -1 2 2 0 3 -2 1 1 -3 
2 2 4 0 0 -3 3 -2 3 -1 4 2 0 1 3 1 4 -2 0 2 
-1 1 1 0 1 -2 1 3 -1 -1 1 3 4 3 3 3 3 1 -3 -2 
1 3 0 -1 -2 2 1 0 2 2 1 0 4 3 -4 3 4 2 -3 1 
1 0 2 3 3 0 1 2 -1 -2 0 4 -1 -1 0 3 2 1 1 4 
0 1 3 4 -3 2 0 0 4 -1 -2 2 0 1 1 -4 -1 4 3 4 
0 3 3 1 0 2 2 3 1 3 0 3 2 3 1 3 -2 1 4 1 
2 1 -2 1 2 3 3 0 2 -4 -3 1 4 3 2 3 3 0 -3 1 
1 -3 0 3 3 2 3 4 1 -3 -4 2 0 3 3 2 1 -2 1 2 
1 4 1 -2 3 1 3 2 3 0 3 1 3 2 2 0 1 3 3 0 
4 3 4 -1 -4 1 1 0 2 -2 -1 4 0 0 2 -3 4 3 1 0 
4 1 1 2 3 0 -1 -1 4 0 -2 -1 2 1 0 3 3 2 0 1 
1 -3 2 4 3 -4 3 4 0 1 2 2 0 1 2 -2 -1 0 3 1 
-2 -3 1 3 3 3 3 4 3 1 -1 -1 3 1 -2 1 0 1 1 -1 
2 0 -2 4 1 3 1 0 2 4 -1 3 -2 3 -3 0 0 4 2 2 
-3 1 1 -2 3 0 2 2 -1 4 2 1 1 2 3 1 2 -3 3 0 
1 1 0 -1 3 -2 3 0 4 2 3 -4 4 1 1 3 -2 1 -2 0 
3 4 3 1 -3 4 4 3 2 1 1 4 4 2 3 0 4 1 -2 0 
56
3
11 7
4 8
16 4
8 12
15 11
3 15
12
13 4 13
19 14 9
4 10 16
12 7 8
6 2 13
11 9 12
6 15 13
0 5 9
15 9 16
7 12 8
13 17 13
8 10 12
34
14 17
0 4
18 13
2 12
6 17
11 19
0 12
13 19
4 11
3 0
11 13
2 8
0 16
12 0
7 1
2 17
13 11
5 2
19 15
1 6
17 7
13 2
8 0
19 7
6 0
15 8
16 19
8 6
17 11
19 3
7 19
12 18
17 2
6 8
