20 20
-11 29 5 18 24 22 17 29 11 28 24 26 19 24 27 -27 4 16 -25 3 
28 13 21 7 6 -5 21 18 15 29 20 18 9 28 -13 11 26 22 -5 9 
3 16 20 28 10 20 -8 7 29 0 -19 15 -28 -16 10 -5 3 24 21 19 
2 10 -23 22 -19 -10 6 19 7 -13 1 25 5 17 8 6 15 10 -27 27 
10 21 7 14 -10 23 18 14 22 3 9 29 21 25 8 24 -19 1 5 16 
-25 26 -16 21 25 16 -21 9 21 0 29 23 12 28 8 -12 5 21 17 22 
14 5 24 2 0 13 -5 -10 29 10 11 20 6 -29 -5 3 -18 20 15 13 
-15 27 17 20 18 -14 2 -14 7 15 -29 15 17 -24 20 12 -22 -22 22 10 
17 -18 29 12 26 -23 7 -6 24 19 26 9 9 -8 18 5 -24 -1 18 -5 
-8 5 -25 23 28 27 2 2 16 18 15 -5 2 6 16 11 29 29 -18 -23 
-23 -18 29 29 11 16 6 2 -5 15 18 16 2 2 27 28 23 -25 5 -8 
-5 18 -1 -24 5 18 -8 9 9 26 19 24 -6 7 -23 26 12 29 -18 17 
10 22 -22 -22 12 20 -24 17 15 -29 15 7 -14 2 -14 18 20 17 27 -15 
13 15 20 -18 3 -5 -29 6 20 11 10 29 -10 -5 13 0 2 24 5 14 
22 17 21 5 -12 8 28 12 23 29 0 21 9 -21 16 25 21 -16 26 -25 
16 5 1 -19 24 8 25 21 29 9 3 22 14 18 23 -10 14 7 21 10 
27 -27 10 15 6 8 17 5 25 1 -13 7 19 6 -10 -19 22 -23 10 2 
19 21 24 3 -5 10 -16 -28 15 -19 0 29 7 -8 20 10 28 20 16 3 
9 -5 22 26 11 -13 28 9 18 20 29 15 18 21 -5 6 7 21 13 28 
3 -25 16 4 -27 27 24 19 26 24 28 11 29 17 22 24 18 5 29 -11 
43
3
16 12
4 12
16 0
3 7
15 7
3 19
20
11 0 10
12 19 10
2 17 16
12 11 16
11 2 12
18 16 9
15 18 11
1 19 12
14 9 9
9 6 12
8 19 10
7 0 10
17 2 16
7 8 16
8 17 12
1 3 9
4 1 11
18 0 12
5 10 9
10 13 12
26
3 12
17 11
17 7
8 1
0 2
13 8
10 12
18 15
17 5
8 15
5 2
8 6
7 10
16 7
2 8
2 12
11 18
19 17
6 11
9 7
1 4
2 14
11 4
14 17
11 13
12 9
