20 20
15 19 3 -5 -26 -9 9 3 18 2 24 1 17 18 26 -23 14 -21 1 20 
-25 23 22 -8 21 13 -2 12 8 -18 7 13 2 1 -14 -10 22 24 13 26 
3 26 -17 -24 -26 17 8 6 2 -1 24 -12 -12 -4 -10 0 -9 9 7 25 
8 18 25 9 -5 -10 6 4 18 3 -16 -17 3 12 16 -25 8 5 15 6 
14 13 -26 -18 -7 18 -2 21 21 0 4 6 -9 19 -3 10 24 25 12 3 
14 11 15 16 20 22 13 20 23 10 -21 10 20 18 -1 24 16 14 24 2 
-10 3 7 11 18 9 18 20 24 21 26 -13 18 0 8 3 10 -25 -8 1 
7 -3 15 -3 16 -13 9 -13 7 3 25 13 18 13 13 -2 18 16 -21 2 
15 12 -2 14 16 5 20 22 -8 -13 10 5 12 0 15 15 19 9 9 8 
9 17 1 8 5 -25 7 -15 8 -25 22 -7 -10 -25 21 21 12 12 25 7 
7 25 12 12 21 21 -25 -10 -7 22 -25 8 -15 7 -25 5 8 1 17 9 
8 9 9 19 15 15 0 12 5 10 -13 -8 22 20 5 16 14 -2 12 15 
2 -21 16 18 -2 13 13 18 13 25 3 7 -13 9 -13 16 -3 15 -3 7 
1 -8 -25 10 3 8 0 18 -13 26 21 24 20 18 9 18 11 7 3 -10 
2 24 14 16 24 -1 18 20 10 -21 10 23 20 13 22 20 16 15 11 14 
3 12 25 24 10 -3 19 -9 6 4 0 21 21 -2 18 -7 -18 -26 13 14 
6 15 5 8 -25 16 12 3 -17 -16 3 18 4 6 -10 -5 9 25 18 8 
25 7 9 -9 0 -10 -4 -12 -12 24 -1 2 6 8 17 -26 -24 -17 26 3 
26 13 24 22 -10 -14 1 2 13 7 -18 8 12 -2 13 21 -8 22 23 -25 
20 1 -21 14 -23 26 18 17 1 24 2 18 3 9 -9 -26 -5 3 19 15 
30
8
19 4
18 14
17 3
5 19
4 15
5 4
9 4
12 9
0 15
1 5
2 16
14 0
15 4
14 15
10 15
7 10
16
15 9 14
15 16 12
17 11 9
9 18 16
7 18 11
14 11 12
16 19 10
9 2 16
4 10 14
4 3 12
2 8 9
10 1 16
12 1 11
5 8 12
3 0 10
10 17 16
26
0 10
12 11
13 2
8 4
3 19
8 10
6 18
2 0
14 7
13 19
7 16
0 3
9 15
19 9
7 8
6 17
11 15
16 0
11 9
13 1
17 19
5 12
6 0
12 3
19 16
10 4
