20 20
3 2 4 -6 3 5 -3 3 -5 4 -3 -2 3 -3 -6 1 1 5 1 3 
-3 3 0 2 3 4 5 1 1 2 -4 3 5 2 4 2 -6 6 4 5 
5 3 -3 -4 2 -6 -6 5 1 3 -2 -4 1 2 5 6 5 5 0 0 
-1 0 -4 -4 5 5 3 -3 3 3 3 4 5 4 -6 2 1 1 -3 5 
2 2 -6 4 3 5 5 6 5 4 4 4 6 -5 -2 4 3 2 -3 3 
0 3 -4 1 4 5 4 -2 2 6 3 4 2 1 5 2 -6 0 2 1 
0 0 0 -2 -1 4 6 5 4 -1 4 2 2 2 5 1 6 1 4 -3 
4 5 2 4 3 5 -4 6 4 5 4 3 5 5 0 6 -1 4 1 0 
2 -6 0 3 -3 -2 5 5 5 6 1 1 6 1 -1 4 4 3 -6 2 
-6 3 2 1 4 -5 -3 -4 -2 4 -5 2 -3 4 5 2 -1 5 -5 -2 
-2 -5 5 -1 2 5 4 -3 2 -5 4 -2 -4 -3 -5 4 1 2 3 -6 
2 -6 3 4 4 -1 1 6 1 1 6 5 5 5 -2 -3 3 0 -6 2 
0 1 4 -1 6 0 5 5 3 4 5 4 6 -4 5 3 4 2 5 4 
-3 4 1 6 1 5 2 2 2 4 -1 4 5 6 4 -1 -2 0 0 0 
1 2 0 -6 2 5 1 2 4 3 6 2 -2 4 5 4 1 -4 3 0 
3 -3 2 3 4 -2 -5 6 4 4 4 5 6 5 5 3 4 -6 2 2 
5 -3 1 1 2 -6 4 5 4 3 3 3 -3 3 5 5 -4 -4 0 -1 
0 0 5 5 6 5 2 1 -4 -2 3 1 5 -6 -6 2 -4 -3 3 5 
5 4 6 -6 2 4 2 5 3 -4 2 1 1 5 4 3 2 0 3 -3 
3 1 5 1 1 -6 -3 3 -2 -3 4 -5 3 -3 5 3 -6 4 2 3 
53
2
3 10
17 7
16 9
2 12
8
18 11 13
12 17 11
12 3 15
12 0 15
1 8 13
7 2 11
7 16 15
7 19 15
32
2 15
0 10
15 2
16 19
10 6
3 19
6 15
0 8
9 5
17 13
16 5
4 12
13 16
2 1
18 19
15 13
17 4
19 9
4 17
3 0
9 13
16 0
13 4
19 11
10 14
2 6
3 14
15 7
6 3
17 18
1 0
4 6
