20 20
14 1 4 -21 -16 22 19 15 2 21 -12 9 13 -2 16 18 12 -24 24 14 
10 10 10 -16 1 8 3 8 1 2 -23 21 5 -18 6 5 2 4 2 -19 
2 7 4 23 1 -14 1 13 24 13 4 12 -11 22 8 1 12 20 -12 8 
-6 17 7 24 16 3 -9 -18 16 8 16 3 -9 22 10 9 11 24 -8 -4 
13 10 8 -3 17 13 -22 3 12 -8 2 7 3 5 21 10 6 -17 1 2 
-17 5 20 22 23 15 4 7 -22 8 10 15 -14 13 14 1 10 17 22 -7 
12 14 14 -12 20 14 18 9 -24 15 21 -13 9 19 -9 18 16 9 19 -10 
18 -2 -19 2 12 12 22 -3 -23 24 -24 11 22 -15 17 -24 20 -23 6 -12 
15 10 6 4 21 3 3 10 -11 19 15 8 3 18 -6 6 17 -23 -20 20 
-19 19 22 4 12 23 15 6 22 2 16 19 -6 -9 14 16 19 10 -13 -13 
-13 -13 10 19 16 14 -9 -6 19 16 2 22 6 15 23 12 4 22 19 -19 
20 -20 -23 17 6 -6 18 3 8 15 19 -11 10 3 3 21 4 6 10 15 
-12 6 -23 20 -24 17 -15 22 11 -24 24 -23 -3 22 12 12 2 -19 -2 18 
-10 19 9 16 18 -9 19 9 -13 21 15 -24 9 18 14 20 -12 14 14 12 
-7 22 17 10 1 14 13 -14 15 10 8 -22 7 4 15 23 22 20 5 -17 
2 1 -17 6 10 21 5 3 7 2 -8 12 3 -22 13 17 -3 8 10 13 
-4 -8 24 11 9 10 22 -9 3 16 8 16 -18 -9 3 16 24 7 17 -6 
8 -12 20 12 1 8 22 -11 12 4 13 24 13 1 -14 1 23 4 7 2 
-19 2 4 2 5 6 -18 5 21 -23 2 1 8 3 8 1 -16 10 10 10 
14 24 -24 12 18 16 -2 13 9 -12 21 2 15 19 22 -16 -21 4 1 14 
48
3
17 8
12 7
1 5
2 11
7 12
18 14
14
12 5 12
15 5 11
17 16 9
1 10 16
4 13 10
16 3 9
10 19 14
7 14 12
4 14 11
2 3 9
18 9 16
15 6 10
3 16 9
9 0 14
40
4 0
11 5
19 6
5 3
19 14
7 19
15 11
6 12
11 10
14 5
4 7
0 8
5 2
9 10
0 6
19 8
15 1
8 15
1 15
6 4
15 19
8 14
0 13
14 16
0 5
12 0
4 8
13 7
8 9
5 14
15 12
19 11
14 17
10 9
19 13
0 11
4 18
11 4
18 4
13 15
