20 20
13 1 -5 6 5 10 9 7 8 1 4 7 3 -6 8 6 -13 0 6 5 
5 1 11 5 8 -9 11 10 11 3 8 -7 10 6 -1 13 -3 7 6 8 
-12 -6 -1 13 12 -7 1 -12 11 4 4 11 3 1 3 7 12 -9 7 4 
1 -8 -2 6 2 -4 13 12 3 -12 -9 -9 1 -8 11 8 1 -11 -8 10 
9 -3 4 -6 -12 4 2 -8 -11 1 7 -12 7 10 3 9 13 3 -12 0 
-2 10 10 12 8 -13 13 12 7 8 8 -10 12 13 9 -11 2 -12 3 11 
2 9 12 4 7 -9 5 13 5 13 11 -7 4 8 4 10 1 11 9 -10 
-10 11 3 10 12 12 12 8 7 3 11 2 1 -8 -3 -11 -1 3 9 -12 
6 5 5 -7 6 1 -8 0 -12 -11 0 13 13 -4 -13 3 -7 2 -10 -6 
5 6 -10 7 2 4 6 -7 4 3 11 6 6 0 1 11 10 5 11 8 
8 11 5 10 11 1 0 6 6 11 3 4 -7 6 4 2 7 -10 6 5 
-6 -10 2 -7 3 -13 -4 13 13 0 -11 -12 0 -8 1 6 -7 5 5 6 
-12 9 3 -1 -11 -3 -8 1 2 11 3 7 8 12 12 12 10 3 11 -10 
-10 9 11 1 10 4 8 4 -7 11 13 5 13 5 -9 7 4 12 9 2 
11 3 -12 2 -11 9 13 12 -10 8 8 7 12 13 -13 8 12 10 10 -2 
0 -12 3 13 9 3 10 7 -12 7 1 -11 -8 2 4 -12 -6 4 -3 9 
10 -8 -11 1 8 11 -8 1 -9 -9 -12 3 12 13 -4 2 6 -2 -8 1 
4 7 -9 12 7 3 1 3 11 4 4 11 -12 1 -7 12 13 -1 -6 -12 
8 6 7 -3 13 -1 6 10 -7 8 3 11 10 11 -9 8 5 11 1 5 
5 6 0 -13 6 8 -6 3 7 4 1 8 7 9 10 5 6 -5 1 13 
30
8
5 3
8 6
1 17
13 16
2 7
16 7
15 12
7 3
14 16
11 13
18 2
6 3
17 12
3 12
4 7
12 16
6
9 18 10
6 11 10
5 14 10
10 1 10
13 8 10
14 5 10
36
16 0
10 6
19 13
7 16
8 2
14 0
14 18
4 3
13 11
8 4
0 10
19 14
16 12
11 8
7 6
19 16
5 0
9 19
3 19
9 13
0 6
12 3
11 17
5 19
5 1
15 16
6 8
11 15
19 9
0 5
3 7
8 11
12 13
0 3
14 19
10 0
