20 20
6 5 8 3 7 3 2 8 9 -10 3 -5 4 4 7 -3 -6 -4 10 1 
5 8 -3 7 7 8 9 -7 -1 9 7 10 1 -11 -11 5 -10 0 10 -10 
-8 -5 -10 2 3 -3 11 -7 10 -1 8 1 -7 11 11 -10 6 7 2 7 
2 7 5 9 3 -9 1 0 0 1 -8 7 10 9 7 9 9 4 7 10 
5 -1 5 3 -2 5 -9 0 9 2 4 7 2 2 1 10 8 2 1 9 
1 6 7 5 11 11 8 9 6 8 10 -8 7 0 -2 0 3 0 6 8 
2 3 8 0 9 3 10 -10 2 3 -5 5 8 7 2 -10 -2 -8 8 9 
3 3 6 -9 -5 10 1 4 3 -6 -5 6 2 6 2 10 -11 10 5 3 
7 0 2 -5 11 10 8 -5 4 8 10 8 2 -6 0 4 -7 3 8 3 
4 -2 -2 4 -2 8 10 5 10 1 8 5 1 7 7 5 2 3 9 8 
8 9 3 2 5 7 7 1 5 8 1 10 5 10 8 -2 4 -2 -2 4 
3 8 3 -7 4 0 -6 2 8 10 8 4 -5 8 10 11 -5 2 0 7 
3 5 10 -11 10 2 6 2 6 -5 -6 3 4 1 10 -5 -9 6 3 3 
9 8 -8 -2 -10 2 7 8 5 -5 3 2 -10 10 3 9 0 8 3 2 
8 6 0 3 0 -2 0 7 -8 10 8 6 9 8 11 11 5 7 6 1 
9 1 2 8 10 1 2 2 7 4 2 9 0 -9 5 -2 3 5 -1 5 
10 7 4 9 9 7 9 10 7 -8 1 0 0 1 -9 3 9 5 7 2 
7 2 7 6 -10 11 11 -7 1 8 -1 10 -7 11 -3 3 2 -10 -5 -8 
-10 10 0 -10 5 -11 -11 1 10 7 9 -1 -7 9 8 7 7 -3 8 5 
1 10 -4 -6 -3 7 4 4 -5 3 -10 9 8 2 3 7 3 8 5 6 
49
8
3 8
4 13
1 6
0 17
18 15
7 13
16 12
12 5
16 11
15 6
18 13
19 2
1 4
12 6
3 7
7 14
8
13 19 14
3 0 14
1 16 10
7 9 12
6 0 14
16 19 14
18 3 10
12 10 12
30
5 15
7 16
15 4
0 15
15 17
6 3
10 1
9 7
10 19
17 14
0 3
15 3
4 14
13 10
0 12
14 4
12 3
4 15
19 4
4 2
13 16
9 18
10 12
9 0
2 5
19 16
4 16
15 5
6 9
19 7
