20 20
0 -12 -12 21 28 -11 -6 8 -8 -8 19 22 15 14 -5 11 24 12 10 -26 
-3 25 26 -9 -22 23 -13 1 -12 4 13 -7 13 25 24 0 13 2 7 2 
-11 28 0 -24 15 1 27 -2 17 -22 18 26 9 14 -22 8 20 17 17 24 
15 25 9 -22 10 -3 -24 0 20 15 9 18 8 -3 -28 23 10 -15 -20 6 
20 -22 26 -18 15 -10 -22 13 23 17 16 27 1 4 16 24 -25 9 -13 -1 
23 23 13 4 17 -6 4 6 14 4 26 28 23 19 15 -19 27 0 5 8 
20 13 2 5 3 3 23 18 9 8 -3 13 18 18 13 19 -22 23 20 22 
15 4 7 24 4 9 8 -1 8 6 4 9 17 9 -10 28 4 14 7 22 
9 3 -17 -5 15 12 3 6 -3 18 -8 -13 2 13 7 13 20 19 5 3 
-12 13 14 16 19 4 17 6 10 7 25 -25 3 -26 -11 2 13 7 16 6 
6 16 7 13 2 -11 -26 3 -25 25 7 10 6 17 4 19 16 14 13 -12 
3 5 19 20 13 7 13 2 -13 -8 18 -3 6 3 12 15 -5 -17 3 9 
22 7 14 4 28 -10 9 17 9 4 6 8 -1 8 9 4 24 7 4 15 
22 20 23 -22 19 13 18 18 13 -3 8 9 18 23 3 3 5 2 13 20 
8 5 0 27 -19 15 19 23 28 26 4 14 6 4 -6 17 4 13 23 23 
-1 -13 9 -25 24 16 4 1 27 16 17 23 13 -22 -10 15 -18 26 -22 20 
6 -20 -15 10 23 -28 -3 8 18 9 15 20 0 -24 -3 10 -22 9 25 15 
24 17 17 20 8 -22 14 9 26 18 -22 17 -2 27 1 15 -24 0 28 -11 
2 7 2 13 0 24 25 13 -7 13 4 -12 1 -13 23 -22 -9 26 25 -3 
-26 10 12 24 11 -5 14 15 22 19 -8 -8 8 -6 -11 28 21 -12 -12 0 
34
7
7 2
0 9
15 8
0 7
1 10
13 7
12 4
12 17
19 10
4 11
19 12
18 9
6 12
7 15
6
8 9 11
16 9 12
16 7 13
11 10 11
3 10 12
3 12 13
40
18 17
6 11
3 16
14 16
9 17
7 3
0 16
8 0
1 3
14 6
9 0
2 18
10 6
10 9
11 0
3 8
11 9
18 0
14 10
19 4
1 2
13 8
16 3
5 3
10 2
12 16
19 3
11 19
18 16
5 13
10 19
17 1
9 13
9 10
8 19
16 11
8 10
1 19
5 9
0 15
