20 20
1 1 0 0 1 -2 -1 2 3 -3 -2 1 0 4 1 2 2 2 1 0 
2 2 -4 1 2 2 0 0 4 4 0 -1 2 -2 1 0 2 1 0 4 
-3 -2 3 -4 -3 -4 -1 2 4 0 4 2 -1 0 1 0 0 -3 3 3 
1 1 4 2 -3 3 -2 2 2 0 0 4 1 1 0 0 -2 0 1 0 
3 -4 1 2 4 -4 0 -4 1 3 3 3 -2 1 0 -3 2 -2 1 3 
2 1 2 -3 4 -3 1 3 3 2 2 4 -1 3 4 4 2 -2 -2 2 
2 4 2 4 -4 3 4 2 0 4 -1 3 3 4 4 2 -4 0 -2 2 
0 1 -4 0 -1 1 4 2 3 3 -1 0 1 0 2 3 0 4 4 -4 
-3 2 1 2 1 4 0 2 2 3 2 -3 4 -2 -3 4 3 0 4 -3 
3 -1 4 3 4 3 1 -2 4 4 2 3 -2 0 3 4 0 4 4 1 
1 4 4 0 4 3 0 -2 3 2 4 4 -2 1 3 4 3 4 -1 3 
-3 4 0 3 4 -3 -2 4 -3 2 3 2 2 0 4 1 2 1 2 -3 
-4 4 4 0 3 2 0 1 0 -1 3 3 2 4 1 -1 0 -4 1 0 
2 -2 0 -4 2 4 4 3 3 -1 4 0 2 4 3 -4 4 2 4 2 
2 -2 -2 2 4 4 3 -1 4 2 2 3 3 1 -3 4 -3 2 1 2 
3 1 -2 2 -3 0 1 -2 3 3 3 1 -4 0 -4 4 2 1 -4 3 
0 1 0 -2 0 0 1 1 4 0 0 2 2 -2 3 -3 2 4 1 1 
3 3 -3 0 0 1 0 -1 2 4 0 4 2 -1 -4 -3 -4 3 -2 -3 
4 0 1 2 0 1 -2 2 -1 0 4 4 0 0 2 2 1 -4 2 2 
0 1 2 2 2 1 4 0 1 -2 -3 3 2 -1 -2 1 0 0 1 1 
48
5
12 18
6 17
3 10
7 15
2 17
7 1
13 2
16 9
12 4
17 2
6
9 0 8
2 13 11
15 16 12
10 19 8
17 6 11
4 3 12
34
16 12
2 18
17 0
18 7
16 15
17 18
10 6
5 17
4 5
18 3
18 9
17 19
13 15
17 3
16 18
10 0
9 10
3 7
17 1
2 19
1 12
3 4
2 1
9 13
14 2
15 14
1 16
1 10
2 0
6 4
2 16
3 1
9 19
10 9
