20 20
0 0 2 3 -2 -2 2 1 -2 -3 2 0 2 0 2 -3 0 0 3 1 
2 1 3 -3 2 3 2 -2 -3 -3 1 3 3 3 -1 0 1 -2 -1 1 
0 2 0 3 3 2 3 3 2 3 -1 -2 -3 1 3 0 3 2 3 2 
-1 1 2 2 1 3 2 0 1 3 3 2 1 2 2 0 1 -2 -1 1 
0 -1 2 2 -2 3 2 2 1 3 3 1 3 3 1 1 1 3 -1 3 
-3 2 2 1 1 2 3 1 -1 0 0 2 0 -2 1 -3 1 0 0 3 
-3 3 -1 3 0 0 2 2 1 2 1 3 -2 1 -2 1 0 1 2 3 
1 1 1 3 3 2 3 1 0 3 2 1 1 -3 1 3 3 2 -2 3 
-3 2 -1 3 -1 -1 3 3 1 -3 2 0 2 0 2 1 1 3 -1 0 
-2 3 -3 3 3 1 1 2 1 0 -1 2 1 1 3 -1 0 1 -1 2 
2 -1 1 0 -1 3 1 1 2 -1 0 1 2 1 1 3 3 -3 3 -2 
0 -1 3 1 1 2 0 2 0 2 -3 1 3 3 -1 -1 3 -1 2 -3 
3 -2 2 3 3 1 -3 1 1 2 3 0 1 3 2 3 3 1 1 1 
3 2 1 0 1 -2 1 -2 3 1 2 1 2 2 0 0 3 -1 3 -3 
3 0 0 1 -3 1 -2 0 2 0 0 -1 1 3 2 1 1 2 2 -3 
3 -1 3 1 1 1 3 3 1 3 3 1 2 2 3 -2 2 2 -1 0 
1 -1 -2 1 0 2 2 1 2 3 3 1 0 2 3 1 2 2 1 -1 
2 3 2 3 0 3 1 -3 -2 -1 3 2 3 3 2 3 3 0 2 0 
1 -1 -2 1 0 -1 3 3 3 1 -3 -3 -2 2 3 2 -3 3 1 2 
1 3 0 0 -3 2 0 2 0 2 -3 -2 1 2 -2 -2 3 2 0 0 
41
3
17 18
16 8
12 6
2 1
3 11
7 13
20
8 19 12
9 17 16
15 18 9
14 7 11
11 12 15
7 5 13
11 3 16
12 2 15
12 9 11
4 17 9
11 0 12
10 2 16
4 1 9
5 12 11
8 7 15
12 14 13
8 16 16
7 17 15
7 10 11
15 2 9
28
0 10
19 14
2 16
10 3
5 7
17 15
12 7
7 9
16 14
18 19
1 12
0 1
19 11
2 13
19 9
0 5
17 3
9 16
14 12
2 4
7 12
12 10
3 5
1 0
18 7
19 18
0 8
17 6
