20 20
3 9 -6 18 7 -14 3 -2 -1 3 13 3 -10 11 11 -16 10 -1 15 15 
4 6 -15 7 11 6 11 9 13 2 -18 13 9 16 18 -2 16 7 18 5 
12 17 7 11 18 8 6 17 9 12 -8 -4 2 18 5 16 -14 15 15 8 
3 15 -7 8 6 0 1 17 17 1 6 -5 4 -5 15 6 15 3 17 18 
-18 0 -4 1 9 1 17 18 8 9 6 0 10 3 7 6 -18 -15 6 4 
-13 9 -6 11 6 7 1 10 11 -16 9 2 2 12 13 3 14 6 15 16 
18 12 -17 15 2 -7 16 10 6 1 -10 11 1 -1 12 13 16 15 2 -5 
-9 2 15 4 8 17 -7 -18 7 8 2 18 17 5 -6 -9 5 12 6 17 
17 15 9 5 17 -18 -16 10 -4 17 18 10 9 -9 -1 6 -9 0 6 17 
18 3 17 15 4 4 14 -9 -15 0 3 -17 -10 8 11 -18 12 2 9 10 
10 9 2 12 -18 11 8 -10 -17 3 0 -15 -9 14 4 4 15 17 3 18 
17 6 0 -9 6 -1 -9 9 10 18 17 -4 10 -16 -18 17 5 9 15 17 
17 6 12 5 -9 -6 5 17 18 2 8 7 -18 -7 17 8 4 15 2 -9 
-5 2 15 16 13 12 -1 1 11 -10 1 6 10 16 -7 2 15 -17 12 18 
16 15 6 14 3 13 12 2 2 9 -16 11 10 1 7 6 11 -6 9 -13 
4 6 -15 -18 6 7 3 10 0 6 9 8 18 17 1 9 1 -4 0 -18 
18 17 3 15 6 15 -5 4 -5 6 1 17 17 1 0 6 8 -7 15 3 
8 15 15 -14 16 5 18 2 -4 -8 12 9 17 6 8 18 11 7 17 12 
5 18 7 16 -2 18 16 9 13 -18 2 13 9 11 6 11 7 -15 6 4 
15 15 -1 10 -16 11 11 -10 3 13 3 -1 -2 3 -14 7 18 -6 9 3 
46
3
4 1
15 8
18 16
15 18
4 11
1 3
18
8 11 16
2 0 11
11 6 16
12 14 16
5 19 16
2 15 12
7 4 8
13 19 16
15 2 11
11 8 16
17 19 11
8 13 16
7 5 16
14 0 16
17 4 12
12 15 8
6 0 16
4 17 11
32
15 1
11 14
11 2
8 7
19 5
5 3
17 12
12 0
5 0
15 19
13 14
16 15
14 13
7 16
8 18
9 3
4 18
8 5
8 17
11 12
0 14
14 16
2 7
7 19
14 19
4 0
6 5
3 4
5 6
12 3
11 1
10 16
