20 20
6 -6 -5 11 -15 3 12 8 -4 -4 -13 10 6 12 2 -14 5 0 2 0 
-15 14 3 13 9 9 4 6 13 10 10 11 4 -6 0 -3 -5 14 -10 15 
11 2 -4 14 1 -1 9 -7 -2 13 -9 2 2 15 0 2 9 12 5 8 
11 6 0 4 10 9 12 9 4 14 3 13 0 -13 2 12 -6 14 -4 0 
-6 2 1 -13 15 7 -14 6 15 -14 2 1 2 11 -1 0 11 5 15 9 
-3 -6 6 13 8 11 3 -12 13 -8 14 -8 5 5 14 6 5 1 -12 8 
-14 8 11 -13 14 -12 8 12 13 1 12 5 10 1 11 11 -8 -5 10 -15 
12 11 7 -7 8 -12 4 12 11 -13 -12 5 5 9 4 9 -1 12 0 14 
-5 3 2 14 2 14 11 8 0 11 3 2 15 -1 8 -12 -11 14 13 2 
-1 -1 12 15 2 9 10 14 11 13 -11 -5 3 -2 9 5 5 12 13 12 
12 13 12 5 5 9 -2 3 -5 -11 13 11 14 10 9 2 15 12 -1 -1 
2 13 14 -11 -12 8 -1 15 2 3 11 0 8 11 14 2 14 2 3 -5 
14 0 12 -1 9 4 9 5 5 -12 -13 11 12 4 -12 8 -7 7 11 12 
-15 10 -5 -8 11 11 1 10 5 12 1 13 12 8 -12 14 -13 11 8 -14 
8 -12 1 5 6 14 5 5 -8 14 -8 13 -12 3 11 8 13 6 -6 -3 
9 15 5 11 0 -1 11 2 1 2 -14 15 6 -14 7 15 -13 1 2 -6 
0 -4 14 -6 12 2 -13 0 13 3 14 4 9 12 9 10 4 0 6 11 
8 5 12 9 2 0 15 2 2 -9 13 -2 -7 9 -1 1 14 -4 2 11 
15 -10 14 -5 -3 0 -6 4 11 10 10 13 6 4 9 9 13 3 14 -15 
0 2 0 5 -14 2 12 6 10 -13 -4 -4 8 12 3 -15 11 -5 -6 6 
51
4
8 7
18 3
13 4
19 5
11 12
1 16
6 15
0 14
6
8 6 8
2 0 13
19 17 15
11 13 8
17 19 13
0 2 15
32
2 16
12 0
6 18
0 18
10 8
10 5
17 10
13 2
15 18
3 12
11 5
15 10
3 14
6 0
2 10
19 14
17 3
7 19
13 1
19 1
9 11
9 14
2 9
6 17
4 1
16 7
8 14
4 9
16 5
13 19
17 9
0 5
