20 20
20 -3 1 -13 5 4 6 19 0 4 -4 3 4 18 10 2 12 0 18 14 
10 -10 13 1 19 21 9 3 11 18 -2 -18 11 8 11 -13 6 0 1 -3 
-6 -16 -13 10 6 8 -13 -4 3 1 -18 18 8 -13 5 15 6 20 7 3 
8 10 8 2 9 13 13 -21 -11 -5 20 -12 6 4 21 3 -8 18 -8 18 
11 13 17 -9 20 17 0 20 -21 8 -12 -5 -21 16 -21 -7 17 -2 1 6 
2 12 5 20 -7 12 9 11 4 1 21 4 3 1 -16 1 1 -13 -5 -12 
-4 -15 9 17 15 0 13 0 -3 15 6 6 11 15 15 -16 3 15 13 16 
20 7 12 1 -2 18 -9 17 8 3 13 7 -16 3 -7 20 -7 0 4 17 
9 4 1 19 7 -1 13 1 -5 -9 4 19 5 4 19 9 12 10 6 -17 
3 10 -1 7 18 6 16 -1 17 12 -3 13 -16 14 6 15 17 16 15 11 
11 15 16 17 15 6 14 -16 13 -3 12 17 -1 16 6 18 7 -1 10 3 
-17 6 10 12 9 19 4 5 19 4 -9 -5 1 13 -1 7 19 1 4 9 
17 4 0 -7 20 -7 3 -16 7 13 3 8 17 -9 18 -2 1 12 7 20 
16 13 15 3 -16 15 15 11 6 6 15 -3 0 13 0 15 17 9 -15 -4 
-12 -5 -13 1 1 -16 1 3 4 21 1 4 11 9 12 -7 20 5 12 2 
6 1 -2 17 -7 -21 16 -21 -5 -12 8 -21 20 0 17 20 -9 17 13 11 
18 -8 18 -8 3 21 4 6 -12 20 -5 -11 -21 13 13 9 2 8 10 8 
3 7 20 6 15 5 -13 8 18 -18 1 3 -4 -13 8 6 10 -13 -16 -6 
-3 1 0 6 -13 11 8 11 -18 -2 18 11 3 9 21 19 1 13 -10 10 
14 18 0 12 2 10 18 4 3 -4 4 0 19 6 4 5 -13 1 -3 20 
41
4
17 4
19 7
15 4
8 9
2 15
0 12
4 15
11 10
18
13 0 14
1 5 13
0 17 13
0 4 15
8 18 13
7 9 16
16 10 12
0 13 10
9 15 9
6 19 14
18 14 13
19 2 13
19 15 15
11 1 13
12 10 16
3 9 12
19 6 10
10 4 9
26
16 11
16 12
2 7
5 8
14 2
10 7
4 1
18 4
5 16
13 17
12 14
6 10
15 8
3 8
3 7
17 12
14 11
5 17
9 12
15 18
1 15
14 3
6 2
7 5
13 9
4 11
