20 20
16 22 20 -24 3 -1 -13 -18 -22 5 23 6 16 6 11 10 24 23 10 25 
-14 9 -14 -5 25 -21 20 5 7 14 -21 16 -7 8 23 6 8 3 10 10 
17 19 6 5 19 4 12 -8 4 6 19 -4 2 6 10 1 24 15 12 3 
-5 -24 23 -15 -21 3 15 1 -6 -15 3 -16 20 -15 18 -3 7 6 -19 5 
23 7 21 16 25 10 -2 4 -10 15 3 24 8 15 5 13 -3 19 -19 10 
2 9 -20 18 -3 13 19 9 10 23 12 -6 -3 -19 6 5 4 -18 -20 13 
21 -3 17 12 20 6 21 20 16 21 9 -10 8 9 -4 19 13 15 21 12 
24 16 3 19 12 -21 16 23 -7 22 -24 10 -7 6 5 17 13 -4 24 2 
9 21 24 1 2 8 10 25 -15 2 9 20 16 1 -19 1 18 -24 5 -5 
23 6 -3 -16 22 0 6 15 25 -11 17 16 14 5 21 1 24 -12 23 18 
18 23 -12 24 1 21 5 14 16 17 -11 25 15 6 0 22 -16 -3 6 23 
-5 5 -24 18 1 -19 1 16 20 9 2 -15 25 10 8 2 1 24 21 9 
2 24 -4 13 17 5 6 -7 10 -24 22 -7 23 16 -21 12 19 3 16 24 
12 21 15 13 19 -4 9 8 -10 9 21 16 20 21 6 20 12 17 -3 21 
13 -20 -18 4 5 6 -19 -3 -6 12 23 10 9 19 13 -3 18 -20 9 2 
10 -19 19 -3 13 5 15 8 24 3 15 -10 4 -2 10 25 16 21 7 23 
5 -19 6 7 -3 18 -15 20 -16 3 -15 -6 1 15 3 -21 -15 23 -24 -5 
3 12 15 24 1 10 6 2 -4 19 6 4 -8 12 4 19 5 6 19 17 
10 10 3 8 6 23 8 -7 16 -21 14 7 5 20 -21 25 -5 -14 9 -14 
25 10 23 24 10 11 6 16 6 23 5 -22 -18 -13 -1 3 -24 20 22 16 
49
5
15 19
16 2
6 3
9 11
3 9
4 0
3 17
13 16
10 8
16 10
12
9 12 13
5 11 13
16 1 10
4 13 9
18 8 8
9 13 10
10 7 13
14 8 13
3 18 10
15 6 9
1 11 8
10 6 10
28
1 0
5 19
15 2
5 18
1 4
11 5
13 0
8 6
0 11
16 15
1 19
7 13
18 5
14 10
18 19
14 0
4 17
14 1
18 15
8 14
6 19
11 13
19 8
3 4
18 0
12 6
1 14
5 9
