20 20
7 3 8 4 5 1 7 -6 8 -7 6 -9 10 8 4 9 3 7 1 9 
1 -3 -6 2 7 6 1 2 2 -1 2 7 -7 10 7 -7 9 2 4 3 
10 1 9 -7 1 4 8 5 -8 3 -4 9 4 0 10 5 2 -5 1 -7 
6 4 -10 -3 10 3 -9 9 -6 10 -5 4 -3 7 9 1 8 6 2 4 
-7 7 9 -3 10 10 9 5 -9 0 1 6 1 2 -9 5 9 2 5 -1 
8 1 9 3 4 -9 9 4 8 3 1 3 10 10 5 10 1 3 2 -2 
10 4 -5 0 0 8 -5 1 9 -2 5 -2 5 6 10 6 8 5 1 -7 
3 -6 8 6 2 5 10 5 2 1 -7 3 8 1 9 2 6 6 3 2 
5 10 8 -6 7 8 -3 2 1 -5 4 9 -7 -3 2 10 10 4 3 9 
-1 6 9 1 3 -3 3 2 8 8 9 3 4 6 6 9 10 6 -1 -7 
-7 -1 6 10 9 6 6 4 3 9 8 8 2 3 -3 3 1 9 6 -1 
9 3 4 10 10 2 -3 -7 9 4 -5 1 2 -3 8 7 -6 8 10 5 
2 3 6 6 2 9 1 8 3 -7 1 2 5 10 5 2 6 8 -6 3 
-7 1 5 8 6 10 6 5 -2 5 -2 9 1 -5 8 0 0 -5 4 10 
-2 2 3 1 10 5 10 10 3 1 3 8 4 9 -9 4 3 9 1 8 
-1 5 2 9 5 -9 2 1 6 1 0 -9 5 9 10 10 -3 9 7 -7 
4 2 6 8 1 9 7 -3 4 -5 10 -6 9 -9 3 10 -3 -10 4 6 
-7 1 -5 2 5 10 0 4 9 -4 3 -8 5 8 4 1 -7 9 1 10 
3 4 2 9 -7 7 10 -7 7 2 -1 2 2 1 6 7 2 -6 -3 1 
9 1 7 3 9 4 8 10 -9 6 -7 8 -6 7 1 5 4 8 3 7 
41
5
1 9
15 5
2 0
1 8
7 16
18 10
4 14
17 19
18 11
12 3
8
11 12 15
17 13 9
2 11 10
0 13 11
8 7 15
2 6 9
17 8 10
19 6 11
28
9 18
2 13
10 19
14 11
7 19
11 6
19 17
15 8
7 6
5 7
0 4
17 12
16 15
16 3
10 1
17 6
9 0
5 8
12 0
8 13
0 2
4 11
12 13
14 12
19 15
2 7
3 4
3 16
