20 20
-11 11 -17 3 18 18 9 20 -13 9 14 13 4 20 16 23 17 -20 6 17 
1 -3 22 8 -14 9 6 1 9 -16 14 -9 -3 -2 0 13 3 4 22 -2 
-3 15 -15 6 12 3 17 -1 -6 -19 3 -1 11 11 -17 -15 1 3 3 12 
-2 15 11 0 18 20 6 8 -15 18 -23 7 -1 17 18 8 -18 -14 21 15 
-18 15 -5 6 -14 -7 15 -10 4 16 18 10 14 19 4 23 4 15 -16 -15 
5 11 22 19 9 21 20 10 5 2 20 14 2 5 -13 9 -23 3 1 22 
-7 19 2 -16 7 -20 -18 19 16 11 6 20 -19 3 14 -13 -12 -21 9 -1 
-7 23 -18 7 15 23 14 9 13 1 17 21 8 -3 16 1 15 15 10 18 
2 -2 -9 18 11 -2 0 15 6 -19 0 -10 19 18 4 22 10 8 9 16 
18 10 19 3 3 -17 13 20 18 21 -12 3 12 16 14 0 -2 19 3 6 
6 3 19 -2 0 14 16 12 3 -12 21 18 20 13 -17 3 3 19 10 18 
16 9 8 10 22 4 18 19 -10 0 -19 6 15 0 -2 11 18 -9 -2 2 
18 10 15 15 1 16 -3 8 21 17 1 13 9 14 23 15 7 -18 23 -7 
-1 9 -21 -12 -13 14 3 -19 20 6 11 16 19 -18 -20 7 -16 2 19 -7 
22 1 3 -23 9 -13 5 2 14 20 2 5 10 20 21 9 19 22 11 5 
-15 -16 15 4 23 4 19 14 10 18 16 4 -10 15 -7 -14 6 -5 15 -18 
15 21 -14 -18 8 18 17 -1 7 -23 18 -15 8 6 20 18 0 11 15 -2 
12 3 3 1 -15 -17 11 11 -1 3 -19 -6 -1 17 3 12 6 -15 15 -3 
-2 22 4 3 13 0 -2 -3 -9 14 -16 9 1 6 9 -14 8 22 -3 1 
17 6 -20 17 23 16 20 4 13 14 9 -13 20 9 18 18 3 -17 11 -11 
35
5
9 7
10 13
11 15
4 18
13 9
10 12
9 6
8 4
15 1
6 10
20
16 18 10
12 16 9
10 2 13
5 2 13
2 6 14
2 16 12
13 5 14
11 13 12
4 8 11
9 13 14
3 1 10
7 3 9
9 17 13
14 17 13
17 13 14
17 3 12
6 14 14
8 6 12
15 11 11
10 6 14
30
12 17
18 2
4 5
14 7
1 11
1 12
9 14
7 13
17 18
4 11
10 17
6 9
2 17
7 4
5 6
7 2
1 17
15 14
5 12
18 8
18 7
10 5
12 6
2 1
15 8
9 2
13 10
17 2
12 15
14 13
