20 20
0 10 -11 2 9 8 -22 17 11 22 -4 11 13 -24 22 10 -15 10 24 17 
5 -5 24 2 18 1 1 -19 6 3 -10 9 20 13 9 -5 -20 9 18 8 
16 15 23 24 2 21 10 -14 4 10 -6 18 5 9 11 24 24 25 -25 10 
7 2 23 13 -23 15 18 13 5 17 12 -21 6 9 17 -1 0 19 -18 18 
13 11 -13 -5 0 0 11 6 10 22 6 16 24 23 9 4 23 -17 24 -20 
20 12 -17 18 14 25 19 -16 -13 16 18 11 1 5 13 17 17 2 22 -21 
3 25 17 12 2 15 -22 19 12 15 5 18 25 19 24 11 21 23 12 2 
12 10 12 5 23 18 17 6 -14 21 10 -9 25 13 17 16 -2 7 8 22 
6 8 15 2 10 1 12 14 12 20 5 -11 21 16 -7 -5 -19 3 -1 3 
8 22 14 -22 19 3 -11 12 22 0 2 22 4 12 -4 5 10 -2 -20 12 
12 -20 -2 10 5 -4 12 4 22 2 0 22 12 -11 3 19 -22 14 22 8 
3 -1 3 -19 -5 -7 16 21 -11 5 20 12 14 12 1 10 2 15 8 6 
22 8 7 -2 16 17 13 25 -9 10 21 -14 6 17 18 23 5 12 10 12 
2 12 23 21 11 24 19 25 18 5 15 12 19 -22 15 2 12 17 25 3 
-21 22 2 17 17 13 5 1 11 18 16 -13 -16 19 25 14 18 -17 12 20 
-20 24 -17 23 4 9 23 24 16 6 22 10 6 11 0 0 -5 -13 11 13 
18 -18 19 0 -1 17 9 6 -21 12 17 5 13 18 15 -23 13 23 2 7 
10 -25 25 24 24 11 9 5 18 -6 10 4 -14 10 21 2 24 23 15 16 
8 18 9 -20 -5 9 13 20 9 -10 3 6 -19 1 1 18 2 24 -5 5 
17 24 10 -15 10 22 -24 13 11 -4 22 11 17 -22 8 9 2 -11 10 0 
45
2
5 4
13 16
14 15
6 3
12
1 18 11
19 15 16
10 12 10
12 8 10
13 18 13
10 3 12
18 1 11
0 4 16
9 7 10
7 11 10
6 1 13
9 16 12
36
17 7
3 11
12 5
10 16
4 12
16 15
9 17
15 6
4 17
3 10
10 14
17 18
9 13
5 3
12 13
0 11
16 0
2 4
2 12
16 8
7 14
9 3
15 7
3 4
10 2
4 13
15 2
16 9
9 5
2 1
10 6
14 16
7 6
19 8
3 19
17 15
