20 20
-18 7 15 -7 -21 4 -15 17 22 30 17 -11 16 2 12 11 9 15 -6 0 
17 2 0 16 30 30 28 30 -19 5 17 15 14 23 -19 16 -27 15 2 -23 
11 2 22 1 -17 1 2 17 -26 19 23 7 -3 -29 1 22 10 -6 11 3 
3 -4 0 19 19 -15 -2 21 28 -13 14 18 4 19 29 8 14 13 9 22 
26 19 -24 15 5 -11 11 22 5 1 -2 22 25 -29 22 -4 11 -4 9 -6 
3 9 7 22 -10 25 25 26 11 0 19 7 5 17 3 2 1 26 23 -3 
3 9 -17 24 12 -5 30 7 -12 21 10 26 14 18 16 15 17 28 -7 30 
27 10 29 -30 28 17 23 -2 7 -26 14 6 6 11 8 -25 11 14 30 -26 
4 -4 17 -25 12 15 24 27 -11 8 -3 19 3 21 3 -21 -2 21 -6 22 
-4 2 -14 2 -7 -14 9 10 20 18 12 -30 -27 29 13 11 -6 21 4 9 
9 4 21 -6 11 13 29 -27 -30 12 18 20 10 9 -14 -7 2 -14 2 -4 
22 -6 21 -2 -21 3 21 3 19 -3 8 -11 27 24 15 12 -25 17 -4 4 
-26 30 14 11 -25 8 11 6 6 14 -26 7 -2 23 17 28 -30 29 10 27 
30 -7 28 17 15 16 18 14 26 10 21 -12 7 30 -5 12 24 -17 9 3 
-3 23 26 1 2 3 17 5 7 19 0 11 26 25 25 -10 22 7 9 3 
-6 9 -4 11 -4 22 -29 25 22 -2 1 5 22 11 -11 5 15 -24 19 26 
22 9 13 14 8 29 19 4 18 14 -13 28 21 -2 -15 19 19 0 -4 3 
3 11 -6 10 22 1 -29 -3 7 23 19 -26 17 2 1 -17 1 22 2 11 
-23 2 15 -27 16 -19 23 14 15 17 5 -19 30 28 30 30 16 0 2 17 
0 -6 15 9 11 12 2 16 -11 17 30 22 17 -15 4 -21 -7 15 7 -18 
54
6
14 5
9 16
16 1
5 0
3 8
18 13
5 14
10 3
3 18
14 19
16 11
1 6
20
19 1 16
5 1 9
19 10 14
17 19 14
12 6 15
12 0 12
1 4 12
16 8 14
1 16 10
19 7 16
0 18 16
14 18 9
0 9 14
2 0 14
7 13 15
7 19 12
18 15 12
3 11 14
18 3 10
0 12 16
38
13 16
16 5
4 8
17 14
0 6
5 16
18 1
7 18
17 4
8 18
14 4
16 14
12 9
5 2
14 1
14 7
4 17
7 9
7 17
6 3
3 14
15 11
2 5
19 13
14 3
1 18
12 1
2 15
11 1
5 15
3 5
7 10
14 17
5 18
5 12
15 2
12 10
12 2
