20 20
-6 4 1 7 4 10 1 11 8 11 10 -8 -1 12 6 10 1 3 4 7 
-2 6 5 12 -1 12 10 10 9 11 0 10 -13 -6 10 -4 9 8 3 7 
10 9 10 1 2 5 7 9 10 3 -8 10 5 5 8 0 3 2 12 -7 
10 12 2 8 2 3 3 -12 -8 6 -4 13 5 -13 2 5 12 13 13 -5 
-5 8 5 -4 12 5 0 12 13 13 7 2 5 3 13 12 11 12 6 6 
12 12 -2 8 9 9 -11 6 -13 2 -6 -7 10 13 10 1 12 1 3 5 
11 5 -5 5 8 -12 9 -6 11 -11 1 4 9 11 13 0 -12 -3 13 9 
6 -1 10 -8 10 4 9 8 7 11 10 6 -2 5 -1 11 -10 7 -10 -8 
13 2 -8 12 8 5 5 -8 5 6 11 5 13 0 12 13 1 5 8 -10 
4 11 10 2 12 4 10 1 5 0 -3 2 3 13 7 -4 -4 -1 10 5 
5 10 -1 -4 -4 7 13 3 2 -3 0 5 1 10 4 12 2 10 11 4 
-10 8 5 1 13 12 0 13 5 11 6 5 -8 5 5 8 12 -8 2 13 
-8 -10 7 -10 11 -1 5 -2 6 10 11 7 8 9 4 10 -8 10 -1 6 
9 13 -3 -12 0 13 11 9 4 1 -11 11 -6 9 -12 8 5 -5 5 11 
5 3 1 12 1 10 13 10 -7 -6 2 -13 6 -11 9 9 8 -2 12 12 
6 6 12 11 12 13 3 5 2 7 13 13 12 0 5 12 -4 5 8 -5 
-5 13 13 12 5 2 -13 5 13 -4 6 -8 -12 3 3 2 8 2 12 10 
-7 12 2 3 0 8 5 5 10 -8 3 10 9 7 5 2 1 10 9 10 
7 3 8 9 -4 10 -6 -13 10 0 11 9 10 10 12 -1 12 5 6 -2 
7 4 3 1 10 6 12 -1 -8 10 11 8 11 1 10 4 7 1 4 -6 
35
7
5 0
14 8
0 8
6 4
9 12
11 6
13 4
14 19
5 11
19 11
13 15
10 7
8 13
6 15
16
11 18 8
9 13 11
16 14 15
5 3 12
13 18 10
15 11 9
0 6 12
14 11 11
8 1 8
10 6 11
3 5 15
14 16 12
6 1 10
4 8 9
19 13 12
5 8 11
36
18 13
11 5
4 9
12 7
9 6
11 0
9 7
14 3
16 1
5 1
19 17
9 16
4 6
12 15
16 15
6 19
12 8
19 6
1 6
8 14
15 10
7 12
10 13
8 19
10 12
5 16
3 18
14 18
0 2
10 3
15 13
7 4
3 4
13 0
7 11
0 13
