20 20
8 -8 9 5 0 5 9 0 1 7 0 3 9 -2 8 3 9 6 -5 0 
-4 3 8 4 -9 5 -4 5 3 3 9 9 -9 4 7 -9 3 -9 5 9 
7 -8 2 5 -2 1 0 6 2 1 -7 0 4 7 -3 3 2 8 -2 4 
3 8 1 1 -8 3 -3 4 1 -8 2 -9 4 -1 1 9 1 -2 4 -1 
9 1 7 9 3 4 2 9 -4 1 1 -2 3 -1 5 4 6 -5 8 8 
2 9 -3 2 7 7 -5 1 9 -7 6 7 6 4 2 1 -8 -4 4 8 
3 5 8 2 -7 7 8 4 -9 1 1 9 2 1 3 7 -1 4 2 9 
9 0 1 -2 -4 5 2 4 6 1 0 -3 7 -4 4 2 -2 1 2 5 
3 6 9 4 1 -3 7 0 0 7 1 5 7 5 7 9 -2 -4 5 9 
6 3 4 0 8 7 -3 8 -1 9 4 0 7 9 7 8 4 0 4 -6 
-6 4 0 4 8 7 9 7 0 4 9 -1 8 -3 7 8 0 4 3 6 
9 5 -4 -2 9 7 5 7 5 1 7 0 0 7 -3 1 4 9 6 3 
5 2 1 -2 2 4 -4 7 -3 0 1 6 4 2 5 -4 -2 1 0 9 
9 2 4 -1 7 3 1 2 9 1 1 -9 4 8 7 -7 2 8 5 3 
8 4 -4 -8 1 2 4 6 7 6 -7 9 1 -5 7 7 2 -3 9 2 
8 8 -5 6 4 5 -1 3 -2 1 1 -4 9 2 4 3 9 7 1 9 
-1 4 -2 1 9 1 -1 4 -9 2 -8 1 4 -3 3 -8 1 1 8 3 
4 -2 8 2 3 -3 7 4 0 -7 1 2 6 0 1 -2 5 2 -8 7 
9 5 -9 3 -9 7 4 -9 9 9 3 3 5 -4 5 -9 4 8 3 -4 
0 -5 6 9 3 8 -2 9 3 0 7 1 0 9 5 0 5 9 -8 8 
41
7
17 1
11 5
8 19
13 14
9 14
4 0
9 13
2 18
8 14
11 0
6 5
10 5
15 19
10 6
8
8 1 8
6 7 9
16 15 10
2 4 14
11 18 8
13 12 9
3 4 10
17 15 14
30
9 18
7 18
17 9
5 9
19 4
4 18
2 14
12 4
5 10
9 1
3 13
9 3
2 16
12 2
9 11
10 1
12 1
2 10
14 10
0 15
15 1
17 5
7 15
14 9
10 18
16 6
10 16
17 3
7 17
10 8
