20 20
15 11 2 13 15 3 1 16 0 15 11 -5 2 16 3 6 -5 12 8 -9 
7 -9 3 12 12 -1 1 16 15 10 8 10 -4 -6 -4 9 2 2 8 14 
-5 13 2 10 15 -2 12 -10 -10 -8 4 -14 1 1 -7 4 -13 5 -14 7 
16 5 1 -16 -8 2 9 13 15 11 8 -13 4 15 -9 10 -9 3 7 -1 
4 10 2 0 4 5 9 12 -8 2 1 10 -11 15 11 1 11 5 -13 7 
1 7 4 -12 1 14 -5 1 16 8 7 1 9 12 9 5 8 -4 -4 2 
0 3 3 13 10 9 13 8 -13 -9 8 -4 -15 6 11 16 7 8 12 15 
-9 -14 9 12 4 -5 0 -8 11 14 14 -4 15 16 13 -1 -8 -5 7 6 
6 1 14 16 1 -12 -4 16 -15 4 10 15 6 2 7 5 4 15 2 14 
9 10 11 15 -5 -14 13 10 4 12 -13 -4 3 -9 7 5 16 -9 5 5 
5 5 -9 16 5 7 -9 3 -4 -13 12 4 10 13 -14 -5 15 11 10 9 
14 2 15 4 5 7 2 6 15 10 4 -15 16 -4 -12 1 16 14 1 6 
6 7 -5 -8 -1 13 16 15 -4 14 14 11 -8 0 -5 4 12 9 -14 -9 
15 12 8 7 16 11 6 -15 -4 8 -9 -13 8 13 9 10 13 3 3 0 
2 -4 -4 8 5 9 12 9 1 7 8 16 1 -5 14 1 -12 4 7 1 
7 -13 5 11 1 11 15 -11 10 1 2 -8 12 9 5 4 0 2 10 4 
-1 7 3 -9 10 -9 15 4 -13 8 11 15 13 9 2 -8 -16 1 5 16 
7 -14 5 -13 4 -7 1 1 -14 4 -8 -10 -10 12 -2 15 10 2 13 -5 
14 8 2 2 9 -4 -6 -4 10 8 10 15 16 1 -1 12 12 3 -9 7 
-9 8 12 -5 6 3 16 2 -5 11 15 0 16 1 3 15 13 2 11 15 
58
8
4 7
16 19
11 9
9 11
6 2
15 14
14 0
7 14
15 12
3 0
8 10
10 8
13 17
4 5
5 19
12 5
10
5 12 14
3 8 14
4 17 14
6 14 14
13 6 16
14 7 14
16 11 14
15 2 14
13 5 14
6 13 16
32
3 5
7 15
1 9
17 8
15 19
13 7
0 8
4 12
19 13
13 10
18 15
9 3
5 10
14 18
6 16
9 8
16 14
12 4
18 10
2 11
4 0
6 12
19 11
15 7
0 6
6 9
1 4
10 16
14 9
5 1
13 3
10 11
