20 20
2 5 6 -3 2 4 6 0 5 2 4 1 0 3 6 2 6 0 6 -2 
-1 -2 5 1 -4 2 4 1 6 -6 6 -5 5 3 -1 2 -6 4 6 4 
0 4 0 -4 0 3 6 1 0 -3 -2 0 3 2 -3 1 0 5 2 1 
1 0 6 3 2 4 -6 5 4 4 5 3 -1 5 -1 -5 5 1 6 6 
5 0 -6 0 1 -6 1 5 4 -1 0 6 1 4 3 4 -3 -1 -1 3 
2 -4 1 -5 1 3 4 6 2 1 4 2 2 2 -4 6 -3 -4 5 3 
2 1 4 6 1 -5 2 3 -3 6 -5 2 1 3 1 -6 1 -3 -3 -1 
4 -3 6 -3 1 -3 5 -1 -6 5 5 2 2 2 6 3 3 1 1 -6 
-1 -6 -1 1 4 4 4 2 5 -6 1 5 -1 -3 -6 3 3 6 4 -6 
5 1 -3 2 6 6 -5 2 3 -3 -1 6 6 3 3 2 5 6 -5 -5 
-5 -5 6 5 2 3 3 6 6 -1 -3 3 2 -5 6 6 2 -3 1 5 
-6 4 6 3 3 -6 -3 -1 5 1 -6 5 2 4 4 4 1 -1 -6 -1 
-6 1 1 3 3 6 2 2 2 5 5 -6 -1 5 -3 1 -3 6 -3 4 
-1 -3 -3 1 -6 1 3 1 2 -5 6 -3 3 2 -5 1 6 4 1 2 
3 5 -4 -3 6 -4 2 2 2 4 1 2 6 4 3 1 -5 1 -4 2 
3 -1 -1 -3 4 3 4 1 6 0 -1 4 5 1 -6 1 0 -6 0 5 
6 6 1 5 -5 -1 5 -1 3 5 4 4 5 -6 4 2 3 6 0 1 
1 2 5 0 1 -3 2 3 0 -2 -3 0 1 6 3 0 -4 0 4 0 
4 6 4 -6 2 -1 3 5 -5 6 -6 6 1 4 2 -4 1 5 -2 -1 
-2 6 0 6 2 6 3 0 1 4 2 5 0 6 4 2 -3 6 5 2 
60
2
9 10
12 6
10 9
7 13
20
8 10 15
3 11 8
13 2 15
3 19 14
3 13 16
9 5 12
6 10 9
4 9 12
5 0 16
15 2 12
11 9 15
16 8 8
6 17 15
16 0 14
16 6 16
10 14 12
13 9 9
15 10 12
14 19 16
4 17 12
36
3 4
17 16
1 12
3 9
16 17
4 19
6 15
3 18
4 3
2 12
19 16
15 19
2 6
0 4
10 15
19 5
15 9
1 13
16 15
2 3
18 7
16 10
3 2
15 0
13 4
16 1
15 16
17 7
0 3
4 0
17 13
19 15
9 4
0 14
4 10
18 6
