20 20
-2 2 2 -2 0 3 5 4 -5 3 -3 6 6 0 -4 4 0 -5 6 -1 
5 2 1 -5 2 2 -6 4 5 5 3 6 -3 5 4 3 1 0 4 1 
-2 4 -4 -5 2 6 6 2 3 5 -1 6 3 5 -1 -3 6 2 0 2 
-1 5 6 -3 5 5 4 -3 2 4 1 5 -5 5 1 -4 2 6 1 6 
2 1 5 0 1 -6 -5 -3 -3 -4 6 -4 5 5 -3 3 4 -3 3 4 
2 -1 2 2 1 0 -5 2 5 5 -3 2 6 2 -5 1 5 2 -3 2 
0 3 3 2 0 2 -6 1 0 3 4 0 3 -4 -4 -4 6 5 0 -6 
-3 6 5 0 4 1 -6 -6 2 -3 3 2 3 5 -6 5 0 -1 5 2 
-1 -3 4 2 3 5 1 2 2 3 3 4 4 3 2 1 6 3 3 3 
3 -1 0 -5 -2 -5 -1 5 4 1 2 0 -2 3 -5 2 0 5 0 1 
1 0 5 0 2 -5 3 -2 0 2 1 4 5 -1 -5 -2 -5 0 -1 3 
3 3 3 6 1 2 3 4 4 3 3 2 2 1 5 3 2 4 -3 -1 
2 5 -1 0 5 -6 5 3 2 3 -3 2 -6 -6 1 4 0 5 6 -3 
-6 0 5 6 -4 -4 -4 3 0 4 3 0 1 -6 2 0 2 3 3 0 
2 -3 2 5 1 -5 2 6 2 -3 5 5 2 -5 0 1 2 2 -1 2 
4 3 -3 4 3 -3 5 5 -4 6 -4 -3 -3 -5 -6 1 0 5 1 2 
6 1 6 2 -4 1 5 -5 5 1 4 2 -3 4 5 5 -3 6 5 -1 
2 0 2 6 -3 -1 5 3 6 -1 5 3 2 6 6 2 -5 -4 4 -2 
1 4 0 1 3 4 5 -3 6 3 5 5 4 -6 2 2 -5 1 2 5 
-1 6 -5 0 4 -4 0 6 6 -3 3 -5 4 5 3 0 -2 2 2 -2 
39
2
17 10
10 14
2 9
9 5
14
1 7 15
13 8 9
12 3 15
17 15 9
7 10 13
10 17 10
17 12 13
18 12 15
6 11 9
7 16 15
2 4 9
12 9 13
9 2 10
2 7 13
38
8 5
6 3
0 17
7 2
10 9
0 13
14 0
9 17
13 7
16 6
7 19
5 9
0 8
14 19
14 15
11 0
15 11
6 2
9 4
11 14
13 16
19 2
12 17
9 10
19 6
5 19
10 2
6 12
3 13
12 0
14 10
19 11
5 0
5 4
8 19
4 8
13 17
10 15
