20 20
7 12 3 -5 16 9 14 11 11 12 -16 -13 9 -7 7 -2 11 2 10 -16 
17 0 2 -10 6 12 14 2 0 0 7 4 8 16 -11 -6 4 16 -3 10 
3 8 2 17 16 4 7 7 -8 11 16 -2 7 -15 -6 2 -14 16 16 -2 
13 7 -6 4 -6 1 14 10 14 -14 3 -5 -5 2 1 4 -1 -9 -15 15 
-3 -13 3 5 1 8 -10 3 0 11 -9 6 -1 13 7 -4 12 2 6 12 
13 9 13 -4 12 15 5 4 16 10 8 4 12 15 12 -12 -5 -15 -13 8 
1 6 -12 11 -3 -4 7 -5 9 -15 16 -15 -4 -2 9 5 16 15 -13 8 
-17 2 12 15 -7 2 4 -6 8 3 -6 -12 5 17 -11 17 1 3 14 10 
14 -15 5 8 -2 10 14 -1 11 -10 3 7 -1 -5 10 8 7 7 5 10 
8 16 13 -15 -13 -1 -15 5 9 3 -15 13 -6 4 15 15 -2 -16 15 12 
12 15 -16 -2 15 15 4 -6 13 -15 3 9 5 -15 -1 -13 -15 13 16 8 
10 5 7 7 8 10 -5 -1 7 3 -10 11 -1 14 10 -2 8 5 -15 14 
10 14 3 1 17 -11 17 5 -12 -6 3 8 -6 4 2 -7 15 12 2 -17 
8 -13 15 16 5 9 -2 -4 -15 16 -15 9 -5 7 -4 -3 11 -12 6 1 
8 -13 -15 -5 -12 12 15 12 4 8 10 16 4 5 15 12 -4 13 9 13 
12 6 2 12 -4 7 13 -1 6 -9 11 0 3 -10 8 1 5 3 -13 -3 
15 -15 -9 -1 4 1 2 -5 -5 3 -14 14 10 14 1 -6 4 -6 7 13 
-2 16 16 -14 2 -6 -15 7 -2 16 11 -8 7 7 4 16 17 2 8 3 
10 -3 16 4 -6 -11 16 8 4 7 0 0 2 14 12 6 -10 2 0 17 
-16 10 2 11 -2 7 -7 9 -13 -16 12 11 11 14 9 16 -5 3 12 7 
50
7
10 18
14 9
9 16
18 11
12 10
4 12
2 6
9 1
5 10
10 3
1 8
7 9
15 7
17 13
16
4 11 14
13 1 10
10 7 8
9 4 14
8 5 14
12 4 15
7 4 12
0 11 16
15 8 14
6 18 10
9 12 8
10 15 14
11 14 14
7 15 15
12 15 12
19 8 16
34
0 17
19 13
13 14
10 0
11 18
7 16
11 7
4 17
7 11
5 11
18 6
0 16
7 0
17 4
0 2
12 2
0 5
19 2
0 6
6 5
9 19
8 1
12 3
8 12
15 2
12 8
14 8
1 13
19 3
12 19
2 15
19 17
7 17
19 14
