20 20
-2 -3 2 -5 2 -4 -4 -4 1 -5 2 4 4 4 -4 3 2 0 2 1 
-4 2 0 2 -1 5 5 4 4 -5 3 3 2 4 5 0 -1 4 2 -3 
2 -3 1 1 3 2 1 0 -4 4 3 5 3 2 3 0 0 5 1 3 
3 -3 1 4 3 3 -3 4 -3 4 4 4 5 4 -5 3 3 -4 3 3 
1 5 5 1 4 -2 5 2 1 -4 3 1 3 -3 2 0 3 -2 -2 4 
3 0 1 0 5 2 1 3 1 -2 -1 1 2 -4 0 4 2 -5 5 -2 
1 3 -3 3 0 2 0 -2 2 -3 0 2 -5 2 -3 1 3 5 2 3 
1 0 0 1 2 -5 -1 -4 0 5 2 4 -3 -4 2 2 5 3 5 3 
5 -2 2 1 -5 1 -4 2 1 4 2 -3 -3 3 2 -4 3 -4 3 5 
-3 1 3 5 4 -3 -1 3 2 1 3 -4 2 3 2 -4 3 3 -5 1 
1 -5 3 3 -4 2 3 2 -4 3 1 2 3 -1 -3 4 5 3 1 -3 
5 3 -4 3 -4 2 3 -3 -3 2 4 1 2 -4 1 -5 1 2 -2 5 
3 5 3 5 2 2 -4 -3 4 2 5 0 -4 -1 -5 2 1 0 0 1 
3 2 5 3 1 -3 2 -5 2 0 -3 2 -2 0 2 0 3 -3 3 1 
-2 5 -5 2 4 0 -4 2 1 -1 -2 1 3 1 2 5 0 1 0 3 
4 -2 -2 3 0 2 -3 3 1 3 -4 1 2 5 -2 4 1 5 5 1 
3 3 -4 3 3 -5 4 5 4 4 4 -3 4 -3 3 3 4 1 -3 3 
3 1 5 0 0 3 2 3 5 3 4 -4 0 1 2 3 1 1 -3 2 
-3 2 4 -1 0 5 4 2 3 3 -5 4 4 5 5 -1 2 0 2 -4 
1 2 0 2 3 -4 4 4 4 2 -5 1 -4 -4 -4 2 -5 2 -3 -2 
50
6
3 9
10 4
15 5
19 15
1 19
7 4
16 10
9 15
4 14
0 4
18 0
12 15
18
5 4 12
4 6 14
7 16 10
0 3 13
16 6 11
7 8 11
11 2 15
19 1 15
4 13 11
14 15 12
15 13 14
12 3 10
19 16 13
3 13 11
12 11 11
8 17 15
0 18 15
15 6 11
40
11 15
17 6
14 9
2 18
11 12
16 7
0 14
11 7
9 4
17 16
6 8
5 6
13 0
3 8
4 9
2 4
5 1
10 8
16 2
12 4
8 4
2 13
5 10
17 1
8 7
3 12
19 5
8 12
10 15
2 3
13 11
14 13
6 19
16 11
15 10
17 15
14 18
9 11
3 17
7 15
