20 20
2 3 1 0 1 -1 2 1 2 -2 -3 1 2 2 3 3 1 3 3 0 
1 -1 3 1 -2 3 1 0 3 3 1 -2 -1 0 3 1 3 1 0 3 
1 2 1 3 0 -3 -3 3 3 2 3 -2 2 2 1 1 0 2 2 2 
2 3 -1 1 -3 -3 2 3 0 3 2 -1 -3 2 2 -3 1 -3 -2 3 
2 0 2 2 1 3 1 3 -3 1 3 3 2 1 2 1 0 0 3 2 
1 1 3 0 3 1 2 1 2 2 0 3 3 1 -3 0 3 -3 0 3 
1 0 2 1 3 0 -2 2 1 3 -2 2 1 -3 1 2 0 2 3 1 
-3 -2 2 1 2 2 -3 1 3 1 0 2 0 3 3 3 3 3 2 3 
-3 -1 -1 0 -1 0 0 3 -1 -2 -2 2 0 0 1 2 0 0 -3 2 
3 -1 1 1 2 2 -2 3 2 1 1 3 2 2 2 -1 0 3 2 3 
3 2 3 0 -1 2 2 2 3 1 1 2 3 -2 2 2 1 1 -1 3 
2 -3 0 0 2 1 0 0 2 -2 -2 -1 3 0 0 -1 0 -1 -1 -3 
3 2 3 3 3 3 3 0 2 0 1 3 1 -3 2 2 1 2 -2 -3 
1 3 2 0 2 1 -3 1 2 -2 3 1 2 -2 0 3 1 2 0 1 
3 0 -3 3 0 -3 1 3 3 0 2 2 1 2 1 3 0 3 1 1 
2 3 0 0 1 2 1 2 3 3 1 -3 3 1 3 1 2 2 0 2 
3 -2 -3 1 -3 2 2 -3 -1 2 3 0 3 2 -3 -3 1 -1 3 2 
2 2 2 0 1 1 2 2 -2 3 2 3 3 -3 -3 0 3 1 2 1 
3 0 1 3 1 3 0 -1 -2 1 3 3 0 1 3 -2 1 3 -1 1 
0 3 3 1 3 3 2 2 1 -3 -2 2 1 2 -1 1 0 1 3 2 
36
5
14 6
3 12
12 3
17 8
12 15
5 13
16 7
7 16
2 11
7 4
8
18 11 8
11 6 16
7 3 9
10 14 8
1 8 8
8 13 16
12 16 9
9 5 8
28
13 8
0 16
11 5
17 6
5 4
19 5
0 11
9 15
13 7
9 6
5 19
10 3
15 19
15 4
6 11
19 3
8 14
2 13
14 15
0 14
19 8
10 4
6 12
10 13
14 0
9 16
4 0
4 15
