20 20
16 12 -12 -8 10 15 -2 -4 3 -1 9 7 -3 16 6 -6 12 4 11 13 
6 11 15 18 3 6 14 6 5 3 14 11 12 14 7 7 17 6 18 2 
-3 -8 17 9 1 -16 15 -18 6 2 16 18 3 -10 15 17 14 6 5 17 
4 8 14 -16 8 11 8 17 -17 13 11 2 -1 16 9 11 15 -8 13 -11 
-10 9 9 12 17 0 8 11 3 17 6 17 1 -4 18 16 7 -18 -14 17 
11 8 4 18 3 -14 -13 3 13 16 -11 13 4 3 4 18 14 5 -6 1 
18 6 -13 9 14 -6 -10 -1 -8 9 18 9 2 15 -18 18 18 12 12 0 
13 11 12 4 5 7 3 -3 4 -14 4 15 16 7 2 7 -6 -1 17 15 
2 18 -14 11 5 -16 9 2 -18 -14 0 12 2 -11 -4 18 -1 8 17 -1 
6 -13 12 14 -13 5 6 3 -5 1 11 10 14 4 -9 17 -14 18 10 -3 
-3 10 18 -14 17 -9 4 14 10 11 1 -5 3 6 5 -13 14 12 -13 6 
-1 17 8 -1 18 -4 -11 2 12 0 -14 -18 2 9 -16 5 11 -14 18 2 
15 17 -1 -6 7 2 7 16 15 4 -14 4 -3 3 7 5 4 12 11 13 
0 12 12 18 18 -18 15 2 9 18 9 -8 -1 -10 -6 14 9 -13 6 18 
1 -6 5 14 18 4 3 4 13 -11 16 13 3 -13 -14 3 18 4 8 11 
17 -14 -18 7 16 18 -4 1 17 6 17 3 11 8 0 17 12 9 9 -10 
-11 13 -8 15 11 9 16 -1 2 11 13 -17 17 8 11 8 -16 14 8 4 
17 5 6 14 17 15 -10 3 18 16 2 6 -18 15 -16 1 9 17 -8 -3 
2 18 6 17 7 7 14 12 11 14 3 5 6 14 6 3 18 15 11 6 
13 11 4 12 -6 6 16 -3 7 9 -1 3 -4 -2 15 10 -8 -12 12 16 
56
6
8 9
2 3
6 10
15 11
4 0
5 15
11 10
17 16
13 9
4 8
15 19
14 4
16
8 7 12
0 17 8
9 8 13
7 8 9
18 11 16
4 2 15
14 10 11
0 9 10
11 12 12
19 2 8
10 11 13
12 11 9
1 8 16
15 17 15
5 9 11
19 10 10
28
2 16
10 6
7 4
11 13
11 19
4 18
8 12
16 18
9 3
19 7
0 18
10 15
6 7
11 17
17 3
9 13
12 15
8 6
8 0
15 1
11 7
3 1
10 16
0 12
19 1
9 4
13 12
8 2
