20 20
4 -8 8 3 -4 -1 2 -13 12 12 -3 4 12 8 2 -6 13 -11 2 9 
12 11 4 13 1 1 2 7 6 -3 10 11 2 3 -9 6 4 -1 3 -2 
11 4 -12 -4 5 1 13 0 6 8 3 8 -9 -1 -4 -10 -3 12 -2 0 
6 5 -13 3 8 4 12 -3 11 0 -6 -1 4 12 3 -11 4 3 -12 10 
-11 7 11 -9 0 12 6 -10 6 -9 0 8 11 -9 -9 1 13 3 7 3 
13 -5 3 10 10 9 -8 11 -6 -1 -3 7 6 10 13 2 6 7 5 6 
5 11 -12 -8 5 -8 5 4 2 -13 9 13 -3 -1 -4 10 -13 2 11 10 
13 1 9 -3 1 6 11 5 2 12 8 11 6 6 0 11 13 10 8 -13 
-8 8 3 2 -13 13 7 1 6 6 -9 7 10 3 6 3 -1 -11 -8 2 
12 -8 10 -6 12 12 -5 7 -5 -7 7 6 -10 -9 9 -1 4 13 10 11 
11 10 13 4 -1 9 -9 -10 6 7 -7 -5 7 -5 12 12 -6 10 -8 12 
2 -8 -11 -1 3 6 3 10 7 -9 6 6 1 7 13 -13 2 3 8 -8 
-13 8 10 13 11 0 6 6 11 8 12 2 5 11 6 1 -3 9 1 13 
10 11 2 -13 10 -4 -1 -3 13 9 -13 2 4 5 -8 5 -8 -12 11 5 
6 5 7 6 2 13 10 6 7 -3 -1 -6 11 -8 9 10 10 3 -5 13 
3 7 3 13 1 -9 -9 11 8 0 -9 6 -10 6 12 0 -9 11 7 -11 
10 -12 3 4 -11 3 12 4 -1 -6 0 11 -3 12 4 8 3 -13 5 6 
0 -2 12 -3 -10 -4 -1 -9 8 3 8 6 0 13 1 5 -4 -12 4 11 
-2 3 -1 4 6 -9 3 2 11 10 -3 6 7 2 1 1 13 4 11 12 
9 2 -11 13 -6 2 8 12 4 -3 12 12 -13 2 -1 -4 3 8 -8 4 
35
5
18 13
5 8
15 1
0 10
13 19
1 6
14 11
4 18
19 9
6 0
10
13 2 14
19 13 14
4 2 13
14 8 16
10 19 14
6 17 14
0 6 14
15 17 13
5 11 16
9 0 14
40
2 9
11 12
12 8
16 2
15 14
19 17
5 10
5 17
12 3
11 3
12 13
12 17
16 7
9 7
5 6
0 13
10 3
13 18
19 4
16 9
17 10
8 7
7 11
3 17
4 5
0 2
14 9
14 2
7 16
8 16
7 6
7 2
3 12
10 12
14 13
19 6
9 16
6 1
0 15
3 10
