20 20
-27 2 21 14 25 11 18 0 -14 11 -15 -5 24 -4 25 -14 -12 5 3 20 
2 5 6 -18 27 10 22 -23 -10 -7 3 -25 -27 18 12 -13 9 22 23 15 
11 4 6 13 16 23 10 -13 -11 12 11 14 26 4 4 20 9 -22 -18 17 
12 12 8 10 14 3 22 4 -18 -25 27 12 10 27 -23 9 25 22 -1 3 
17 13 7 15 19 16 25 6 -19 7 7 2 17 8 9 21 14 7 9 5 
-4 -18 24 -11 4 18 -22 10 12 21 -21 20 26 7 -1 16 -7 3 18 8 
15 3 27 -22 15 7 -27 14 21 -2 14 25 24 -12 7 -4 -8 19 23 6 
25 14 12 -13 22 -10 -23 -23 -11 27 10 23 -14 -26 20 5 4 -17 1 18 
-12 22 21 1 -4 24 0 1 8 -9 14 -5 22 23 26 -9 5 -11 7 7 
-13 15 13 -26 -14 20 -17 9 17 0 22 -16 6 25 -15 3 7 -11 27 25 
25 27 -11 7 3 -15 25 6 -16 22 0 17 9 -17 20 -14 -26 13 15 -13 
7 7 -11 5 -9 26 23 22 -5 14 -9 8 1 0 24 -4 1 21 22 -12 
18 1 -17 4 5 20 -26 -14 23 10 27 -11 -23 -23 -10 22 -13 12 14 25 
6 23 19 -8 -4 7 -12 24 25 14 -2 21 14 -27 7 15 -22 27 3 15 
8 18 3 -7 16 -1 7 26 20 -21 21 12 10 -22 18 4 -11 24 -18 -4 
5 9 7 14 21 9 8 17 2 7 7 -19 6 25 16 19 15 7 13 17 
3 -1 22 25 9 -23 27 10 12 27 -25 -18 4 22 3 14 10 8 12 12 
17 -18 -22 9 20 4 4 26 14 11 12 -11 -13 10 23 16 13 6 4 11 
15 23 22 9 -13 12 18 -27 -25 3 -7 -10 -23 22 10 27 -18 6 5 2 
20 3 5 -12 -14 25 -4 24 -5 -15 11 -14 0 18 11 25 14 21 2 -27 
51
2
7 16
18 2
12 3
1 17
6
6 9 10
12 7 10
15 17 10
13 10 10
7 12 10
4 2 10
40
17 18
2 18
13 5
8 5
6 3
6 8
15 6
11 3
19 10
13 2
1 12
2 7
3 2
9 3
4 16
19 3
16 2
16 4
5 0
2 10
2 1
17 1
6 14
11 14
13 16
13 11
4 13
8 16
0 9
6 17
18 7
17 12
16 17
10 16
15 3
0 16
3 17
3 15
14 19
17 9
