20 20
-5 3 0 -3 4 1 2 4 -4 1 3 -2 3 1 1 -4 4 5 2 5 
-3 4 -5 -2 5 3 0 5 -1 2 -2 2 5 -3 4 1 3 -5 3 3 
2 5 3 1 3 5 2 2 -2 -3 0 5 -3 2 -1 -2 2 1 -4 0 
4 0 3 1 2 4 -4 4 5 1 3 -1 5 5 -1 4 -5 4 -2 4 
1 1 -4 2 -4 5 2 1 -4 3 1 5 4 -4 3 0 5 1 0 3 
1 4 3 0 4 0 1 0 3 2 0 1 1 4 4 3 -5 5 2 3 
3 -4 4 1 3 5 2 4 3 3 -4 5 4 -4 3 4 2 -2 4 0 
-3 -3 1 4 1 -3 2 5 4 -3 -1 2 0 0 4 0 4 2 3 -5 
2 3 5 0 4 2 -5 4 2 2 3 -3 -3 5 0 5 -1 5 -3 4 
-3 1 4 3 3 2 5 0 3 4 3 4 3 3 3 4 3 2 -3 -4 
-4 -3 2 3 4 3 3 3 4 3 4 3 0 5 2 3 3 4 1 -3 
4 -3 5 -1 5 0 5 -3 -3 3 2 2 4 -5 2 4 0 5 3 2 
-5 3 2 4 0 4 0 0 2 -1 -3 4 5 2 -3 1 4 1 -3 -3 
0 4 -2 2 4 3 -4 4 5 -4 3 3 4 2 5 3 1 4 -4 3 
3 2 5 -5 3 4 4 1 1 0 2 3 0 1 0 4 0 3 4 1 
3 0 1 5 0 3 -4 4 5 1 3 -4 1 2 5 -4 2 -4 1 1 
4 -2 4 -5 4 -1 5 5 -1 3 1 5 4 -4 4 2 1 3 0 4 
0 -4 1 2 -2 -1 2 -3 5 0 -3 -2 2 2 5 3 1 3 5 2 
3 3 -5 3 1 4 -3 5 2 -2 2 -1 5 0 3 5 -2 -5 4 -3 
5 2 5 4 -4 1 1 3 -2 3 1 -4 4 2 1 4 -3 0 3 -5 
32
5
5 17
6 18
11 9
17 2
7 18
14 2
13 1
8 10
2 17
12 1
18
17 14 11
8 9 12
14 13 8
3 11 8
13 7 9
11 19 8
1 11 11
17 15 10
18 13 11
2 5 11
11 10 12
5 6 8
16 8 8
6 12 9
8 0 8
18 8 11
2 4 10
1 6 11
26
8 7
16 7
9 10
6 16
10 11
13 17
11 1
4 2
8 17
11 17
2 16
3 5
11 0
11 12
3 12
10 9
13 3
9 8
6 2
8 18
15 17
11 2
8 2
17 3
16 14
8 19
