20 20
-1 4 -1 2 3 4 -3 1 0 1 -1 4 0 -4 4 4 1 1 4 -2 
0 3 2 3 1 -4 0 3 -4 4 1 3 4 1 1 2 3 3 4 0 
-3 -2 3 0 1 -3 -4 3 0 4 -3 -4 0 2 1 0 2 2 4 -3 
4 -3 -3 1 1 2 0 4 4 4 1 -4 -2 3 -4 0 3 -3 1 2 
2 3 1 -4 2 1 2 1 -1 -2 -3 3 0 2 0 3 -4 1 3 3 
0 4 0 0 2 1 -1 0 3 2 4 0 3 1 2 1 1 3 2 2 
2 2 4 2 -4 4 -3 3 -1 2 -4 4 1 -1 2 1 -3 3 4 2 
4 1 3 3 0 1 4 0 -1 2 0 0 4 0 2 -1 1 -2 1 2 
4 0 4 0 3 3 4 4 -2 2 2 4 0 1 2 3 1 0 1 1 
0 4 4 1 3 2 1 1 3 2 2 1 0 2 4 3 4 3 3 -4 
-4 3 3 4 3 4 2 0 1 2 2 3 1 1 2 3 1 4 4 0 
1 1 0 1 3 2 1 0 4 2 2 -2 4 4 3 3 0 4 0 4 
2 1 -2 1 -1 2 0 4 0 0 2 -1 0 4 1 0 3 3 1 4 
2 4 3 -3 1 2 -1 1 4 -4 2 -1 3 -3 4 -4 2 4 2 2 
2 2 3 1 1 2 1 3 0 4 2 3 0 -1 1 2 0 0 4 0 
3 3 1 -4 3 0 2 0 3 -3 -2 -1 1 2 1 2 -4 1 3 2 
2 1 -3 3 0 -4 3 -2 -4 1 4 4 4 0 2 1 1 -3 -3 4 
-3 4 2 2 0 1 2 0 -4 -3 4 0 3 -4 -3 1 0 3 -2 -3 
0 4 3 3 2 1 1 4 3 1 4 -4 3 0 -4 1 3 2 3 0 
-2 4 1 1 4 4 -4 0 4 -1 1 0 1 -3 4 3 2 -1 4 -1 
33
2
19 11
4 13
0 8
15 6
20
19 7 9
12 8 12
12 5 9
11 19 9
12 13 11
10 15 13
4 17 9
5 15 13
16 5 15
1 8 12
0 12 9
7 11 12
7 14 9
8 0 9
7 6 11
9 4 13
15 2 9
14 4 13
3 14 15
18 11 12
38
3 9
15 7
19 16
14 6
6 16
12 18
2 6
18 10
10 6
10 2
19 15
9 3
16 6
9 11
15 12
5 10
6 5
18 7
1 5
16 10
4 12
0 3
5 13
13 3
7 1
17 13
1 9
9 13
9 17
0 4
10 16
3 13
10 8
4 7
14 9
13 14
1 12
18 14
