20 20
7 9 0 4 4 16 -10 11 5 -15 -5 13 15 12 0 1 5 3 10 17 
-16 16 15 -17 10 7 14 -14 3 9 14 9 -8 -3 13 -14 11 7 10 17 
13 -8 6 13 12 9 5 -16 1 -4 2 -12 -1 -16 13 7 16 16 -1 5 
10 14 15 8 -8 11 6 5 -2 10 7 -10 3 11 2 7 13 10 -8 6 
5 1 10 12 11 -3 1 -3 10 -10 0 -3 13 -12 5 5 16 10 6 1 
15 8 8 -3 12 11 1 -13 6 -2 9 13 8 10 13 10 16 8 14 17 
13 17 -14 15 2 -16 12 -14 -17 -2 8 14 -13 11 11 1 4 9 -1 12 
3 13 10 -6 16 3 13 -14 6 11 4 17 14 -10 14 4 16 7 11 5 
12 7 11 -3 12 13 -11 -7 8 11 1 3 17 4 7 13 17 -10 4 -6 
6 -8 -16 17 -4 -1 3 3 -9 3 9 5 -2 5 7 -4 11 8 6 12 
12 6 8 11 -4 7 5 -2 5 9 3 -9 3 3 -1 -4 17 -16 -8 6 
-6 4 -10 17 13 7 4 17 3 1 11 8 -7 -11 13 12 -3 11 7 12 
5 11 7 16 4 14 -10 14 17 4 11 6 -14 13 3 16 -6 10 13 3 
12 -1 9 4 1 11 11 -13 14 8 -2 -17 -14 12 -16 2 15 -14 17 13 
17 14 8 16 10 13 10 8 13 9 -2 6 -13 1 11 12 -3 8 8 15 
1 6 10 16 5 5 -12 13 -3 0 -10 10 -3 1 -3 11 12 10 1 5 
6 -8 10 13 7 2 11 3 -10 7 10 -2 5 6 11 -8 8 15 14 10 
5 -1 16 16 7 13 -16 -1 -12 2 -4 1 -16 5 9 12 13 6 -8 13 
17 10 7 11 -14 13 -3 -8 9 14 9 3 -14 14 7 10 -17 15 16 -16 
17 10 3 5 1 0 12 15 13 -5 -15 5 11 -10 16 4 4 0 9 7 
34
8
6 4
12 2
0 4
12 4
18 9
11 17
15 4
7 10
13 15
7 17
19 15
7 15
1 10
8 2
4 15
12 9
6
14 18 15
17 5 16
16 12 11
5 1 15
2 14 16
3 7 11
36
8 15
19 7
13 19
4 10
4 2
13 17
0 2
9 7
0 11
11 19
1 16
3 0
19 4
15 7
9 16
10 14
3 6
17 14
11 4
0 12
6 0
15 9
15 17
6 2
19 17
10 12
19 8
8 0
18 3
16 19
0 15
4 12
10 3
9 5
16 13
2 5
