20 20
-20 -18 14 8 26 11 24 10 15 -18 17 22 23 19 -5 17 23 27 2 -17 
2 22 20 15 -6 18 16 14 14 14 -7 14 28 3 25 -20 9 1 -11 -17 
22 -3 11 5 14 -13 13 23 9 24 -16 21 22 27 13 3 1 21 12 -28 
-9 -26 9 -28 10 8 11 -13 14 13 9 23 -19 24 -20 20 14 -7 24 20 
-27 25 26 -20 12 16 14 24 9 5 5 -3 -23 16 1 15 -20 5 23 3 
14 11 5 19 22 21 10 25 26 19 17 26 11 19 10 9 -27 6 28 11 
-16 13 21 11 10 12 17 13 -7 15 -11 27 -7 6 4 -23 -2 24 -20 15 
25 1 26 27 14 1 18 -20 14 18 18 -13 -10 15 16 17 28 24 -19 -12 
10 12 17 3 -6 -15 17 14 26 14 -10 19 27 9 27 3 3 20 13 27 
16 -7 15 -8 -24 15 1 9 15 27 11 6 14 -18 24 4 -10 26 6 17 
17 6 26 -10 4 24 -18 14 6 11 27 15 9 1 15 -24 -8 15 -7 16 
27 13 20 3 3 27 9 27 19 -10 14 26 14 17 -15 -6 3 17 12 10 
-12 -19 24 28 17 16 15 -10 -13 18 18 14 -20 18 1 14 27 26 1 25 
15 -20 24 -2 -23 4 6 -7 27 -11 15 -7 13 17 12 10 11 21 13 -16 
11 28 6 -27 9 10 19 11 26 17 19 26 25 10 21 22 19 5 11 14 
3 23 5 -20 15 1 16 -23 -3 5 5 9 24 14 16 12 -20 26 25 -27 
20 24 -7 14 20 -20 24 -19 23 9 13 14 -13 11 8 10 -28 9 -26 -9 
-28 12 21 1 3 13 27 22 21 -16 24 9 23 13 -13 14 5 11 -3 22 
-17 -11 1 9 -20 25 3 28 14 -7 14 14 14 16 18 -6 15 20 22 2 
-17 2 27 23 17 -5 19 23 22 17 -18 15 10 24 11 26 8 14 -18 -20 
43
7
16 13
4 0
19 1
7 16
0 1
5 16
0 4
3 6
15 19
0 18
12 3
19 18
14 3
19 15
16
12 1 11
2 8 16
5 13 8
6 15 14
4 19 15
5 2 13
12 2 9
1 5 11
7 18 11
17 11 16
14 6 8
13 4 14
15 0 15
14 17 13
7 17 9
18 14 11
32
14 4
6 19
12 16
5 4
17 19
2 6
5 17
8 13
6 12
13 5
1 9
13 11
9 14
0 11
14 12
14 1
5 15
13 0
7 3
14 15
2 0
17 13
14 2
11 6
13 7
6 14
18 10
6 8
10 5
19 8
5 7
5 18
