20 20
-12 17 2 1 17 2 14 12 5 18 14 -18 14 -22 18 -26 -18 11 7 -14 
-11 11 -4 23 -18 -18 7 1 25 3 -25 1 26 12 15 -18 -13 13 -22 3 
-23 10 12 14 17 12 7 6 8 9 15 0 16 14 20 26 -11 8 13 -12 
19 18 6 6 15 26 -11 3 -8 2 22 -1 -13 26 -14 26 26 11 -2 -19 
-12 24 19 -2 10 -3 15 -16 15 27 19 4 27 -11 15 -18 20 14 1 21 
24 27 23 7 6 7 2 6 0 20 10 20 12 -18 23 -7 -21 6 1 8 
-9 9 21 25 -12 2 27 4 -12 -16 13 8 24 3 -8 -11 10 -12 14 -22 
24 -23 7 11 19 5 15 5 19 -2 17 16 -12 7 13 6 -17 3 7 24 
14 6 -3 14 -9 23 8 10 24 6 -19 -6 15 12 27 26 0 1 25 22 
11 9 5 6 16 -11 5 2 19 7 25 18 22 16 19 3 20 -3 16 27 
27 16 -3 20 3 19 16 22 18 25 7 19 2 5 -11 16 6 5 9 11 
22 25 1 0 26 27 12 15 -6 -19 6 24 10 8 23 -9 14 -3 6 14 
24 7 3 -17 6 13 7 -12 16 17 -2 19 5 15 5 19 11 7 -23 24 
-22 14 -12 10 -11 -8 3 24 8 13 -16 -12 4 27 2 -12 25 21 9 -9 
8 1 6 -21 -7 23 -18 12 20 10 20 0 6 2 7 6 7 23 27 24 
21 1 14 20 -18 15 -11 27 4 19 27 15 -16 15 -3 10 -2 19 24 -12 
-19 -2 11 26 26 -14 26 -13 -1 22 2 -8 3 -11 26 15 6 6 18 19 
-12 13 8 -11 26 20 14 16 0 15 9 8 6 7 12 17 14 12 10 -23 
3 -22 13 -13 -18 15 12 26 1 -25 3 25 1 7 -18 -18 23 -4 11 -11 
-14 7 11 -18 -26 18 -22 14 -18 14 18 5 12 14 2 17 1 2 17 -12 
49
2
16 4
10 1
3 15
9 18
16
4 19 13
15 13 8
17 16 16
9 7 13
12 5 10
2 18 16
8 2 12
19 15 10
15 0 13
4 6 8
2 3 16
10 12 13
7 14 10
17 1 16
11 17 12
0 4 10
38
14 3
4 17
15 6
5 19
4 7
3 5
0 13
13 15
18 19
3 14
15 10
1 17
4 15
18 13
6 0
1 16
10 9
3 11
2 14
5 16
15 2
4 13
14 0
15 12
16 14
19 6
6 4
1 0
16 5
4 9
18 2
15 4
1 6
13 19
18 3
9 10
16 8
17 5
