20 20
9 -17 18 11 5 1 9 19 8 14 18 -4 1 3 15 -15 -21 5 -2 -1 
-5 13 14 5 21 -14 9 20 -8 11 -19 15 15 18 15 -1 21 -5 -20 18 
8 2 17 5 5 -9 6 9 20 7 -12 8 -12 5 -10 7 13 19 19 11 
22 0 -9 8 19 16 1 -19 17 16 15 10 15 3 18 20 5 -6 -4 12 
-11 5 22 13 8 -8 5 18 0 22 19 -3 -11 -14 -2 11 19 7 12 4 
21 -9 -20 3 22 18 -9 4 0 17 8 5 22 14 14 20 8 22 5 22 
10 3 -13 17 1 18 20 17 4 7 4 21 2 3 -5 6 6 3 7 17 
-7 -5 19 8 12 1 5 21 17 19 -7 5 2 16 16 -13 19 -7 -18 9 
17 22 18 -7 22 13 -21 -20 18 21 12 2 -5 7 -10 18 -14 20 17 3 
5 5 -19 3 20 11 -19 17 1 21 13 19 -7 13 2 13 -4 4 -3 5 
5 -3 4 -4 13 2 13 -7 19 13 21 1 17 -19 11 20 3 -19 5 5 
3 17 20 -14 18 -10 7 -5 2 12 21 18 -20 -21 13 22 -7 18 22 17 
9 -18 -7 19 -13 16 16 2 5 -7 19 17 21 5 1 12 8 19 -5 -7 
17 7 3 6 6 -5 3 2 21 4 7 4 17 20 18 1 17 -13 3 10 
22 5 22 8 20 14 14 22 5 8 17 0 4 -9 18 22 3 -20 -9 21 
4 12 7 19 11 -2 -14 -11 -3 19 22 0 18 5 -8 8 13 22 5 -11 
12 -4 -6 5 20 18 3 15 10 15 16 17 -19 1 16 19 8 -9 0 22 
11 19 19 13 7 -10 5 -12 8 -12 7 20 9 6 -9 5 5 17 2 8 
18 -20 -5 21 -1 15 18 15 15 -19 11 -8 20 9 -14 21 5 14 13 -5 
-1 -2 5 -21 -15 15 3 1 -4 18 14 8 19 9 1 5 11 18 -17 9 
52
5
10 14
10 15
14 17
6 4
13 11
9 5
9 4
5 2
13 15
6 8
18
11 15 12
0 8 8
0 15 16
16 3 16
18 12 8
2 7 16
18 9 11
8 16 12
18 15 10
8 4 12
19 11 8
19 4 16
3 16 16
1 7 8
17 12 16
1 10 11
11 3 12
1 4 10
30
15 16
7 16
10 11
1 17
14 2
12 7
17 1
9 18
7 3
8 1
19 3
0 18
4 14
11 6
2 12
4 3
12 3
9 8
18 2
5 17
7 12
2 18
10 1
12 16
11 18
0 16
19 1
15 5
8 13
17 7
