20 20
2 5 5 5 1 4 1 6 5 6 2 4 4 1 -6 -5 1 2 1 6 
6 6 2 6 2 1 0 5 3 -6 3 1 2 5 3 6 0 6 3 1 
3 1 6 3 1 4 3 0 -2 0 5 4 -5 -4 1 0 5 4 -2 4 
1 0 6 -4 -1 0 5 2 -1 1 -6 0 -6 5 4 1 -4 -4 -2 6 
3 -2 3 6 3 6 5 5 5 1 4 5 1 -5 4 3 -4 5 6 2 
-4 0 -4 -5 5 1 2 3 4 4 5 5 3 -5 6 0 5 1 -4 4 
6 3 -4 -3 4 -5 2 -5 -5 -3 0 1 4 3 3 -6 0 4 -6 3 
1 1 3 2 0 -4 1 1 6 3 2 -6 6 2 4 3 0 -2 6 3 
6 4 2 4 1 5 3 2 2 -3 1 0 5 -4 6 0 6 5 2 3 
-1 2 3 5 6 5 5 2 5 4 -5 -3 5 3 1 1 -5 -2 6 4 
4 6 -2 -5 1 1 3 5 -3 -5 4 5 2 5 5 6 5 3 2 -1 
3 2 5 6 0 6 -4 5 0 1 -3 2 2 3 5 1 4 2 4 6 
3 6 -2 0 3 4 2 6 -6 2 3 6 1 1 -4 0 2 3 1 1 
3 -6 4 0 -6 3 3 4 1 0 -3 -5 -5 2 -5 4 -3 -4 3 6 
4 -4 1 5 0 6 -5 3 5 5 4 4 3 2 1 5 -5 -4 0 -4 
2 6 5 -4 3 4 -5 1 5 4 1 5 5 5 6 3 6 3 -2 3 
6 -2 -4 -4 1 4 5 -6 0 -6 1 -1 2 5 0 -1 -4 6 0 1 
4 -2 4 5 0 1 -4 -5 4 5 0 -2 0 3 4 1 3 6 1 3 
1 3 6 0 6 3 5 2 1 3 -6 3 5 0 1 2 6 2 6 6 
6 1 2 1 -5 -6 1 4 4 2 6 5 6 1 4 1 5 5 5 2 
56
6
2 7
12 2
5 1
7 15
11 4
5 16
17 12
7 17
14 18
12 4
8 15
14 3
20
18 16 13
12 11 15
12 17 11
16 19 10
16 15 14
10 18 15
7 19 8
19 13 10
2 18 12
7 4 13
1 3 13
7 8 15
7 2 11
3 0 10
3 4 14
9 1 15
12 0 8
0 6 10
17 1 12
12 15 13
36
18 19
4 15
19 14
5 7
14 15
0 4
4 10
15 14
3 1
14 7
11 12
15 7
2 11
10 12
9 6
18 17
17 5
17 0
1 0
15 4
0 5
14 12
5 4
19 15
15 9
4 5
16 18
5 12
8 7
4 12
17 8
9 7
10 13
1 2
2 14
2 19
