20 20
2 -3 6 2 5 8 4 2 6 5 9 -5 9 1 -7 2 4 9 -1 -3 
1 3 -7 7 10 4 -9 -4 0 -9 -7 -5 5 2 -3 -4 -10 10 10 5 
10 2 4 10 0 8 2 9 6 7 -1 10 10 -10 -2 7 6 9 4 3 
6 7 7 6 5 9 -8 7 8 3 7 9 -7 -9 4 0 6 7 -7 -9 
1 9 6 10 7 -9 -7 2 3 -10 3 8 5 0 9 5 7 4 -9 -6 
2 8 2 7 4 8 -6 3 0 -3 2 7 1 -3 -1 6 -4 -7 1 2 
4 -5 10 0 9 7 -10 2 4 2 1 5 6 2 4 4 5 -4 6 2 
7 0 1 5 8 -5 8 5 3 8 4 8 6 -7 10 -1 9 1 4 1 
0 8 4 7 6 4 6 -2 2 -5 5 2 5 3 -5 6 3 1 8 10 
2 -8 1 0 3 9 6 9 6 6 6 10 7 8 4 10 6 5 -3 -3 
-3 -3 5 6 10 4 8 7 10 6 6 6 9 6 9 3 0 1 -8 2 
10 8 1 3 6 -5 3 5 2 5 -5 2 -2 6 4 6 7 4 8 0 
1 4 1 9 -1 10 -7 6 8 4 8 3 5 8 -5 8 5 1 0 7 
2 6 -4 5 4 4 2 6 5 1 2 4 2 -10 7 9 0 10 -5 4 
2 1 -7 -4 6 -1 -3 1 7 2 -3 0 3 -6 8 4 7 2 8 2 
-6 -9 4 7 5 9 0 5 8 3 -10 3 2 -7 -9 7 10 6 9 1 
-9 -7 7 6 0 4 -9 -7 9 7 3 8 7 -8 9 5 6 7 7 6 
3 4 9 6 7 -2 -10 10 10 -1 7 6 9 2 8 0 10 4 2 10 
5 10 10 -10 -4 -3 2 5 -5 -7 -9 0 -4 -9 4 10 7 -7 3 1 
-3 -1 9 4 2 -7 1 9 -5 9 5 6 2 4 8 5 2 6 -3 2 
35
6
11 5
15 11
8 0
10 16
17 3
13 18
8 14
4 8
11 19
9 3
2 16
6 1
10
18 9 16
2 9 15
9 17 10
14 3 11
13 3 12
1 10 16
17 10 15
10 2 10
5 16 11
6 16 12
40
11 6
14 17
6 8
7 17
14 19
19 11
10 7
16 9
2 7
16 12
14 18
12 19
8 12
11 16
4 19
10 18
8 15
8 4
11 12
8 6
8 13
5 2
13 11
12 2
5 0
0 8
9 12
3 10
17 12
3 7
5 1
7 0
11 7
8 3
15 0
9 1
11 4
11 15
8 7
11 13
