20 20
6 10 2 10 -4 7 -10 9 7 -9 -6 -9 -7 7 -10 8 2 6 9 11 
-3 -11 9 -7 -8 11 5 10 4 1 0 -11 -2 -11 3 3 5 4 6 7 
-9 -2 3 6 8 5 11 -3 4 -10 -1 4 -5 5 2 9 6 6 3 -5 
3 -11 7 4 4 1 4 2 3 1 -8 10 2 11 2 10 10 -7 0 5 
5 -11 2 1 10 10 -10 -1 5 11 -8 -5 -9 6 -8 -11 -9 5 0 2 
-1 -6 -1 4 11 9 2 -6 4 10 9 -9 -11 -11 5 10 5 6 7 11 
1 3 -6 5 3 -11 3 10 -1 3 11 2 8 2 5 3 7 4 6 -2 
5 2 -1 -10 4 2 5 1 8 -5 2 6 5 -10 9 7 10 6 1 4 
0 0 1 1 -3 -2 1 3 5 10 1 0 3 4 -10 9 11 -2 10 3 
3 4 6 6 8 0 10 11 2 4 -3 0 7 5 5 9 10 -10 10 1 
1 10 -10 10 9 5 5 7 0 -3 4 2 11 10 0 8 6 6 4 3 
3 10 -2 11 9 -10 4 3 0 1 10 5 3 1 -2 -3 1 1 0 0 
4 1 6 10 7 9 -10 5 6 2 -5 8 1 5 2 4 -10 -1 2 5 
-2 6 4 7 3 5 2 8 2 11 3 -1 10 3 -11 3 5 -6 3 1 
11 7 6 5 10 5 -11 -11 -9 9 10 4 -6 2 9 11 4 -1 -6 -1 
2 0 5 -9 -11 -8 6 -9 -5 -8 11 5 -1 -10 10 10 1 2 -11 5 
5 0 -7 10 10 2 11 2 10 -8 1 3 2 4 1 4 4 7 -11 3 
-5 3 6 6 9 2 5 -5 4 -1 -10 4 -3 11 5 8 6 3 -2 -9 
7 6 4 5 3 3 -11 -2 -11 0 1 4 10 5 11 -8 -7 9 -11 -3 
11 9 6 2 8 -10 7 -7 -9 -6 -9 7 9 -10 7 -4 10 2 10 6 
56
5
5 9
16 15
3 11
10 8
14 17
14 10
3 4
16 8
9 11
5 2
8
0 11 10
15 13 10
0 8 10
19 12 14
19 8 10
4 6 10
19 11 10
0 7 14
38
11 18
6 0
13 4
11 0
19 2
12 14
19 0
18 14
2 11
17 4
14 6
16 19
2 17
13 12
11 4
6 10
3 8
2 5
17 15
8 1
13 19
6 15
8 19
0 17
7 5
0 19
1 5
17 8
2 15
5 13
3 0
17 2
6 7
8 15
13 9
16 11
17 14
2 4
