20 20
9 -2 6 23 11 17 -19 12 7 21 3 24 -16 7 -15 7 23 -9 18 11 
19 6 19 -1 -9 -14 16 24 4 3 -3 -7 16 12 19 21 17 18 11 -12 
-2 19 23 13 -18 5 14 -13 -21 17 19 3 15 20 17 8 7 13 21 22 
4 -22 1 2 3 15 9 3 -6 14 -3 19 0 13 -3 23 13 10 4 12 
-15 -15 -18 19 15 -6 1 7 12 20 14 -21 12 8 -10 -15 -9 2 18 -19 
21 20 15 24 15 6 6 17 22 -15 2 18 14 22 2 8 16 9 -2 19 
-8 -2 9 21 -12 -15 14 15 16 11 5 4 -21 3 4 22 19 2 20 -13 
6 6 17 1 5 13 16 -24 7 2 20 -14 8 11 20 14 -16 22 9 -12 
-12 -11 1 -9 6 10 9 2 9 -13 -4 4 4 9 12 -17 -15 12 8 20 
10 11 11 21 11 8 7 -16 -2 18 21 -7 10 -18 20 24 6 23 8 -24 
-24 8 23 6 24 20 -18 10 -7 21 18 -2 -16 7 8 11 21 11 11 10 
20 8 12 -15 -17 12 9 4 4 -4 -13 9 2 9 10 6 -9 1 -11 -12 
-12 9 22 -16 14 20 11 8 -14 20 2 7 -24 16 13 5 1 17 6 6 
-13 20 2 19 22 4 3 -21 4 5 11 16 15 14 -15 -12 21 9 -2 -8 
19 -2 9 16 8 2 22 14 18 2 -15 22 17 6 6 15 24 15 20 21 
-19 18 2 -9 -15 -10 8 12 -21 14 20 12 7 1 -6 15 19 -18 -15 -15 
12 4 10 13 23 -3 13 0 19 -3 14 -6 3 9 15 3 2 1 -22 4 
22 21 13 7 8 17 20 15 3 19 17 -21 -13 14 5 -18 13 23 19 -2 
-12 11 18 17 21 19 12 16 -7 -3 3 4 24 16 -14 -9 -1 19 6 19 
11 18 -9 23 7 -15 7 -16 24 3 21 7 12 -19 17 11 23 6 -2 9 
50
2
16 9
7 18
3 10
12 1
18
0 3 15
18 10 8
16 15 10
15 11 10
7 9 9
10 5 15
14 0 8
11 3 8
15 16 9
19 16 15
1 9 8
3 4 10
4 8 10
12 10 9
9 14 15
5 19 8
8 16 8
4 3 9
36
7 5
4 19
15 6
6 15
18 6
11 1
8 7
19 9
19 4
8 19
9 3
11 4
12 6
10 11
18 16
18 5
15 4
17 8
12 14
15 0
4 13
13 4
1 13
8 18
11 12
0 10
0 15
11 0
10 16
8 15
7 13
9 8
1 3
1 14
4 15
2 11
