20 20
6 6 -10 9 9 3 12 8 3 15 11 8 1 4 -5 1 -15 10 15 5 
-8 15 10 8 -12 13 1 -8 -2 0 9 15 -6 12 9 -13 7 12 10 3 
5 13 4 11 15 10 15 -3 5 13 10 -1 5 14 1 6 -8 -6 1 8 
-1 1 9 10 6 -10 8 9 -8 4 5 4 5 11 12 -11 0 3 11 8 
13 1 -2 -5 3 -15 12 11 9 -1 0 6 -15 -5 15 -5 2 5 15 -2 
1 0 0 -5 6 0 8 9 5 -6 -2 8 15 15 4 -6 -15 13 8 -6 
2 4 -1 14 14 2 -6 12 1 6 -10 14 2 7 2 1 1 1 8 -2 
-2 1 11 0 8 0 6 9 -12 -15 12 13 3 1 2 6 10 3 5 12 
-10 5 6 2 0 5 -5 12 12 12 -4 10 15 13 14 -4 -1 3 -13 0 
13 -15 15 6 14 9 4 -4 10 6 9 -2 -13 2 0 -4 6 9 0 1 
1 0 9 6 -4 0 2 -13 -2 9 6 10 -4 4 9 14 6 15 -15 13 
0 -13 3 -1 -4 14 13 15 10 -4 12 12 12 -5 5 0 2 6 5 -10 
12 5 3 10 6 2 1 3 13 12 -15 -12 9 6 0 8 0 11 1 -2 
-2 8 1 1 1 2 7 2 14 -10 6 1 12 -6 2 14 14 -1 4 2 
-6 8 13 -15 -6 4 15 15 8 -2 -6 5 9 8 0 6 -5 0 0 1 
-2 15 5 2 -5 15 -5 -15 6 0 -1 9 11 12 -15 3 -5 -2 1 13 
8 11 3 0 -11 12 11 5 4 5 4 -8 9 8 -10 6 10 9 1 -1 
8 1 -6 -8 6 1 14 5 -1 10 13 5 -3 15 10 15 11 4 13 5 
3 10 12 7 -13 9 12 -6 15 9 0 -2 -8 1 13 -12 8 10 15 -8 
5 15 10 -15 1 -5 4 1 8 11 15 3 8 12 3 9 9 -10 6 6 
55
6
3 1
13 12
16 8
5 13
8 14
9 1
16 18
6 7
3 11
14 6
11 5
10 18
18
10 9 13
5 18 16
8 4 12
14 4 9
1 3 8
14 18 10
9 19 11
14 15 10
6 18 12
9 10 13
14 1 16
11 15 12
5 15 9
18 16 8
5 1 10
10 0 11
5 4 10
13 1 12
32
16 7
19 15
19 10
14 0
15 10
5 17
10 13
17 4
0 5
12 14
18 17
6 12
16 2
2 11
13 10
4 3
3 12
0 4
0 9
5 19
4 9
14 2
9 6
2 15
19 14
7 5
1 2
13 7
3 17
17 8
6 9
15 16
