20 20
4 4 -10 5 6 7 1 3 11 0 -6 8 10 -7 12 12 3 5 4 12 
-1 3 10 3 -9 4 -12 10 -3 5 -6 -3 8 5 10 12 4 -1 11 1 
0 -3 8 -9 -9 4 1 -11 -7 3 4 4 12 -10 2 11 12 3 -5 6 
9 8 0 5 6 -3 5 0 12 6 1 -5 4 -4 1 8 3 3 7 4 
10 12 11 -12 -5 -8 -9 2 3 -3 -4 10 1 7 3 5 8 12 1 10 
0 0 -8 5 0 2 4 -9 -2 4 -12 6 3 -1 1 8 4 8 3 0 
0 7 2 11 1 -6 11 -5 -6 12 2 4 3 0 3 -5 -5 2 -2 2 
2 3 3 7 2 3 1 3 10 -6 11 6 1 1 11 6 6 -6 3 9 
6 -1 10 8 -7 -2 4 11 -4 6 -4 1 -11 5 -11 10 -5 -7 -10 9 
-5 0 -10 2 10 -10 2 6 8 6 -10 1 2 7 7 3 12 -4 6 -6 
-6 6 -4 12 3 7 7 2 1 -10 6 8 6 2 -10 10 2 -10 0 -5 
9 -10 -7 -5 10 -11 5 -11 1 -4 6 -4 11 4 -2 -7 8 10 -1 6 
9 3 -6 6 6 11 1 1 6 11 -6 10 3 1 3 2 7 3 3 2 
2 -2 2 -5 -5 3 0 3 4 2 12 -6 -5 11 -6 1 11 2 7 0 
0 3 8 4 8 1 -1 3 6 -12 4 -2 -9 4 2 0 5 -8 0 0 
10 1 12 8 5 3 7 1 10 -4 -3 3 2 -9 -8 -5 -12 11 12 10 
4 7 3 3 8 1 -4 4 -5 1 6 12 0 5 -3 6 5 0 8 9 
6 -5 3 12 11 2 -10 12 4 4 3 -7 -11 1 4 -9 -9 8 -3 0 
1 11 -1 4 12 10 5 8 -3 -6 5 -3 10 -12 4 -9 3 10 3 -1 
12 4 5 3 12 12 -7 10 8 -6 0 11 3 1 7 6 5 -10 4 4 
32
7
1 8
6 1
16 14
4 14
1 18
1 15
19 6
18 11
13 18
3 5
15 5
18 1
18 4
0 13
14
17 10 14
2 8 8
4 8 9
14 1 9
2 4 11
2 18 16
10 9 11
2 9 14
17 11 8
15 11 9
5 18 9
17 15 11
17 1 16
9 10 11
32
1 2
0 14
11 19
1 0
17 9
13 16
9 14
0 16
18 7
7 14
19 0
13 14
6 10
10 6
15 0
8 16
18 17
19 5
8 0
18 19
2 10
6 3
10 5
19 3
1 12
12 5
0 19
6 5
13 9
9 13
4 19
11 3
