20 20
16 2 21 11 -3 -12 24 10 -13 2 24 20 7 1 9 1 -19 4 20 16 
-8 -19 11 9 24 24 24 6 21 -11 -17 14 21 21 24 2 15 14 14 16 
15 24 14 10 14 0 21 4 14 14 10 -2 5 -4 2 15 -17 17 21 19 
18 15 16 16 19 -20 -3 16 5 -17 -22 9 24 14 12 18 11 -27 -7 21 
9 12 20 26 18 5 18 20 18 -4 19 -14 4 23 -8 5 15 26 -2 15 
-2 -14 27 7 10 24 20 -11 25 24 10 7 0 -11 -18 16 10 -8 17 -9 
-3 9 7 25 13 22 8 -3 15 12 9 -23 0 15 13 8 -8 -16 3 13 
22 4 20 27 12 -15 26 4 1 -27 -25 13 26 7 -3 -15 -4 0 -25 26 
19 1 -23 8 20 23 15 19 15 1 19 26 -23 12 -9 0 -22 18 -13 0 
5 19 14 7 3 21 1 4 1 16 15 -15 24 12 18 12 -20 6 24 -15 
-15 24 6 -20 12 18 12 24 -15 15 16 1 4 1 21 3 7 14 19 5 
0 -13 18 -22 0 -9 12 -23 26 19 1 15 19 15 23 20 8 -23 1 19 
26 -25 0 -4 -15 -3 7 26 13 -25 -27 1 4 26 -15 12 27 20 4 22 
13 3 -16 -8 8 13 15 0 -23 9 12 15 -3 8 22 13 25 7 9 -3 
-9 17 -8 10 16 -18 -11 0 7 10 24 25 -11 20 24 10 7 27 -14 -2 
15 -2 26 15 5 -8 23 4 -14 19 -4 18 20 18 5 18 26 20 12 9 
21 -7 -27 11 18 12 14 24 9 -22 -17 5 16 -3 -20 19 16 16 15 18 
19 21 17 -17 15 2 -4 5 -2 10 14 14 4 21 0 14 10 14 24 15 
16 14 14 15 2 24 21 21 14 -17 -11 21 6 24 24 24 9 11 -19 -8 
16 20 4 -19 1 9 1 7 20 24 2 -13 10 24 -12 -3 11 21 2 16 
39
6
1 0
2 18
17 15
18 4
12 5
4 17
18 19
17 1
2 4
1 15
7 14
15 2
10
18 16 14
15 7 11
4 8 13
17 12 15
16 12 11
1 3 14
4 12 11
15 11 13
2 7 15
3 7 11
38
1 11
10 6
13 12
3 10
11 18
16 7
2 10
3 5
18 0
6 18
5 9
17 2
14 16
7 10
11 8
10 5
19 11
4 13
16 4
18 8
9 13
6 7
16 9
8 1
3 12
17 9
16 14
1 19
13 1
14 10
2 17
5 3
12 9
8 11
9 14
0 8
15 6
3 15
