20 20
-2 -7 10 -10 6 6 11 4 -4 11 4 8 -4 10 7 5 6 6 10 7 
2 -5 8 12 4 2 10 2 -7 2 7 -7 -5 2 0 8 -1 5 -6 5 
12 3 8 12 3 12 -11 7 -8 7 -9 10 -11 1 -9 -4 2 6 0 1 
1 8 12 1 6 12 -10 5 10 1 12 9 4 2 -6 9 12 -9 5 12 
4 -7 -11 3 1 0 -2 8 3 -9 0 1 5 2 4 -1 0 3 9 8 
10 -5 8 9 4 -7 9 -8 1 3 1 1 -8 9 -8 1 -11 -2 10 -8 
3 12 2 4 -8 7 -3 10 6 10 -12 12 11 12 1 -7 12 7 1 2 
11 2 5 12 7 5 -8 6 -11 12 6 -4 8 4 6 2 -7 3 5 6 
4 -2 -3 12 4 -3 5 -9 12 -1 8 9 -7 -12 0 -4 -4 -6 4 0 
8 -2 0 5 8 6 -12 10 -10 8 6 11 11 1 9 -5 -2 2 5 1 
1 5 2 -2 -5 9 1 11 11 6 8 -10 10 -12 6 8 5 0 -2 8 
0 4 -6 -4 -4 0 -12 -7 9 8 -1 12 -9 5 -3 4 12 -3 -2 4 
6 5 3 -7 2 6 4 8 -4 6 12 -11 6 -8 5 7 12 5 2 11 
2 1 7 12 -7 1 12 11 12 -12 10 6 10 -3 7 -8 4 2 12 3 
-8 10 -2 -11 1 -8 9 -8 1 1 3 1 -8 9 -7 4 9 8 -5 10 
8 9 3 0 -1 4 2 5 1 0 -9 3 8 -2 0 1 3 -11 -7 4 
12 5 -9 12 9 -6 2 4 9 12 1 10 5 -10 12 6 1 12 8 1 
1 0 6 2 -4 -9 1 -11 10 -9 7 -8 7 -11 12 3 12 8 3 12 
5 -6 5 -1 8 0 2 -5 -7 7 2 -7 2 10 2 4 12 8 -5 2 
7 10 6 6 5 7 10 -4 8 4 11 -4 4 11 6 6 -10 10 -7 -2 
43
3
15 7
4 15
15 16
4 12
15 4
4 3
16
8 19 12
15 0 12
17 5 9
7 3 11
3 16 15
19 16 13
17 1 12
2 12 9
11 0 12
4 19 12
2 14 9
12 16 11
16 3 15
0 3 13
2 18 12
17 7 9
32
6 3
12 19
5 15
19 9
1 18
15 18
17 2
7 10
5 17
9 14
14 6
18 10
15 13
5 18
17 9
17 8
13 16
7 0
14 4
0 10
18 1
4 1
2 17
12 9
14 2
10 5
5 13
1 9
4 6
14 1
2 10
2 11
