20 20
24 5 -20 4 23 20 9 -22 0 5 1 16 12 23 0 18 9 1 24 9 
13 15 -6 16 -11 23 -18 23 -4 6 15 18 -9 -14 19 9 19 12 18 8 
16 11 17 -24 20 11 3 10 10 3 12 -11 21 -8 15 23 5 0 14 5 
-15 4 6 -2 17 22 -24 17 3 3 7 6 -15 -22 19 12 11 13 -15 14 
1 15 24 2 12 16 10 12 13 12 2 7 3 16 1 -5 -13 -10 -16 11 
13 23 14 -2 21 -19 -6 19 2 17 11 -22 20 -7 16 15 20 12 2 23 
21 18 -24 11 20 6 -4 18 16 2 -9 -12 9 16 1 -10 16 21 -21 -11 
23 -24 19 21 -5 9 9 15 7 22 3 13 15 19 0 14 -9 7 -11 -4 
3 11 4 2 3 17 -16 20 12 -21 -14 17 17 12 1 10 -18 23 16 3 
-24 14 14 16 9 9 -2 -11 0 17 5 22 -13 21 -22 17 -8 23 22 22 
22 22 23 -8 17 -22 21 -13 22 5 17 0 -11 -2 9 9 16 14 14 -24 
3 16 23 -18 10 1 12 17 17 -14 -21 12 20 -16 17 3 2 4 11 3 
-4 -11 7 -9 14 0 19 15 13 3 22 7 15 9 9 -5 21 19 -24 23 
-11 -21 21 16 -10 1 16 9 -12 -9 2 16 18 -4 6 20 11 -24 18 21 
23 2 12 20 15 16 -7 20 -22 11 17 2 19 -6 -19 21 -2 14 23 13 
11 -16 -10 -13 -5 1 16 3 7 2 12 13 12 10 16 12 2 24 15 1 
14 -15 13 11 12 19 -22 -15 6 7 3 3 17 -24 22 17 -2 6 4 -15 
5 14 0 5 23 15 -8 21 -11 12 3 10 10 3 11 20 -24 17 11 16 
8 18 12 19 9 19 -14 -9 18 15 6 -4 23 -18 23 -11 16 -6 15 13 
9 24 1 9 18 0 23 12 16 1 5 0 -22 9 20 23 4 -20 5 24 
35
4
5 12
8 17
3 14
2 19
14 7
11 2
16 5
17 0
16
5 1 12
7 3 10
19 12 10
6 11 16
4 6 11
4 19 14
11 16 11
0 9 14
14 18 12
12 16 10
0 7 10
13 8 16
15 13 11
15 0 14
8 3 11
19 10 14
28
1 19
6 17
5 4
19 14
2 5
8 14
18 12
14 17
2 14
16 13
17 10
18 9
2 15
9 16
18 0
13 2
14 15
0 5
17 14
11 5
1 7
5 2
17 5
3 6
2 9
1 10
17 4
10 3
