20 20
-1 10 10 -7 -3 7 10 8 10 10 3 0 3 6 -6 1 7 -6 5 2 
9 0 10 3 7 6 10 2 10 4 -1 -5 7 -9 5 -6 4 7 1 7 
5 4 10 -9 5 -10 -3 -4 6 4 -4 4 -9 3 -5 2 9 5 3 4 
8 9 9 -7 -2 2 10 4 9 7 6 1 2 0 -10 8 4 -5 0 -1 
5 9 4 6 -2 0 8 6 -4 3 4 8 1 -5 7 4 7 7 2 3 
2 -1 3 -7 3 2 8 -3 -2 8 6 8 3 9 -9 -7 -4 2 -2 10 
10 6 8 8 -5 -3 10 9 9 6 6 1 10 9 9 8 2 -7 3 8 
4 4 10 -5 1 6 7 -9 10 10 3 -3 -2 7 6 2 3 -3 -5 1 
-9 -5 4 -5 -2 -10 -9 7 4 0 -3 1 8 10 -7 -6 4 9 -1 -3 
0 -1 7 4 -10 5 5 -10 8 1 7 3 6 9 0 4 2 9 10 6 
6 10 9 2 4 0 9 6 3 7 1 8 -10 5 5 -10 4 7 -1 0 
-3 -1 9 4 -6 -7 10 8 1 -3 0 4 7 -9 -10 -2 -5 4 -5 -9 
1 -5 -3 3 2 6 7 -2 -3 3 10 10 -9 7 6 1 -5 10 4 4 
8 3 -7 2 8 9 9 10 1 6 6 9 9 10 -3 -5 8 8 6 10 
10 -2 2 -4 -7 -9 9 3 8 6 8 -2 -3 8 2 3 -7 3 -1 2 
3 2 7 7 4 7 -5 1 8 4 3 -4 6 8 0 -2 6 4 9 5 
-1 0 -5 4 8 -10 0 2 1 6 7 9 4 10 2 -2 -7 9 9 8 
4 3 5 9 2 -5 3 -9 4 -4 4 6 -4 -3 -10 5 -9 10 4 5 
7 1 7 4 -6 5 -9 7 -5 -1 4 10 2 10 6 7 3 10 0 9 
2 5 -6 7 1 -6 6 3 0 3 10 10 8 10 7 -3 -7 10 10 -1 
40
3
18 13
5 4
18 11
1 6
14 15
1 8
18
7 9 8
6 3 12
1 2 12
2 3 12
7 16 10
7 4 15
13 3 13
9 12 10
17 10 10
12 10 8
13 16 12
18 17 12
17 16 12
12 3 10
12 15 15
6 16 13
10 7 10
2 9 10
34
3 12
9 8
2 14
15 6
7 8
11 18
7 11
0 16
4 6
6 11
1 16
17 15
16 1
11 6
8 10
3 8
8 11
16 7
10 11
17 5
4 13
12 11
8 1
12 8
19 3
15 13
13 8
18 3
2 4
3 18
8 13
11 9
16 11
11 8
