20 20
-2 3 11 -8 -5 -10 12 6 3 -7 0 -3 -1 7 11 -3 10 12 7 11 
0 5 10 1 0 9 4 -7 11 10 -7 7 2 6 -2 5 9 11 -4 9 
9 4 12 -9 7 0 9 7 -7 7 12 9 -4 4 7 6 8 5 9 1 
7 4 9 9 3 9 4 -2 1 1 -4 12 -1 3 10 -2 3 5 -2 11 
1 7 11 3 0 -3 12 7 7 2 4 6 2 8 -1 10 -1 -6 7 12 
2 5 9 12 -1 10 -11 4 12 8 -9 4 9 3 2 1 9 -5 5 9 
12 -4 10 1 -3 2 6 5 9 5 7 6 -4 8 0 9 11 3 0 -2 
-11 -8 6 8 9 7 3 10 0 2 4 -3 -11 12 2 -7 -5 11 -7 11 
1 12 -8 -3 -7 7 3 10 3 9 10 4 5 10 1 -10 5 3 9 -10 
2 5 5 -2 2 -2 -11 10 0 4 5 12 5 5 5 3 12 0 0 -11 
-11 0 0 12 3 5 5 5 12 5 4 0 10 -11 -2 2 -2 5 5 2 
-10 9 3 5 -10 1 10 5 4 10 9 3 10 3 7 -7 -3 -8 12 1 
11 -7 11 -5 -7 2 12 -11 -3 4 2 0 10 3 7 9 8 6 -8 -11 
-2 0 3 11 9 0 8 -4 6 7 5 9 5 6 2 -3 1 10 -4 12 
9 5 -5 9 1 2 3 9 4 -9 8 12 4 -11 10 -1 12 9 5 2 
12 7 -6 -1 10 -1 8 2 6 4 2 7 7 12 -3 0 3 11 7 1 
11 -2 5 3 -2 10 3 -1 12 -4 1 1 -2 4 9 3 9 9 4 7 
1 9 5 8 6 7 4 -4 9 12 7 -7 7 9 0 7 -9 12 4 9 
9 -4 11 9 5 -2 6 2 7 -7 10 11 -7 4 9 0 1 10 5 0 
11 7 12 10 -3 11 7 -1 -3 0 -7 3 6 12 -10 -5 -8 11 3 -2 
33
8
7 15
16 5
7 3
18 5
15 11
18 16
16 10
7 12
12 4
3 14
12 16
1 14
4 8
1 3
3 9
12 7
18
9 8 11
5 13 14
15 0 9
13 16 9
14 13 13
13 3 8
11 4 9
9 15 8
3 0 16
10 11 11
14 6 14
4 19 9
6 3 9
5 6 13
6 16 8
8 15 9
10 4 8
16 19 16
32
17 7
3 2
11 15
10 8
7 0
14 9
2 10
18 7
7 4
16 18
10 1
0 14
14 18
7 16
15 14
4 2
2 12
16 17
8 4
9 11
12 19
5 10
17 9
1 12
12 15
3 1
9 18
19 5
5 1
12 3
4 5
15 17
