20 20
3 -4 5 6 7 6 -6 3 4 -3 6 1 5 1 2 -1 -2 2 -1 4 
4 2 4 5 -4 1 7 -3 1 -2 4 3 5 -7 3 6 2 0 3 3 
5 7 6 2 -4 3 5 -2 6 3 -4 7 2 1 1 1 1 5 -3 -2 
0 0 5 7 -3 -3 6 3 5 -7 -7 7 -2 -6 4 3 -3 0 6 4 
5 5 2 5 -6 7 -2 5 7 -6 2 7 -4 -4 1 2 -3 0 7 -7 
4 1 7 2 5 1 1 -2 0 1 3 2 1 -2 5 5 3 2 2 0 
2 7 6 3 7 0 1 7 -2 0 -1 7 2 -4 6 7 0 7 1 2 
1 3 7 2 7 4 7 6 7 6 6 5 6 -6 3 3 3 4 3 -2 
5 5 7 0 6 0 4 7 6 7 4 6 0 7 -3 -7 5 1 3 -4 
3 3 -5 2 1 5 2 -3 2 3 4 -6 -1 7 4 6 7 5 6 -5 
-5 6 5 7 6 4 7 -1 -6 4 3 2 -3 2 5 1 2 -5 3 3 
-4 3 1 5 -7 -3 7 0 6 4 7 6 7 4 0 6 0 7 5 5 
-2 3 4 3 3 3 -6 6 5 6 6 7 6 7 4 7 2 7 3 1 
2 1 7 0 7 6 -4 2 7 -1 0 -2 7 1 0 7 3 6 7 2 
0 2 2 3 5 5 -2 1 2 3 1 0 -2 1 1 5 2 7 1 4 
-7 7 0 -3 2 1 -4 -4 7 2 -6 7 5 -2 7 -6 5 2 5 5 
4 6 0 -3 3 4 -6 -2 7 -7 -7 5 3 6 -3 -3 7 5 0 0 
-2 -3 5 1 1 1 1 2 7 -4 3 6 -2 5 3 -4 2 6 7 5 
3 3 0 2 6 3 -7 5 3 4 -2 1 -3 7 1 -4 5 4 2 4 
4 -1 2 -2 -1 2 1 5 1 6 -3 4 3 -6 6 7 6 5 -4 3 
52
6
18 8
15 0
11 12
12 9
17 8
17 2
1 11
4 19
8 7
7 10
2 11
2 17
16
5 2 11
14 0 13
13 2 9
14 7 16
5 15 11
3 19 16
4 9 9
19 9 9
14 17 11
5 19 13
6 17 9
5 12 16
14 4 11
16 0 16
15 10 9
0 10 9
36
12 11
3 0
0 15
2 6
9 17
17 6
15 12
16 3
18 11
12 4
2 12
12 7
6 18
3 6
19 15
19 14
12 6
19 5
7 8
16 19
19 4
17 13
10 2
2 13
4 7
3 16
1 8
7 15
17 7
7 12
13 1
16 13
0 4
0 5
7 13
0 14
