20 20
9 -16 0 8 9 27 11 8 -23 16 19 -10 1 10 20 5 10 0 -5 -24 
19 -9 24 7 -24 27 -8 2 1 4 22 28 11 13 24 -10 3 -2 -23 1 
2 5 11 20 26 17 11 23 -13 24 -8 -26 1 3 21 1 27 -24 -5 21 
11 23 -20 4 -16 -14 27 -27 2 10 -11 0 22 15 20 20 5 1 5 14 
13 -28 -15 24 11 -11 12 12 14 14 20 24 21 24 9 6 6 20 -27 26 
23 0 -8 2 6 25 -9 23 8 4 9 23 -9 28 -8 27 4 2 26 23 
5 0 8 7 13 19 11 19 9 -17 -3 21 26 16 9 28 -27 24 23 9 
21 7 20 -11 20 20 17 -5 25 27 -8 27 22 -1 8 22 24 -19 16 28 
3 20 2 23 16 -25 9 26 24 5 11 -11 12 14 18 -11 1 9 1 20 
-9 4 18 -11 18 20 -22 6 -7 5 -13 8 2 1 7 -28 20 26 0 -16 
-16 0 26 20 -28 7 1 2 8 -13 5 -7 6 -22 20 18 -11 18 4 -9 
20 1 9 1 -11 18 14 12 -11 11 5 24 26 9 -25 16 23 2 20 3 
28 16 -19 24 22 8 -1 22 27 -8 27 25 -5 17 20 20 -11 20 7 21 
9 23 24 -27 28 9 16 26 21 -3 -17 9 19 11 19 13 7 8 0 5 
23 26 2 4 27 -8 28 -9 23 9 4 8 23 -9 25 6 2 -8 0 23 
26 -27 20 6 6 9 24 21 24 20 14 14 12 12 -11 11 24 -15 -28 13 
14 5 1 5 20 20 15 22 0 -11 10 2 -27 27 -14 -16 4 -20 23 11 
21 -5 -24 27 1 21 3 1 -26 -8 24 -13 23 11 17 26 20 11 5 2 
1 -23 -2 3 -10 24 13 11 28 22 4 1 2 -8 27 -24 7 24 -9 19 
-24 -5 0 10 5 20 10 1 -10 19 16 -23 8 11 27 9 8 0 -16 9 
50
8
10 9
3 16
0 2
17 7
19 9
5 9
7 19
2 5
9 10
16 3
19 17
2 12
0 10
14 10
12 0
17 14
20
18 1 12
14 12 9
18 8 14
9 0 14
18 15 9
13 2 15
6 5 10
4 16 10
5 4 14
5 2 12
1 18 12
5 7 9
1 11 14
10 19 14
1 4 9
6 17 15
13 14 10
15 3 10
14 15 14
14 17 12
40
7 11
2 13
2 14
9 8
12 9
6 12
2 19
12 16
19 18
15 6
11 9
8 19
15 4
6 7
19 16
6 1
17 1
18 4
2 15
10 17
12 8
17 6
17 5
10 11
7 10
13 7
17 0
7 3
0 1
4 13
8 10
11 0
4 15
13 12
0 3
13 18
2 18
1 15
17 4
9 2
