20 20
12 24 -16 8 18 7 22 -27 25 -12 6 11 27 9 25 -16 1 9 22 6 
23 23 16 22 4 5 9 7 -25 25 -21 16 3 -13 0 -10 -3 14 1 15 
4 -15 15 5 16 -5 25 19 14 -16 12 24 8 25 -3 -17 10 17 18 -12 
0 17 -15 4 13 20 13 21 8 11 20 5 16 20 24 20 -5 19 8 20 
3 27 6 4 24 20 18 2 14 9 8 2 1 26 3 14 -23 3 6 0 
26 -7 -21 2 22 19 2 25 -23 16 23 25 13 22 21 -24 -12 9 9 3 
20 2 3 21 24 -9 25 19 18 20 1 8 -3 22 -2 0 1 -17 -15 -27 
-16 8 -21 21 -6 14 22 -8 6 -12 10 2 22 23 3 5 -18 7 8 11 
3 8 8 18 14 20 16 -20 17 -8 25 3 16 11 7 -1 18 20 10 -3 
6 26 27 10 16 18 26 20 24 24 -5 0 15 21 -27 8 15 -2 13 2 
2 13 -2 15 8 -27 21 15 0 -5 24 24 20 26 18 16 10 27 26 6 
-3 10 20 18 -1 7 11 16 3 25 -8 17 -20 16 20 14 18 8 8 3 
11 8 7 -18 5 3 23 22 2 10 -12 6 -8 22 14 -6 21 -21 8 -16 
-27 -15 -17 1 0 -2 22 -3 8 1 20 18 19 25 -9 24 21 3 2 20 
3 9 9 -12 -24 21 22 13 25 23 16 -23 25 2 19 22 2 -21 -7 26 
0 6 3 -23 14 3 26 1 2 8 9 14 2 18 20 24 4 6 27 3 
20 8 19 -5 20 24 20 16 5 20 11 8 21 13 20 13 4 -15 17 0 
-12 18 17 10 -17 -3 25 8 24 12 -16 14 19 25 -5 16 5 15 -15 4 
15 1 14 -3 -10 0 -13 3 16 -21 25 -25 7 9 5 4 22 16 23 23 
6 22 9 1 -16 25 9 27 11 6 -12 25 -27 22 7 18 8 -16 24 12 
45
7
11 18
13 4
0 15
8 11
17 18
5 1
18 15
8 1
6 15
19 4
11 8
2 1
14 18
1 4
12
1 13 14
6 9 11
18 17 13
6 0 10
8 7 10
19 16 16
18 6 14
13 10 11
1 2 13
13 19 10
11 12 10
0 3 16
28
1 9
0 8
15 6
4 0
2 18
9 18
13 7
0 17
2 0
0 18
9 12
16 9
17 6
0 9
18 10
19 11
4 13
15 19
17 1
10 1
6 12
19 2
17 19
19 1
10 7
3 10
2 13
19 10
