20 20
2 5 -12 5 -4 10 -11 1 -5 8 10 1 1 9 4 8 7 5 1 13 
-11 -1 -11 4 3 3 11 -13 3 8 8 3 7 4 9 11 0 9 7 11 
5 -8 2 -6 -9 1 1 6 3 2 3 -1 10 13 5 4 -1 13 -12 7 
12 -7 4 11 -6 5 9 -5 12 9 10 5 9 -4 9 -10 -13 -6 11 9 
5 13 3 -11 1 8 -11 -2 13 12 1 4 8 1 12 7 12 13 10 -3 
5 7 10 1 4 3 13 9 3 -12 -8 -6 4 5 -13 0 6 10 12 -7 
13 13 11 4 10 0 9 7 4 1 10 -5 8 10 7 12 1 9 10 0 
11 0 11 7 11 -11 -8 5 12 1 8 5 8 1 1 -7 11 7 11 10 
5 13 8 -6 4 5 10 8 5 -3 11 5 9 5 10 -1 -3 13 -6 6 
2 -8 4 2 -1 -1 0 -6 6 -7 12 9 -7 1 12 10 -11 6 2 8 
8 2 6 -11 10 12 1 -7 9 12 -7 6 -6 0 -1 -1 2 4 -8 2 
6 -6 13 -3 -1 10 5 9 5 11 -3 5 8 10 5 4 -6 8 13 5 
10 11 7 11 -7 1 1 8 5 8 1 12 5 -8 -11 11 7 11 0 11 
0 10 9 1 12 7 10 8 -5 10 1 4 7 9 0 10 4 11 13 13 
-7 12 10 6 0 -13 5 4 -6 -8 -12 3 9 13 3 4 1 10 7 5 
-3 10 13 12 7 12 1 8 4 1 12 13 -2 -11 8 1 -11 3 13 5 
9 11 -6 -13 -10 9 -4 9 5 10 9 12 -5 9 5 -6 11 4 -7 12 
7 -12 13 -1 4 5 13 10 -1 3 2 3 6 1 1 -9 -6 2 -8 5 
11 7 9 0 11 9 4 7 3 8 8 3 -13 11 3 3 4 -11 -1 -11 
13 1 5 7 8 4 9 1 1 10 8 -5 1 -11 10 -4 5 -12 5 2 
46
6
4 10
15 5
14 1
18 13
6 18
2 19
15 9
4 14
5 18
1 6
13 1
17 0
16
15 2 8
5 4 12
16 11 8
13 9 14
15 10 15
19 10 8
12 18 9
15 1 11
4 17 8
14 15 12
3 8 8
6 10 14
4 9 15
0 9 8
7 1 9
4 18 11
36
0 5
19 9
3 19
7 9
8 11
7 15
4 12
9 3
5 7
9 4
2 11
19 11
9 16
18 11
1 16
6 17
1 12
12 0
19 14
0 10
16 0
12 10
11 8
12 4
15 7
10 16
14 12
10 15
17 8
0 8
10 3
1 8
18 3
13 2
18 7
7 19
