20 20
3 4 -4 4 -4 1 2 4 3 4 2 3 2 0 2 2 4 -1 2 1 
-4 0 0 1 1 4 4 0 1 -3 1 4 -2 2 4 -3 1 1 3 -4 
-4 4 1 1 1 3 3 2 -2 1 4 3 1 4 -2 4 -2 0 -2 -2 
3 2 2 2 0 2 4 3 4 2 4 2 3 -2 3 3 4 3 4 0 
0 3 1 1 4 2 3 3 3 -3 0 1 3 1 -4 1 3 1 -1 -4 
4 4 2 2 4 0 4 -4 2 -4 1 3 3 1 3 -2 1 0 3 3 
0 3 2 -1 4 2 4 3 2 2 0 3 3 -3 -1 1 3 4 0 1 
3 -1 3 1 1 0 2 2 -3 4 2 0 3 0 4 4 -1 0 -2 4 
-3 2 4 3 1 0 0 4 1 1 -4 -1 -2 1 3 3 4 4 1 0 
3 1 2 3 -2 1 -3 0 3 2 -4 3 2 2 1 -1 4 2 1 1 
1 1 2 4 -1 1 2 2 3 -4 2 3 0 -3 1 -2 3 2 1 3 
0 1 4 4 3 3 1 -2 -1 -4 1 1 4 0 0 1 3 4 2 -3 
4 -2 0 -1 4 4 0 3 0 2 4 -3 2 2 0 1 1 3 -1 3 
1 0 4 3 1 -1 -3 3 3 0 2 2 3 4 2 4 -1 2 3 0 
3 3 0 1 -2 3 1 3 3 1 -4 2 -4 4 0 4 2 2 4 4 
-4 -1 1 3 1 -4 1 3 1 0 -3 3 3 3 2 4 1 1 3 0 
0 4 3 4 3 3 -2 3 2 4 2 4 3 4 2 0 2 2 2 3 
-2 -2 0 -2 4 -2 4 1 3 4 1 -2 2 3 3 1 1 1 4 -4 
-4 3 1 1 -3 4 2 -2 4 1 -3 1 0 4 4 1 1 0 0 -4 
1 2 -1 4 2 2 0 2 3 2 4 3 4 2 1 -4 4 -4 4 3 
51
5
18 10
18 13
4 16
4 2
11 14
1 9
1 6
15 3
15 17
8 5
18
8 7 16
11 15 12
18 11 11
7 6 15
9 12 16
3 13 13
12 3 15
14 5 16
12 17 12
11 12 16
8 4 12
1 8 11
12 13 15
10 7 16
16 6 13
7 16 15
5 14 16
7 2 12
40
6 5
1 14
1 2
16 5
14 7
3 4
8 0
17 9
3 6
15 5
2 18
13 9
19 18
14 6
6 3
1 0
15 8
1 12
19 8
9 13
13 14
18 5
18 17
3 14
5 12
16 15
11 19
2 10
16 13
4 14
17 1
6 10
0 1
5 13
13 16
18 19
4 11
18 7
0 11
10 6
