20 20
6 3 2 5 0 0 3 8 0 2 -3 -7 8 4 6 7 0 -8 -2 7 
7 6 2 -8 2 7 0 3 0 6 2 6 -6 2 5 1 2 -8 7 -7 
3 4 3 -3 2 8 6 8 -5 4 8 8 -4 0 7 6 2 -1 -7 2 
-4 1 4 3 -7 3 -3 8 4 -1 7 -2 -7 8 8 5 6 8 6 1 
7 2 6 3 -2 -1 6 8 0 5 2 3 7 2 4 2 7 2 -2 -2 
4 3 5 4 3 0 1 -4 6 0 6 -8 8 3 2 4 3 1 3 1 
5 2 5 5 0 5 8 -5 -2 4 8 6 0 -4 8 5 6 -7 6 8 
0 0 3 8 6 0 -6 8 4 8 -6 -6 -8 4 6 -1 2 0 4 3 
1 1 6 0 0 2 -1 3 6 -4 -5 7 2 3 -7 2 5 -1 8 8 
4 7 3 7 -7 6 8 -8 4 4 7 1 0 2 0 5 4 0 2 5 
5 2 0 4 5 0 2 0 1 7 4 4 -8 8 6 -7 7 3 7 4 
8 8 -1 5 2 -7 3 2 7 -5 -4 6 3 -1 2 0 0 6 1 1 
3 4 0 2 -1 6 4 -8 -6 -6 8 4 8 -6 0 6 8 3 0 0 
8 6 -7 6 5 8 -4 0 6 8 4 -2 -5 8 5 0 5 5 2 5 
1 3 1 3 4 2 3 8 -8 6 0 6 -4 1 0 3 4 5 3 4 
-2 -2 2 7 2 4 2 7 3 2 5 0 8 6 -1 -2 3 6 2 7 
1 6 8 6 5 8 8 -7 -2 7 -1 4 8 -3 3 -7 3 4 1 -4 
2 -7 -1 2 6 7 0 -4 8 8 4 -5 8 6 8 2 -3 3 4 3 
-7 7 -8 2 1 5 2 -6 6 2 6 0 3 0 7 2 -8 2 6 7 
7 -2 -8 0 7 6 4 8 -7 -3 2 0 8 3 0 0 5 2 3 6 
53
7
0 19
13 17
4 2
11 0
3 14
2 6
6 15
19 0
6 2
15 17
8 19
16 5
17 13
13 4
16
0 10 16
11 18 14
8 11 16
18 5 8
4 10 13
8 7 9
6 5 10
2 7 16
19 9 16
8 1 14
11 8 16
1 14 8
15 9 13
11 12 9
13 14 10
17 12 16
30
5 11
3 18
11 5
19 8
16 17
3 7
17 3
19 6
9 5
1 11
16 0
19 15
10 18
4 18
19 16
14 8
16 1
8 14
0 11
3 2
16 12
2 16
0 13
10 14
18 8
3 19
0 4
9 1
15 1
0 3
