20 20
-2 11 -13 11 7 13 10 16 -15 14 -2 6 13 -5 1 7 3 -15 6 16 
-7 10 5 1 -15 16 -13 8 9 2 10 2 4 5 10 13 14 15 6 -11 
4 -14 14 12 0 16 14 16 -6 4 -16 9 4 6 -2 -9 7 7 13 6 
6 -11 11 4 16 11 4 -9 7 -9 3 9 10 14 8 15 4 -13 -14 1 
11 6 1 12 2 6 8 15 4 -5 -9 6 8 16 7 -3 -5 9 3 13 
16 7 1 3 -15 13 5 4 4 12 5 9 12 9 -4 10 10 8 -15 7 
3 9 10 6 5 16 7 15 2 0 11 7 12 4 -2 8 -6 6 4 14 
6 14 14 -5 11 15 -4 9 -8 13 11 11 4 3 10 -13 -12 2 10 13 
16 8 15 15 6 4 10 15 2 8 5 12 -9 13 -14 10 12 8 -9 15 
9 14 6 5 16 12 -8 10 15 -5 12 9 -7 15 15 13 -12 1 16 6 
6 16 1 -12 13 15 15 -7 9 12 -5 15 10 -8 12 16 5 6 14 9 
15 -9 8 12 10 -14 13 -9 12 5 8 2 15 10 4 6 15 15 8 16 
13 10 2 -12 -13 10 3 4 11 11 13 -8 9 -4 15 11 -5 14 14 6 
14 4 6 -6 8 -2 4 12 7 11 0 2 15 7 16 5 6 10 9 3 
7 -15 8 10 10 -4 9 12 9 5 12 4 4 5 13 -15 3 1 7 16 
13 3 9 -5 -3 7 16 8 6 -9 -5 4 15 8 6 2 12 1 6 11 
1 -14 -13 4 15 8 14 10 9 3 -9 7 -9 4 11 16 4 11 -11 6 
6 13 7 7 -9 -2 6 4 9 -16 4 -6 16 14 16 0 12 14 -14 4 
-11 6 15 14 13 10 5 4 2 10 2 9 8 -13 16 -15 1 5 10 -7 
16 6 -15 3 7 1 -5 13 6 -2 14 -15 16 10 13 7 11 -13 11 -2 
37
7
8 19
19 18
5 15
12 19
15 1
10 1
7 13
11 0
0 1
14 4
7 0
4 18
9 18
12 6
8
2 17 11
6 7 14
5 16 10
16 11 11
17 2 11
13 12 14
14 3 10
3 8 11
32
8 9
0 17
8 13
4 5
16 19
12 7
6 12
8 4
7 1
14 18
14 0
5 18
11 4
7 2
1 13
15 0
11 10
19 2
11 6
15 14
3 0
7 12
13 7
11 15
12 18
5 1
5 19
14 1
8 15
12 17
18 6
4 19
