20 20
-5 0 6 8 8 3 5 5 6 6 8 3 -6 3 3 7 9 5 1 1 
6 2 1 1 7 5 9 6 -5 2 8 -7 6 3 5 -4 4 4 1 -7 
1 6 4 -2 5 0 8 3 4 -6 9 -2 -1 -8 7 -8 -4 3 8 4 
9 -2 2 3 6 6 -5 2 4 -3 5 7 2 -5 5 -9 0 5 9 8 
2 -4 9 -3 9 6 9 -2 3 2 4 7 2 1 -9 7 6 -1 5 2 
9 0 -1 -6 6 4 5 3 -5 -2 -6 7 1 -6 1 -2 -1 9 2 9 
-3 3 5 -3 -6 8 5 -4 8 3 4 -6 1 -4 8 7 1 4 -4 3 
4 0 -9 2 8 9 -7 4 2 -8 5 3 6 -8 -7 4 -4 6 4 3 
1 8 4 -1 4 5 4 5 -3 7 3 -4 3 9 -8 0 3 2 2 1 
-1 4 -2 -6 2 6 6 0 6 3 9 6 0 8 6 6 -5 5 -4 -6 
-6 -4 5 -5 6 6 8 0 6 9 3 6 0 6 6 2 -6 -2 4 -1 
1 2 2 3 0 -8 9 3 -4 3 7 -3 5 4 5 4 -1 4 8 1 
3 4 6 -4 4 -7 -8 6 3 5 -8 2 4 -7 9 8 2 -9 0 4 
3 -4 4 1 7 8 -4 1 -6 4 3 8 -4 5 8 -6 -3 5 3 -3 
9 2 9 -1 -2 1 -6 1 7 -6 -2 -5 3 5 4 6 -6 -1 0 9 
2 5 -1 6 7 -9 1 2 7 4 2 3 -2 9 6 9 -3 9 -4 2 
8 9 5 0 -9 5 -5 2 7 5 -3 4 2 -5 6 6 3 2 -2 9 
4 8 3 -4 -8 7 -8 -1 -2 9 -6 4 3 8 0 5 -2 4 6 1 
-7 1 4 4 -4 5 3 6 -7 8 2 -5 6 9 5 7 1 1 2 6 
1 1 5 9 7 3 3 -6 3 8 6 6 5 5 3 8 8 6 0 -5 
56
2
8 18
19 5
11 1
0 14
18
6 16 10
16 15 15
14 9 11
11 8 13
14 0 10
9 8 10
15 13 14
16 10 16
0 12 13
13 3 10
3 4 15
5 10 11
8 11 13
5 19 10
10 11 10
4 6 14
3 9 16
19 7 13
40
11 16
0 9
7 14
5 6
12 6
4 7
5 12
15 18
2 10
7 5
12 4
11 5
10 5
16 5
16 9
5 14
12 0
1 7
7 11
8 2
8 3
19 10
12 5
14 13
7 13
15 12
14 7
4 1
17 9
12 14
7 15
8 14
9 14
3 14
3 10
14 5
7 19
18 12
12 8
11 17
