20 20
11 -12 6 13 6 18 8 3 7 21 11 21 23 5 -9 5 -16 -23 10 9 
7 1 12 9 -10 -15 -15 -11 6 -2 13 -13 -6 23 17 -21 4 18 3 5 
10 8 3 15 8 -16 16 15 2 -10 19 16 -19 22 -5 -14 8 -22 11 18 
-12 20 -12 12 4 10 -2 -1 4 -20 6 15 -5 -16 14 22 7 -14 10 13 
9 21 11 -14 19 7 -18 20 12 -8 -3 23 10 18 -16 20 13 1 5 16 
-19 -2 8 8 16 23 18 2 6 -23 10 -15 11 13 22 17 12 2 21 8 
7 16 6 6 13 5 3 -6 7 19 -18 4 21 15 -15 13 16 11 -9 -11 
12 23 16 1 8 1 -5 -21 14 13 16 18 1 16 0 -7 16 9 6 7 
-23 5 23 9 20 -17 -14 -20 -17 -17 -19 -11 -9 11 3 -19 13 2 7 -13 
-18 12 6 17 -19 19 0 -10 -7 12 10 21 4 23 17 8 -13 19 -9 -13 
-13 -9 19 -13 8 17 23 4 21 10 12 -7 -10 0 19 -19 17 6 12 -18 
-13 7 2 13 -19 3 11 -9 -11 -19 -17 -17 -20 -14 -17 20 9 23 5 -23 
7 6 9 16 -7 0 16 1 18 16 13 14 -21 -5 1 8 1 16 23 12 
-11 -9 11 16 13 -15 15 21 4 -18 19 7 -6 3 5 13 6 6 16 7 
8 21 2 12 17 22 13 11 -15 10 -23 6 2 18 23 16 8 8 -2 -19 
16 5 1 13 20 -16 18 10 23 -3 -8 12 20 -18 7 19 -14 11 21 9 
13 10 -14 7 22 14 -16 -5 15 6 -20 4 -1 -2 10 4 12 -12 20 -12 
18 11 -22 8 -14 -5 22 -19 16 19 -10 2 15 16 -16 8 15 3 8 10 
5 3 18 4 -21 17 23 -6 -13 13 -2 6 -11 -15 -15 -10 9 12 1 7 
9 10 -23 -16 5 -9 5 23 21 11 21 7 3 8 18 6 13 6 -12 11 
37
7
3 12
10 6
7 3
15 1
6 8
19 12
14 0
16 7
9 13
12 16
4 18
13 11
0 7
5 19
16
17 0 9
10 1 9
4 12 9
16 6 13
5 7 9
18 11 10
3 8 16
14 5 14
2 19 9
9 18 9
15 7 9
3 13 13
14 12 9
1 8 10
16 11 16
5 14 14
40
14 2
8 10
18 12
8 19
11 8
0 17
2 13
0 11
13 10
15 9
1 15
16 15
0 1
2 12
14 3
4 6
4 0
2 1
1 2
12 14
5 17
11 9
1 7
11 0
8 11
19 2
17 6
19 8
6 9
4 10
18 4
3 4
19 18
17 7
5 16
15 13
15 19
17 18
18 17
7 5
