20 20
10 10 -9 4 8 5 2 11 6 10 3 -1 10 2 -5 7 -2 0 3 -2 
2 -1 -9 2 9 2 -7 1 -11 4 7 -5 -2 10 8 7 -3 10 11 8 
11 -3 5 11 8 10 -6 9 1 0 6 7 -10 9 5 4 8 6 1 11 
10 4 11 7 1 -8 0 -9 7 5 3 10 2 11 4 3 4 5 8 11 
0 11 9 4 1 0 -3 10 5 11 3 9 10 8 6 7 3 3 2 8 
-6 4 3 11 -10 6 3 10 3 10 5 9 5 6 7 5 9 4 3 2 
-4 5 -11 8 11 3 7 11 0 0 4 -5 8 7 -2 -2 3 5 10 1 
4 0 0 6 2 -8 7 8 1 -1 -6 10 1 -7 -3 -1 8 11 8 -4 
11 2 10 6 8 2 -7 11 -9 -2 0 10 2 0 8 -5 9 10 -6 8 
-9 -8 10 4 3 -2 5 1 -1 -2 3 -11 7 10 2 6 7 8 -5 5 
5 -5 8 7 6 2 10 7 -11 3 -2 -1 1 5 -2 3 4 10 -8 -9 
8 -6 10 9 -5 8 0 2 10 0 -2 -9 11 -7 2 8 6 10 2 11 
-4 8 11 8 -1 -3 -7 1 10 -6 -1 1 8 7 -8 2 6 0 0 4 
1 10 5 3 -2 -2 7 8 -5 4 0 0 11 7 3 11 8 -11 5 -4 
2 3 4 9 5 7 6 5 9 5 10 3 10 3 6 -10 11 3 4 -6 
8 2 3 3 7 6 8 10 9 3 11 5 10 -3 0 1 4 9 11 0 
11 8 5 4 3 4 11 2 10 3 5 7 -9 0 -8 1 7 11 4 10 
11 1 6 8 4 5 9 -10 7 6 0 1 9 -6 10 8 11 5 -3 11 
8 11 10 -3 7 8 10 -2 -5 7 4 -11 1 -7 2 9 2 -9 -1 2 
-2 3 0 -2 7 -5 2 10 -1 3 10 6 11 2 5 8 4 -9 10 10 
38
3
2 1
0 14
0 15
17 18
19 5
19 4
20
13 11 11
7 3 14
2 18 13
6 2 15
16 18 8
4 14 9
4 7 16
11 4 12
15 6 16
11 1 13
6 8 11
12 16 14
17 1 13
13 17 15
3 1 8
15 5 9
15 12 16
8 15 12
4 13 16
8 18 13
38
4 11
6 13
8 11
10 3
11 19
11 15
1 3
7 14
2 4
3 2
15 13
1 17
17 0
4 5
5 18
17 13
7 5
18 5
4 0
15 8
13 6
11 8
9 16
8 0
8 4
18 16
12 5
17 15
16 17
4 6
18 2
2 19
15 14
14 1
2 6
12 14
1 14
15 19
