20 20
-6 7 -12 12 13 8 15 12 11 16 -7 -24 12 20 15 -4 -18 9 7 22 
16 12 -8 -14 7 -6 16 6 18 11 4 12 11 16 23 -17 7 0 13 3 
25 19 1 22 14 3 10 22 19 17 -4 22 20 -16 -12 11 17 25 -6 8 
5 8 10 2 -13 -1 18 -3 -16 -17 -23 4 -10 6 13 4 16 23 18 2 
1 -11 17 16 -7 -8 4 0 -6 12 -3 -19 19 1 -15 -3 4 6 -13 8 
-24 24 -20 16 13 -14 21 14 11 21 7 25 4 11 13 15 0 17 2 -6 
-6 8 15 25 19 13 3 25 10 24 13 -21 15 17 -5 19 3 12 6 22 
-4 14 22 18 1 -20 14 2 -16 22 -4 20 0 -14 8 22 22 -7 25 19 
19 9 5 17 19 19 18 1 19 18 9 -12 8 3 -20 18 23 11 15 25 
25 10 9 3 14 7 -1 9 25 -13 0 2 -19 -23 9 -9 -4 11 -24 14 
14 -24 11 -4 -9 9 -23 -19 2 0 -13 25 9 -1 7 14 3 9 10 25 
25 15 11 23 18 -20 3 8 -12 9 18 19 1 18 19 19 17 5 9 19 
19 25 -7 22 22 8 -14 0 20 -4 22 -16 2 14 -20 1 18 22 14 -4 
22 6 12 3 19 -5 17 15 -21 13 24 10 25 3 13 19 25 15 8 -6 
-6 2 17 0 15 13 11 4 25 7 21 11 14 21 -14 13 16 -20 24 -24 
8 -13 6 4 -3 -15 1 19 -19 -3 12 -6 0 4 -8 -7 16 17 -11 1 
2 18 23 16 4 13 6 -10 4 -23 -17 -16 -3 18 -1 -13 2 10 8 5 
8 -6 25 17 11 -12 -16 20 22 -4 17 19 22 10 3 14 22 1 19 25 
3 13 0 7 -17 23 16 11 12 4 11 18 6 16 -6 7 -14 -8 12 16 
22 7 9 -18 -4 15 20 12 -24 -7 16 11 12 15 8 13 12 -12 7 -6 
50
3
5 16
5 1
2 5
14 3
14 18
17 14
8
13 15 13
7 18 9
19 5 14
17 16 14
6 4 13
12 1 9
0 14 14
2 3 14
36
12 11
3 2
18 7
3 0
4 19
11 3
12 18
3 18
14 17
17 4
12 17
11 12
9 0
5 6
16 13
10 2
13 14
2 6
7 8
16 17
1 12
16 19
15 0
8 16
7 1
16 1
5 2
2 15
7 2
8 7
10 19
14 13
3 6
9 17
6 5
17 13
