20 20
-4 5 2 7 8 2 -1 -10 3 -6 1 8 -4 -8 0 -6 -7 1 7 10 
10 6 7 -7 0 -9 -9 0 -5 7 -7 -5 2 9 3 4 -5 8 10 4 
6 2 6 9 7 3 -7 10 7 10 6 -3 1 4 8 7 -4 10 6 8 
2 0 5 -4 -2 -2 0 2 2 4 -9 9 10 2 -2 2 9 -1 7 -2 
4 1 3 6 -4 8 2 10 6 10 8 2 8 -1 6 2 1 -8 1 9 
4 6 -3 1 -7 2 9 -2 3 1 3 -2 -8 6 6 1 7 -1 7 -7 
3 10 2 8 7 -8 1 9 6 5 10 5 -5 0 10 0 8 -4 2 -2 
-10 10 -10 1 8 2 6 2 8 4 -7 4 9 0 4 7 7 5 3 -7 
9 8 8 7 6 -1 4 -10 -1 5 -2 5 2 9 3 5 0 8 6 3 
-6 0 -1 4 10 2 -4 5 3 5 -3 -2 -1 -3 9 10 0 4 0 -4 
-4 0 4 0 10 9 -3 -1 -2 -3 5 3 5 -4 2 10 4 -1 0 -6 
3 6 8 0 5 3 9 2 5 -2 5 -1 -10 4 -1 6 7 8 8 9 
-7 3 5 7 7 4 0 9 4 -7 4 8 2 6 2 8 1 -10 10 -10 
-2 2 -4 8 0 10 0 -5 5 10 5 6 9 1 -8 7 8 2 10 3 
-7 7 -1 7 1 6 6 -8 -2 3 1 3 -2 9 2 -7 1 -3 6 4 
9 1 -8 1 2 6 -1 8 2 8 10 6 10 2 8 -4 6 3 1 4 
-2 7 -1 9 2 -2 2 10 9 -9 4 2 2 0 -2 -2 -4 5 0 2 
8 6 10 -4 7 8 4 1 -3 6 10 7 10 -7 3 7 9 6 2 6 
4 10 8 -5 4 3 9 2 -5 -7 7 -5 0 -9 -9 0 -7 7 6 10 
10 7 1 -7 -6 0 -8 -4 8 1 -6 3 -10 -1 2 8 7 2 5 -4 
33
4
18 16
9 3
0 9
1 19
1 3
10 16
19 10
18 0
8
11 1 8
17 2 10
3 16 13
14 13 8
8 18 8
2 17 10
16 3 13
5 6 8
32
0 3
15 19
12 5
15 14
18 9
15 10
18 5
2 11
14 3
13 14
3 10
9 19
11 19
16 8
11 15
12 0
19 16
4 0
7 14
4 5
1 10
4 9
1 14
17 8
5 16
6 5
16 9
10 0
8 0
3 11
8 4
7 19
