20 20
6 -5 12 12 2 -5 4 15 6 -18 -8 6 -9 15 8 13 7 -18 4 -12 
0 2 -1 3 -2 -10 3 -5 20 2 7 0 -14 13 4 11 7 8 3 2 
6 -5 11 -15 -19 6 8 -16 14 19 4 5 -12 13 -16 5 10 10 12 11 
10 8 9 15 11 3 14 -13 -13 3 19 20 18 2 4 -16 16 -11 4 -2 
-2 -5 -7 15 17 8 10 2 20 19 2 9 7 5 5 2 7 9 3 -10 
18 16 -2 2 3 9 13 0 11 7 20 15 13 10 -3 -12 9 7 -5 1 
14 8 3 11 -9 17 11 -5 -5 -6 6 -20 15 15 7 3 11 -4 1 8 
18 4 -17 -16 -2 5 -12 9 1 -18 11 17 15 2 -19 -8 18 14 19 1 
12 -20 16 13 7 17 -4 -10 9 14 17 4 0 19 7 13 5 16 12 -6 
0 19 17 9 16 15 0 9 1 15 12 14 -16 5 6 -18 12 -12 12 -13 
-13 12 -12 12 -18 6 5 -16 14 12 15 1 9 0 15 16 9 17 19 0 
-6 12 16 5 13 7 19 0 4 17 14 9 -10 -4 17 7 13 16 -20 12 
1 19 14 18 -8 -19 2 15 17 11 -18 1 9 -12 5 -2 -16 -17 4 18 
8 1 -4 11 3 7 15 15 -20 6 -6 -5 -5 11 17 -9 11 3 8 14 
1 -5 7 9 -12 -3 10 13 15 20 7 11 0 13 9 3 2 -2 16 18 
-10 3 9 7 2 5 5 7 9 2 19 20 2 10 8 17 15 -7 -5 -2 
-2 4 -11 16 -16 4 2 18 20 19 3 -13 -13 14 3 11 15 9 8 10 
11 12 10 10 5 -16 13 -12 5 4 19 14 -16 8 6 -19 -15 11 -5 6 
2 3 8 7 11 4 13 -14 0 7 2 20 -5 3 -10 -2 3 -1 2 0 
-12 4 -18 7 13 8 15 -9 6 -8 -18 6 15 4 -5 2 12 12 -5 6 
37
8
18 0
14 2
5 19
14 9
5 16
12 17
2 12
19 14
1 19
5 17
14 0
5 10
14 3
7 2
17 7
0 5
12
8 0 15
4 7 15
10 5 8
15 13 15
7 6 9
18 2 15
11 19 15
15 12 15
9 14 8
4 6 15
12 13 9
1 17 15
28
9 3
8 19
16 13
11 2
15 5
14 11
18 12
16 5
6 14
1 0
3 19
1 15
0 6
18 7
10 16
11 0
3 6
8 17
4 14
5 8
1 7
3 14
13 5
18 19
16 0
18 4
19 13
1 12
