20 20
-10 -10 10 8 -4 1 3 5 4 -8 1 10 8 2 10 -9 5 2 2 -1 
6 4 -2 9 -8 0 9 -9 4 8 -8 0 6 2 8 8 6 1 0 6 
10 1 7 6 9 -7 3 -10 -2 2 1 8 1 -2 5 2 9 -2 3 -2 
1 1 4 -7 10 -7 5 -9 10 -6 9 -4 6 -10 9 2 -4 2 7 7 
-8 -6 8 -2 9 5 10 3 -6 3 3 9 10 0 -6 4 -10 -9 3 3 
-5 0 -5 2 3 0 2 8 0 1 3 10 -9 1 1 0 4 1 0 8 
7 1 4 9 1 10 -9 -8 1 10 7 8 0 8 6 0 7 8 3 -10 
-4 2 5 8 -3 -9 -10 8 3 10 4 9 -8 2 1 7 7 -8 9 4 
-5 -5 5 7 -9 1 7 3 -6 0 -2 -10 4 2 5 6 8 10 3 1 
-6 2 1 4 7 0 8 3 5 0 7 -6 5 1 -8 -2 -5 10 0 -3 
-3 0 10 -5 -2 -8 1 5 -6 7 0 5 3 8 0 7 4 1 2 -6 
1 3 10 8 6 5 2 4 -10 -2 0 -6 3 7 1 -9 7 5 -5 -5 
4 9 -8 7 7 1 2 -8 9 4 10 3 8 -10 -9 -3 8 5 2 -4 
-10 3 8 7 0 6 8 0 8 7 10 1 -8 -9 10 1 9 4 1 7 
8 0 1 4 0 1 1 -9 10 3 1 0 8 2 0 3 2 -5 0 -5 
3 3 -9 -10 4 -6 0 10 9 3 3 -6 3 10 5 9 -2 8 -6 -8 
7 7 2 -4 2 9 -10 6 -4 9 -6 10 -9 5 -7 10 -7 4 1 1 
-2 3 -2 9 2 5 -2 1 8 1 2 -2 -10 3 -7 9 6 7 1 10 
6 0 1 6 8 8 2 6 0 -8 8 4 -9 9 0 -8 9 -2 4 6 
-1 2 2 5 -9 10 2 8 10 1 -8 4 5 3 1 -4 8 10 -10 -10 
36
5
19 10
16 4
14 0
5 4
15 14
0 9
3 15
5 19
14 15
4 5
14
5 14 12
4 15 9
3 10 14
17 1 9
16 8 16
11 5 14
3 7 16
14 5 12
15 4 9
16 9 14
2 18 9
3 11 16
8 14 14
16 12 16
32
7 11
19 3
15 6
1 11
17 13
2 5
6 2
8 19
7 3
14 11
19 5
5 10
9 4
19 8
10 7
12 6
12 8
0 16
4 13
18 8
2 6
17 14
13 17
11 0
12 16
5 8
0 14
14 9
10 15
0 11
9 12
7 13
