20 20
-25 6 26 2 30 3 20 -4 12 30 -2 25 2 -11 8 28 26 -28 12 -5 
0 -25 16 29 13 19 3 7 13 -4 16 1 -1 28 20 6 -26 17 24 17 
-18 30 16 -8 1 -23 -1 13 2 25 29 2 4 -1 11 10 19 26 3 30 
-11 19 17 5 16 2 2 -27 10 25 12 4 8 25 10 -27 15 22 7 3 
30 3 14 21 11 -25 -19 11 -24 27 30 -23 30 13 24 -21 11 0 16 3 
2 17 7 12 2 22 -22 30 9 5 30 6 -27 9 -29 28 27 3 24 8 
14 20 23 15 25 12 -11 -15 -27 16 17 -30 6 12 20 14 12 22 8 11 
18 28 29 -15 27 5 12 11 28 9 4 5 21 27 8 3 6 30 -11 28 
10 27 -14 24 28 30 -17 -23 19 29 13 -11 9 8 18 -10 7 -21 -11 -21 
-9 5 -29 23 -13 25 27 2 -12 -28 22 14 16 11 13 18 25 15 25 -19 
-19 25 15 25 18 13 11 16 14 22 -28 -12 2 27 25 -13 23 -29 5 -9 
-21 -11 -21 7 -10 18 8 9 -11 13 29 19 -23 -17 30 28 24 -14 27 10 
28 -11 30 6 3 8 27 21 5 4 9 28 11 12 5 27 -15 29 28 18 
11 8 22 12 14 20 12 6 -30 17 16 -27 -15 -11 12 25 15 23 20 14 
8 24 3 27 28 -29 9 -27 6 30 5 9 30 -22 22 2 12 7 17 2 
3 16 0 11 -21 24 13 30 -23 30 27 -24 11 -19 -25 11 21 14 3 30 
3 7 22 15 -27 10 25 8 4 12 25 10 -27 2 2 16 5 17 19 -11 
30 3 26 19 10 11 -1 4 2 29 25 2 13 -1 -23 1 -8 16 30 -18 
17 24 17 -26 6 20 28 -1 1 16 -4 13 7 3 19 13 29 16 -25 0 
-5 12 -28 26 28 8 -11 2 25 -2 30 12 -4 20 3 30 2 26 6 -25 
33
5
8 15
0 5
7 19
19 10
17 10
11 4
19 14
12 0
0 9
2 9
20
11 17 16
6 4 12
15 9 13
4 19 11
15 17 10
2 15 13
14 12 8
2 16 12
10 17 12
1 13 10
8 2 16
13 15 12
4 10 13
15 0 11
4 2 10
17 4 13
5 7 8
17 3 12
9 2 12
18 6 10
34
0 10
5 2
14 1
19 3
15 13
2 6
10 6
0 1
6 9
11 6
16 17
15 5
8 17
9 10
18 2
4 7
14 18
19 9
14 17
5 18
0 16
4 6
17 13
9 13
19 18
13 10
8 13
3 2
4 14
11 2
10 9
1 17
15 12
5 1
