20 20
14 -20 -21 20 -3 -7 -9 14 11 2 -23 14 10 -27 27 0 14 22 27 13 
-9 5 2 6 26 -15 21 4 20 -25 -20 9 -9 13 -2 23 5 15 1 10 
14 -10 -14 24 8 -18 23 19 25 6 7 18 7 26 17 25 8 2 4 12 
5 9 8 1 14 16 20 14 20 9 23 1 26 10 21 -14 13 13 24 12 
14 -3 5 15 -19 7 -10 18 -14 -1 -23 2 13 21 13 -3 -12 10 17 5 
12 25 27 26 2 3 23 10 -13 17 21 7 -2 15 -20 10 18 10 12 23 
-21 15 -25 13 -20 12 13 4 -4 0 3 1 6 11 13 25 26 15 16 13 
23 17 17 2 16 13 18 22 -2 -26 14 18 14 4 21 22 -4 -20 -16 3 
19 -13 9 -26 22 -23 -23 21 -14 2 19 21 -12 14 -11 22 -1 -25 11 24 
22 21 3 6 1 5 17 13 9 -2 26 11 2 19 20 2 -19 -16 16 26 
26 16 -16 -19 2 20 19 2 11 26 -2 9 13 17 5 1 6 3 21 22 
24 11 -25 -1 22 -11 14 -12 21 19 2 -14 21 -23 -23 22 -26 9 -13 19 
3 -16 -20 -4 22 21 4 14 18 14 -26 -2 22 18 13 16 2 17 17 23 
13 16 15 26 25 13 11 6 1 3 0 -4 4 13 12 -20 13 -25 15 -21 
23 12 10 18 10 -20 15 -2 7 21 17 -13 10 23 3 2 26 27 25 12 
5 17 10 -12 -3 13 21 13 2 -23 -1 -14 18 -10 7 -19 15 5 -3 14 
12 24 13 13 -14 21 10 26 1 23 9 20 14 20 16 14 1 8 9 5 
12 4 2 8 25 17 26 7 18 7 6 25 19 23 -18 8 24 -14 -10 14 
10 1 15 5 23 -2 13 -9 9 -20 -25 20 4 21 -15 26 6 2 5 -9 
13 27 22 14 0 27 -27 10 14 -23 2 11 14 -9 -7 -3 20 -21 -20 14 
48
6
9 12
16 4
5 4
10 0
12 10
5 1
10 7
3 15
14 15
9 19
7 9
14 18
18
10 9 16
1 12 9
12 11 14
10 5 10
9 7 8
18 16 13
10 19 16
2 0 15
6 11 15
9 10 16
18 7 9
7 8 14
9 14 10
10 12 8
1 3 13
9 0 16
17 19 15
13 8 15
34
12 2
19 12
1 18
4 8
9 13
0 17
4 3
1 17
11 7
7 12
13 6
14 7
6 16
17 8
4 11
2 8
15 17
7 17
0 7
18 1
15 11
10 6
19 2
15 16
18 2
8 12
12 7
6 13
5 12
13 3
2 11
15 8
17 11
4 2
