20 20
4 4 4 3 5 4 2 3 1 0 -5 5 3 2 2 4 5 5 1 3 
4 3 2 3 -5 3 -1 1 4 -1 -3 2 3 0 -4 0 4 2 2 4 
-4 -2 1 -2 4 -2 3 4 1 5 4 3 1 4 -1 2 5 0 -1 1 
3 5 3 4 0 5 -2 2 3 4 3 4 3 4 2 -1 -5 4 1 -5 
0 3 3 0 2 2 0 4 5 5 -1 5 -1 1 5 4 2 5 -3 3 
2 5 2 1 0 4 -3 1 0 5 1 1 -4 1 -1 5 -4 2 -3 4 
2 2 5 -5 0 -4 0 5 -1 2 1 -3 1 2 -1 4 4 5 4 2 
1 -2 -4 2 0 1 1 1 -2 1 -2 4 -2 0 5 2 -4 4 5 5 
2 3 0 0 2 4 5 -5 -3 0 4 2 5 -5 2 2 3 2 4 -5 
1 3 3 -3 0 3 3 4 5 5 5 -5 0 5 4 0 5 -1 3 2 
2 3 -1 5 0 4 5 0 -5 5 5 5 4 3 3 0 -3 3 3 1 
-5 4 2 3 2 2 -5 5 2 4 0 -3 -5 5 4 2 0 0 3 2 
5 5 4 -4 2 5 0 -2 4 -2 1 -2 1 1 1 0 2 -4 -2 1 
2 4 5 4 4 -1 2 1 -3 1 2 -1 5 0 -4 0 -5 5 2 2 
4 -3 2 -4 5 -1 1 -4 1 1 5 0 1 -3 4 0 1 2 5 2 
3 -3 5 2 4 5 1 -1 5 -1 5 5 4 0 2 2 0 3 3 0 
-5 1 4 -5 -1 2 4 3 4 3 4 3 2 -2 5 0 4 3 5 3 
1 -1 0 5 2 -1 4 1 3 4 5 1 4 3 -2 4 -2 1 -2 -4 
4 2 2 4 0 -4 0 3 2 -3 -1 4 1 -1 3 -5 3 2 3 4 
3 1 5 5 4 2 2 3 5 -5 0 1 3 2 4 5 3 4 4 4 
59
5
0 13
0 17
10 0
16 12
19 3
19 6
19 2
9 19
3 7
0 16
16
0 18 8
11 14 8
6 5 12
3 5 12
11 17 8
5 3 12
12 8 14
9 4 10
19 1 8
8 5 8
13 14 12
16 14 12
8 2 8
14 16 12
7 11 14
10 15 10
30
13 12
17 3
10 6
2 3
14 10
17 19
14 11
0 3
16 1
12 16
8 1
17 9
18 15
19 17
16 6
6 7
2 16
9 13
17 16
5 9
2 0
5 8
19 16
3 18
7 3
11 18
2 10
1 4
0 2
3 13
