20 20
5 9 -15 7 -10 0 13 -4 4 -7 2 1 1 2 4 13 7 5 13 9 
3 13 14 9 14 6 13 10 -13 12 12 -9 -1 14 9 -10 -4 1 -2 -11 
4 -11 3 -1 2 12 7 12 -12 -12 13 -10 0 -3 -11 -5 2 15 -10 8 
6 14 10 8 1 10 -7 -11 -4 1 10 9 14 7 6 6 5 1 10 11 
-11 14 7 -3 14 -10 2 -12 -1 9 0 6 14 6 -4 -3 -10 5 8 6 
-6 3 6 8 14 5 8 7 -1 15 2 -6 -6 5 4 3 14 1 12 7 
3 5 -3 1 10 5 2 8 15 4 6 14 13 12 1 2 5 4 2 11 
2 12 10 5 4 3 13 0 8 -11 -6 6 9 0 3 10 10 5 3 4 
8 12 -3 15 -3 9 7 0 -8 13 9 1 4 2 -3 7 12 15 6 0 
1 5 1 7 -8 -7 2 9 -15 14 4 15 7 9 4 15 3 9 7 -6 
-6 7 9 3 15 4 9 7 15 4 14 -15 9 2 -7 -8 7 1 5 1 
0 6 15 12 7 -3 2 4 1 9 13 -8 0 7 9 -3 15 -3 12 8 
4 3 5 10 10 3 0 9 6 -6 -11 8 0 13 3 4 5 10 12 2 
11 2 4 5 2 1 12 13 14 6 4 15 8 2 5 10 1 -3 5 3 
7 12 1 14 3 4 5 -6 -6 2 15 -1 7 8 5 14 8 6 3 -6 
6 8 5 -10 -3 -4 6 14 6 0 9 -1 -12 2 -10 14 -3 7 14 -11 
11 10 1 5 6 6 7 14 9 10 1 -4 -11 -7 10 1 8 10 14 6 
8 -10 15 2 -5 -11 -3 0 -10 13 -12 -12 12 7 12 2 -1 3 -11 4 
-11 -2 1 -4 -10 9 14 -1 -9 12 12 -13 10 13 6 14 9 14 13 3 
9 13 5 7 13 4 2 1 1 2 -7 4 -4 13 0 -10 7 -15 9 5 
38
8
5 9
4 1
6 14
16 4
16 1
2 14
4 6
1 15
14 10
15 18
13 5
3 15
3 18
17 5
15 13
18 4
18
6 1 11
18 9 8
19 14 8
3 13 16
10 15 8
4 13 13
6 9 14
10 17 9
4 9 14
13 18 11
1 10 8
0 5 8
16 6 16
9 4 8
15 6 13
13 10 14
9 2 9
15 10 14
30
12 4
3 6
5 19
11 9
13 17
6 17
11 15
5 7
12 5
5 8
3 0
3 11
12 8
17 0
6 16
7 15
16 13
14 0
8 10
6 2
13 2
8 4
14 12
7 14
14 11
16 19
16 8
7 11
2 19
13 3
