20 20
29 12 8 29 28 19 -5 11 28 4 -13 17 -12 -17 11 9 19 27 5 -19 
5 5 -13 13 24 0 -20 -15 21 6 2 14 29 9 13 11 6 25 3 13 
11 25 6 -7 8 -7 17 25 1 22 23 -21 20 -21 9 23 24 8 23 26 
11 -11 6 13 29 1 12 12 -4 -26 21 20 -24 25 21 9 22 10 -9 25 
28 26 26 20 27 13 -27 28 5 23 29 10 7 14 20 25 5 7 26 2 
14 14 7 18 8 19 26 26 5 13 1 14 -12 21 14 16 16 -24 17 6 
6 24 4 24 -29 7 6 25 19 9 26 27 12 14 -26 -24 22 25 7 -7 
24 1 10 7 -29 29 -15 23 15 28 28 25 15 28 13 14 5 15 -15 10 
29 15 15 -3 10 27 19 8 20 2 -9 6 20 16 -4 27 24 2 24 12 
-12 5 -20 23 -24 -15 6 5 23 -24 25 4 6 -9 11 6 18 14 8 11 
11 8 14 18 6 11 -9 6 4 25 -24 23 5 6 -15 -24 23 -20 5 -12 
12 24 2 24 27 -4 16 20 6 -9 2 20 8 19 27 10 -3 15 15 29 
10 -15 15 5 14 13 28 15 25 28 28 15 23 -15 29 -29 7 10 1 24 
-7 7 25 22 -24 -26 14 12 27 26 9 19 25 6 7 -29 24 4 24 6 
6 17 -24 16 16 14 21 -12 14 1 13 5 26 26 19 8 18 7 14 14 
2 26 7 5 25 20 14 7 10 29 23 5 28 -27 13 27 20 26 26 28 
25 -9 10 22 9 21 25 -24 20 21 -26 -4 12 12 1 29 13 6 -11 11 
26 23 8 24 23 9 -21 20 -21 23 22 1 25 17 -7 8 -7 6 25 11 
13 3 25 6 11 13 9 29 14 2 6 21 -15 -20 0 24 13 -13 5 5 
-19 5 27 19 9 11 -17 -12 17 -13 4 28 11 -5 19 28 29 8 12 29 
36
3
16 1
10 4
17 15
3 18
9 15
2 4
8
10 12 15
11 1 10
18 10 16
0 2 9
9 7 15
8 18 10
1 9 16
19 17 9
32
1 10
16 18
13 4
13 0
1 4
6 16
4 12
4 11
7 2
9 17
1 5
19 12
7 1
17 6
14 6
8 7
18 9
3 1
6 15
6 19
18 15
13 3
15 7
15 8
12 17
10 2
18 14
0 7
12 18
2 13
5 13
11 12
