20 20
2 7 -14 21 21 2 7 11 10 11 5 3 14 14 17 -1 17 8 6 10 
14 1 11 11 7 20 8 -19 -19 6 -14 10 16 -14 -21 13 -4 20 9 -4 
21 15 5 14 8 15 -15 11 21 8 10 4 18 -7 16 17 -19 -7 0 10 
9 5 14 15 3 17 8 8 2 3 18 10 -17 10 4 1 -18 15 0 13 
21 10 10 19 -8 -9 21 -13 14 17 20 -14 17 -14 14 5 5 -16 0 -5 
6 19 15 1 5 19 19 16 -15 4 21 20 16 7 16 -16 12 5 5 -14 
6 14 -9 -15 1 -21 2 3 -5 -4 9 14 1 8 10 6 15 20 1 1 
7 14 21 5 3 7 -12 16 2 3 -19 9 -18 18 15 -6 7 1 5 1 
10 -2 19 14 7 -11 12 3 15 6 -16 6 15 -16 -13 21 -7 -1 4 3 
-13 9 -9 -6 13 -8 2 -7 0 11 4 9 19 1 9 6 14 13 -8 21 
21 -8 13 14 6 9 1 19 9 4 11 0 -7 2 -8 13 -6 -9 9 -13 
3 4 -1 -7 21 -13 -16 15 6 -16 6 15 3 12 -11 7 14 19 -2 10 
1 5 1 7 -6 15 18 -18 9 -19 3 2 16 -12 7 3 5 21 14 7 
1 1 20 15 6 10 8 1 14 9 -4 -5 3 2 -21 1 -15 -9 14 6 
-14 5 5 12 -16 16 7 16 20 21 4 -15 16 19 19 5 1 15 19 6 
-5 0 -16 5 5 14 -14 17 -14 20 17 14 -13 21 -9 -8 19 10 10 21 
13 0 15 -18 1 4 10 -17 10 18 3 2 8 8 17 3 15 14 5 9 
10 0 -7 -19 17 16 -7 18 4 10 8 21 11 -15 15 8 14 5 15 21 
-4 9 20 -4 13 -21 -14 16 10 -14 6 -19 -19 8 20 7 11 11 1 14 
10 6 8 17 -1 17 14 14 3 5 11 10 11 7 2 21 21 -14 7 2 
51
4
18 14
16 3
15 5
10 4
1 5
3 16
4 14
9 15
16
0 16 10
2 13 14
19 18 11
8 1 14
2 19 12
9 6 10
15 12 12
5 19 10
19 3 10
17 6 14
0 1 11
11 18 14
17 0 12
10 13 10
4 7 12
14 0 10
30
18 5
5 16
13 2
17 3
19 14
16 5
19 13
13 6
5 3
10 11
2 10
2 8
15 3
18 12
15 10
1 14
14 3
6 17
2 16
0 5
3 14
0 6
6 13
14 16
9 8
17 9
17 11
4 16
1 7
4 9
