20 20
-2 -2 3 1 1 -3 1 2 3 -4 -1 4 4 -2 -3 -2 2 4 2 -3 
3 3 3 2 -4 1 2 3 0 -3 4 1 3 1 2 3 3 1 4 4 
-4 3 0 -2 2 0 2 -3 4 3 1 2 -3 -2 -4 2 2 0 2 1 
0 3 -2 -4 4 2 1 4 -1 2 1 3 -2 3 3 0 2 0 3 -3 
4 0 1 -4 1 0 4 3 -3 0 1 -2 4 0 2 -2 4 1 4 3 
4 1 4 2 0 -3 4 -3 -1 1 4 3 1 -4 -1 0 2 4 -1 2 
3 2 1 -3 0 0 3 3 0 1 3 2 -2 2 0 1 3 -4 1 1 
3 1 1 1 -1 1 -2 3 1 3 4 3 -4 4 4 4 2 1 3 2 
2 1 -1 4 4 1 1 4 3 2 -1 0 3 -4 3 1 2 -1 1 3 
1 1 4 -4 0 -2 0 4 0 1 4 0 -2 1 0 1 0 3 2 4 
4 2 3 0 1 0 1 -2 0 4 1 0 4 0 -2 0 -4 4 1 1 
3 1 -1 2 1 3 -4 3 0 -1 2 3 4 1 1 4 4 -1 1 2 
2 3 1 2 4 4 4 -4 3 4 3 1 3 -2 1 -1 1 1 1 3 
1 1 -4 3 1 0 2 -2 2 3 1 0 3 3 0 0 -3 1 2 3 
2 -1 4 2 0 -1 -4 1 3 4 1 -1 -3 4 -3 0 2 4 1 4 
3 4 1 4 -2 2 0 4 -2 1 0 -3 3 4 0 1 -4 1 0 4 
-3 3 0 2 0 3 3 -2 3 1 2 -1 4 1 2 4 -4 -2 3 0 
1 2 0 2 2 -4 -2 -3 2 1 3 4 -3 2 0 2 -2 0 3 -4 
4 4 1 3 3 2 1 3 1 4 -3 0 3 2 1 -4 2 3 3 3 
-3 2 4 2 -2 -3 -2 4 4 -1 -4 3 2 1 -3 1 1 3 -2 -2 
43
6
13 10
3 6
16 15
19 10
8 15
13 14
6 9
16 13
3 4
0 9
11 4
6 5
20
9 1 12
1 8 9
19 1 13
14 8 14
19 13 13
19 5 12
7 17 13
12 14 16
16 2 9
6 1 12
10 18 12
18 11 9
0 18 13
5 11 14
0 6 13
0 14 12
12 2 13
7 5 16
3 17 9
13 18 12
26
0 8
10 7
3 7
12 7
7 14
13 5
7 1
18 5
10 8
11 14
19 17
10 1
16 17
19 11
9 12
16 12
7 12
12 5
6 14
12 18
1 14
9 11
8 5
0 2
9 18
3 2
