20 20
13 5 22 -19 21 5 -18 -6 15 6 1 -15 4 3 1 6 11 17 20 5 
-10 20 10 4 2 15 22 21 19 4 6 -6 -9 10 13 16 -20 10 -19 12 
3 11 16 6 6 2 -17 0 6 -14 2 18 11 12 21 4 -6 15 15 2 
-1 -3 9 13 18 -21 11 13 16 -2 17 4 -19 -5 -10 8 1 15 -4 -5 
18 7 2 4 -20 5 6 -9 11 -8 9 6 1 -12 17 8 20 18 9 17 
19 2 13 -13 -2 20 14 13 -21 2 22 22 21 22 16 19 -1 20 10 -12 
18 -18 11 3 22 8 22 -4 14 -9 -6 3 15 -18 20 4 1 8 7 18 
5 4 5 17 0 5 20 -11 13 -13 -14 14 3 20 -21 2 8 -15 19 19 
0 -15 -1 22 16 6 12 -16 -9 1 -6 -20 0 13 -8 -4 22 0 22 -13 
-2 17 -4 -8 3 -17 17 21 15 16 11 8 1 9 2 9 16 18 5 10 
10 5 18 16 9 2 9 1 8 11 16 15 21 17 -17 3 -8 -4 17 -2 
-13 22 0 22 -4 -8 13 0 -20 -6 1 -9 -16 12 6 16 22 -1 -15 0 
19 19 -15 8 2 -21 20 3 14 -14 -13 13 -11 20 5 0 17 5 4 5 
18 7 8 1 4 20 -18 15 3 -6 -9 14 -4 22 8 22 3 11 -18 18 
-12 10 20 -1 19 16 22 21 22 22 2 -21 13 14 20 -2 -13 13 2 19 
17 9 18 20 8 17 -12 1 6 9 -8 11 -9 6 5 -20 4 2 7 18 
-5 -4 15 1 8 -10 -5 -19 4 17 -2 16 13 11 -21 18 13 9 -3 -1 
2 15 15 -6 4 21 12 11 18 2 -14 6 0 -17 2 6 6 16 11 3 
12 -19 10 -20 16 13 10 -9 -6 6 4 19 21 22 15 2 4 10 20 -10 
5 20 17 11 6 1 3 4 -15 1 6 15 -6 -18 5 21 -19 22 5 13 
36
6
14 15
1 16
7 6
4 12
17 16
9 6
5 4
18 3
12 13
15 7
2 3
10 13
12
19 14 10
13 0 13
5 9 8
3 18 14
10 5 11
7 3 9
0 5 10
6 19 13
14 10 8
16 1 14
9 14 11
12 16 9
26
15 4
0 12
17 10
2 16
12 5
2 14
1 11
16 6
6 0
18 9
12 17
3 19
13 17
4 15
19 7
2 9
17 3
7 14
17 5
18 8
3 13
13 19
1 10
7 2
16 0
6 2
