20 20
8 10 9 12 8 -3 15 10 -8 -15 10 9 4 1 6 -16 10 -15 7 7 
9 10 15 13 9 12 -17 9 11 12 0 7 16 11 2 7 15 9 -11 -12 
17 -12 9 -15 7 16 -16 17 -10 -11 6 -17 8 3 -14 4 -1 17 8 2 
3 10 0 11 15 5 -8 10 8 -16 -15 13 -13 14 -2 17 1 -6 4 11 
11 1 12 -10 7 -4 16 16 16 5 5 -2 14 4 0 3 -14 -12 3 12 
2 -7 14 7 7 11 10 -8 9 17 15 5 3 -9 -12 5 11 -5 -9 13 
14 -13 12 12 16 14 2 2 16 -11 -13 8 13 3 3 -4 -4 11 8 3 
3 5 -9 15 -13 2 0 2 0 1 5 13 0 12 16 0 7 14 4 14 
-1 4 17 11 4 4 7 3 3 13 5 15 3 -4 -2 15 4 16 8 17 
13 11 -6 -3 11 12 -7 3 4 5 2 9 -12 -9 1 8 12 12 8 -8 
-8 8 12 12 8 1 -9 -12 9 2 5 4 3 -7 12 11 -3 -6 11 13 
17 8 16 4 15 -2 -4 3 15 5 13 3 3 7 4 4 11 17 4 -1 
14 4 14 7 0 16 12 0 13 5 1 0 2 0 2 -13 15 -9 5 3 
3 8 11 -4 -4 3 3 13 8 -13 -11 16 2 2 14 16 12 12 -13 14 
13 -9 -5 11 5 -12 -9 3 5 15 17 9 -8 10 11 7 7 14 -7 2 
12 3 -12 -14 3 0 4 14 -2 5 5 16 16 16 -4 7 -10 12 1 11 
11 4 -6 1 17 -2 14 -13 13 -15 -16 8 10 -8 5 15 11 0 10 3 
2 8 17 -1 4 -14 3 8 -17 6 -11 -10 17 -16 16 7 -15 9 -12 17 
-12 -11 9 15 7 2 11 16 7 0 12 11 9 -17 12 9 13 15 10 9 
7 7 -15 10 -16 6 1 4 9 10 -15 -8 10 15 -3 8 12 9 10 8 
48
2
4 12
12 4
15 7
7 15
18
17 6 15
16 14 14
13 15 8
3 13 14
7 16 9
13 0 13
4 5 10
9 11 15
7 0 16
2 13 15
3 5 14
6 4 8
16 6 14
12 3 9
6 19 13
15 14 10
10 8 15
12 19 16
32
6 18
2 12
12 5
7 17
7 13
2 10
8 1
10 17
1 10
0 8
0 6
16 15
16 19
3 19
11 9
14 12
13 1
17 7
7 14
12 2
12 6
17 9
11 18
9 2
18 9
19 11
19 13
3 4
3 0
16 0
8 10
5 7
