20 20
24 17 -5 5 14 18 22 18 21 5 23 21 14 -16 -6 11 7 11 12 20 
-19 12 24 4 20 -8 -7 18 -9 3 -16 12 -1 13 12 10 14 0 18 20 
22 2 -19 18 12 -6 16 13 24 -3 -15 -22 5 19 20 14 4 3 5 -15 
24 17 16 -11 6 13 8 14 8 20 21 18 13 21 12 -18 14 9 10 -8 
20 0 14 4 4 21 24 20 7 19 1 23 -19 13 15 12 22 17 -20 -6 
8 -8 -18 4 6 12 19 -21 5 9 -13 17 -17 2 5 15 21 12 13 5 
14 0 -23 -21 11 14 3 1 3 15 1 20 3 18 9 17 7 -21 14 15 
16 10 -15 11 15 3 6 2 8 17 16 20 21 20 3 15 -14 22 -6 22 
15 1 17 9 16 4 12 -18 17 1 -5 1 -6 14 7 12 -15 -7 19 0 
6 -3 4 -18 14 18 -8 15 16 24 7 11 6 -3 -24 16 18 14 17 24 
24 17 14 18 16 -24 -3 6 11 7 24 16 15 -8 18 14 -18 4 -3 6 
0 19 -7 -15 12 7 14 -6 1 -5 1 17 -18 12 4 16 9 17 1 15 
22 -6 22 -14 15 3 20 21 20 16 17 8 2 6 3 15 11 -15 10 16 
15 14 -21 7 17 9 18 3 20 1 15 3 1 3 14 11 -21 -23 0 14 
5 13 12 21 15 5 2 -17 17 -13 9 5 -21 19 12 6 4 -18 -8 8 
-6 -20 17 22 12 15 13 -19 23 1 19 7 20 24 21 4 4 14 0 20 
-8 10 9 14 -18 12 21 13 18 21 20 8 14 8 13 6 -11 16 17 24 
-15 5 3 4 14 20 19 5 -22 -15 -3 24 13 16 -6 12 18 -19 2 22 
20 18 0 14 10 12 13 -1 12 -16 3 -9 18 -7 -8 20 4 24 12 -19 
20 12 11 7 11 -6 -16 14 21 23 5 21 18 22 18 14 5 -5 17 24 
39
8
1 11
17 9
13 14
2 9
11 7
1 0
11 6
16 17
18 8
2 10
6 5
17 10
8 12
18 19
8 13
3 2
20
9 0 11
14 16 12
19 9 10
7 19 13
0 17 15
18 3 16
17 3 15
3 10 13
7 2 12
14 9 8
10 19 11
5 3 12
0 10 10
12 0 13
19 2 15
1 16 16
2 16 15
16 9 13
12 17 12
5 10 8
28
13 11
16 7
11 13
16 13
5 11
16 6
18 2
13 10
14 19
0 7
2 8
5 1
4 0
0 6
6 8
3 12
8 6
3 6
14 8
3 13
1 17
6 9
5 0
19 12
17 11
14 18
15 19
19 13
