20 20
-11 6 3 15 -13 20 11 11 6 20 -5 21 8 -3 9 18 -10 17 2 9 
0 4 9 7 7 0 20 16 20 17 11 12 -10 11 -7 13 6 2 6 19 
19 9 1 15 4 3 5 1 12 -19 20 14 19 2 11 0 11 -4 4 0 
14 22 21 20 -6 18 -16 13 3 19 -17 16 4 -22 14 14 2 7 -13 7 
-4 -9 3 -2 -17 20 -12 18 -7 20 8 22 8 3 6 16 8 6 5 16 
17 3 16 4 -7 2 -16 6 0 12 -21 -18 3 17 17 -21 5 20 21 20 
-6 4 -22 -16 5 -4 -14 20 -18 8 3 14 9 4 19 16 -22 -14 12 18 
0 11 15 -20 -22 17 7 4 2 -2 4 12 -17 -15 17 0 18 21 13 1 
5 10 19 -19 -15 4 -6 10 4 -6 -3 -20 2 -13 14 12 -11 8 16 19 
-20 10 -8 5 15 7 -5 14 12 21 10 21 6 14 2 6 -17 18 15 3 
3 15 18 -17 6 2 14 6 21 10 21 12 14 -5 7 15 5 -8 10 -20 
19 16 8 -11 12 14 -13 2 -20 -3 -6 4 10 -6 4 -15 -19 19 10 5 
1 13 21 18 0 17 -15 -17 12 4 -2 2 4 7 17 -22 -20 15 11 0 
18 12 -14 -22 16 19 4 9 14 3 8 -18 20 -14 -4 5 -16 -22 4 -6 
20 21 20 5 -21 17 17 3 -18 -21 12 0 6 -16 2 -7 4 16 3 17 
16 5 6 8 16 6 3 8 22 8 20 -7 18 -12 20 -17 -2 3 -9 -4 
7 -13 7 2 14 14 -22 4 16 -17 19 3 13 -16 18 -6 20 21 22 14 
0 4 -4 11 0 11 2 19 14 20 -19 12 1 5 3 4 15 1 9 19 
19 6 2 6 13 -7 11 -10 12 11 17 20 16 20 0 7 7 9 4 0 
9 2 17 -10 18 9 -3 8 21 -5 20 6 11 11 20 -13 15 3 6 -11 
56
8
15 19
16 4
14 18
7 15
14 16
14 7
9 10
9 18
4 0
3 15
5 1
12 4
5 3
5 12
10 9
10 1
8
13 3 16
13 17 14
3 11 15
9 13 15
6 16 16
6 2 14
16 8 15
10 6 15
38
5 18
15 1
7 13
18 16
16 5
5 0
2 9
11 10
19 17
13 2
1 13
2 18
17 15
17 18
8 7
10 12
6 18
19 14
11 14
14 1
4 18
12 6
1 3
3 14
14 19
17 10
8 9
0 2
6 17
18 6
17 1
2 4
2 1
11 12
9 7
13 1
0 5
8 5
