20 20
6 13 3 2 -7 15 -14 -3 1 17 9 -12 3 -9 -5 8 10 1 2 11 
-12 -10 4 -3 7 11 -16 13 8 -10 3 13 15 5 10 16 7 3 11 7 
-16 1 12 16 12 6 4 5 10 3 11 16 5 8 13 -6 10 15 -2 12 
13 -2 -11 8 8 -11 6 10 12 -6 12 -4 8 9 16 4 5 -17 9 -14 
11 16 3 -4 9 7 14 10 17 4 5 12 2 -3 9 5 16 4 4 7 
1 3 -17 10 4 2 7 -8 11 -3 2 3 5 11 4 17 -17 -12 12 9 
8 14 5 4 17 1 -12 0 -5 14 17 10 14 6 8 3 1 14 7 3 
0 2 -14 13 16 14 10 -16 10 -1 5 2 6 13 -7 15 -10 0 1 13 
7 5 -3 -12 -16 14 -7 13 9 -11 7 4 10 -2 3 -14 9 4 9 12 
-10 -15 10 15 -1 14 2 -2 7 3 1 4 11 -1 6 11 3 2 7 3 
3 7 2 3 11 6 -1 11 4 1 3 7 -2 2 14 -1 15 10 -15 -10 
12 9 4 9 -14 3 -2 10 4 7 -11 9 13 -7 14 -16 -12 -3 5 7 
13 1 0 -10 15 -7 13 6 2 5 -1 10 -16 10 14 16 13 -14 2 0 
3 7 14 1 3 8 6 14 10 17 14 -5 0 -12 1 17 4 5 14 8 
9 12 -12 -17 17 4 11 5 3 2 -3 11 -8 7 2 4 10 -17 3 1 
7 4 4 16 5 9 -3 2 12 5 4 17 10 14 7 9 -4 3 16 11 
-14 9 -17 5 4 16 9 8 -4 12 -6 12 10 6 -11 8 8 -11 -2 13 
12 -2 15 10 -6 13 8 5 16 11 3 10 5 4 6 12 16 12 1 -16 
7 11 3 7 16 10 5 15 13 3 -10 8 13 -16 11 7 -3 4 -10 -12 
11 2 1 10 8 -5 -9 3 -12 9 17 1 -3 -14 15 -7 2 3 13 6 
40
4
2 11
17 14
10 9
19 4
17 8
2 5
9 10
0 15
8
3 17 15
7 19 14
2 17 9
2 6 16
16 2 15
12 0 14
17 2 9
17 13 16
40
10 5
16 15
1 12
14 19
12 1
0 3
1 17
11 0
17 12
5 7
0 19
16 11
8 3
12 11
8 13
4 15
14 7
19 6
8 15
12 2
9 14
3 4
18 7
5 0
7 18
19 16
18 2
8 19
2 7
14 12
19 0
3 8
11 16
7 8
11 6
15 4
5 12
0 13
11 4
7 17
