20 20
11 13 -9 15 4 2 4 10 -18 3 -23 2 22 24 -5 14 16 7 -19 5 
23 13 12 17 19 -8 -13 -15 19 21 22 -2 9 10 3 -20 5 10 20 4 
2 -14 13 19 -23 9 14 3 16 4 8 -24 3 -12 3 2 3 -14 -16 0 
12 -2 23 5 9 13 -7 19 19 18 18 22 0 9 -21 11 1 20 15 18 
18 -8 7 3 7 1 10 22 24 -3 20 21 6 17 21 5 -7 16 13 24 
11 4 2 10 -15 5 23 10 20 0 1 -5 -22 11 -23 -14 4 16 9 17 
-22 10 20 0 17 0 -15 6 1 22 -1 16 18 -11 23 2 -4 -24 13 9 
6 1 -20 -18 23 6 -21 -3 24 11 7 -12 -4 2 3 13 -10 17 19 -1 
6 -12 16 -18 -19 -16 6 4 24 9 21 14 5 11 15 15 21 20 8 -5 
23 10 -7 -9 5 -6 0 10 8 8 9 8 20 17 21 0 4 24 10 3 
3 10 24 4 0 21 17 20 8 9 8 8 10 0 -6 5 -9 -7 10 23 
-5 8 20 21 15 15 11 5 14 21 9 24 4 6 -16 -19 -18 16 -12 6 
-1 19 17 -10 13 3 2 -4 -12 7 11 24 -3 -21 6 23 -18 -20 1 6 
9 13 -24 -4 2 23 -11 18 16 -1 22 1 6 -15 0 17 0 20 10 -22 
17 9 16 4 -14 -23 11 -22 -5 1 0 20 10 23 5 -15 10 2 4 11 
24 13 16 -7 5 21 17 6 21 20 -3 24 22 10 1 7 3 7 -8 18 
18 15 20 1 11 -21 9 0 22 18 18 19 19 -7 13 9 5 23 -2 12 
0 -16 -14 3 2 3 -12 3 -24 8 4 16 3 14 9 -23 19 13 -14 2 
4 20 10 5 -20 3 10 9 -2 22 21 19 -15 -13 -8 19 17 12 13 23 
5 -19 7 16 14 -5 24 22 2 -23 3 -18 10 4 2 4 15 -9 13 11 
47
8
8 18
17 7
9 11
8 7
2 15
18 4
17 16
17 6
11 1
2 12
10 8
11 12
17 4
1 15
2 3
2 13
6
12 15 11
17 2 11
18 10 11
7 4 11
2 17 11
1 9 11
40
5 14
16 13
17 5
1 5
9 2
7 19
7 0
3 1
15 8
3 4
15 1
0 9
15 14
10 9
5 10
9 5
17 12
6 18
4 2
15 11
14 5
3 6
2 14
18 14
10 17
12 0
12 19
16 18
4 11
16 15
4 18
19 10
4 5
9 10
14 9
10 14
2 7
13 1
15 17
4 8
