20 20
8 19 -25 25 27 4 6 21 12 -14 25 24 13 7 2 25 11 12 24 18 
4 -9 -26 5 -19 -4 16 1 5 8 24 14 1 -17 13 6 -24 16 27 25 
6 -26 11 22 20 -4 -10 -9 -2 3 -25 8 -25 25 25 10 9 -22 7 9 
23 4 14 21 -27 -7 5 -12 13 16 22 0 -14 11 17 23 3 4 2 21 
1 18 24 0 11 -24 17 20 18 24 -15 1 7 4 -22 25 27 -10 19 3 
5 14 1 15 8 16 -14 25 12 15 -8 10 1 8 -23 22 16 -13 15 21 
26 -7 19 -26 10 15 19 9 17 24 -21 -15 -25 4 26 25 17 18 -20 2 
-3 26 25 21 3 17 9 -10 18 19 12 23 7 -5 20 -8 15 7 12 -10 
13 -4 23 26 -10 14 14 18 24 -12 27 11 15 -6 24 18 3 -1 20 8 
13 2 10 18 27 -18 -13 24 19 25 4 17 17 21 18 11 11 -26 19 1 
1 19 -26 11 11 18 21 17 17 4 25 19 24 -13 -18 27 18 10 2 13 
8 20 -1 3 18 24 -6 15 11 27 -12 24 18 14 14 -10 26 23 -4 13 
-10 12 7 15 -8 20 -5 7 23 12 19 18 -10 9 17 3 21 25 26 -3 
2 -20 18 17 25 26 4 -25 -15 -21 24 17 9 19 15 10 -26 19 -7 26 
21 15 -13 16 22 -23 8 1 10 -8 15 12 25 -14 16 8 15 1 14 5 
3 19 -10 27 25 -22 4 7 1 -15 24 18 20 17 -24 11 0 24 18 1 
21 2 4 3 23 17 11 -14 0 22 16 13 -12 5 -7 -27 21 14 4 23 
9 7 -22 9 10 25 25 -25 8 -25 3 -2 -9 -10 -4 20 22 11 -26 6 
25 27 16 -24 6 13 -17 1 14 24 8 5 1 16 -4 -19 5 -26 -9 4 
18 24 12 11 25 2 7 13 24 25 -14 12 21 6 4 27 25 -25 19 8 
54
7
6 10
17 9
19 9
17 12
7 0
4 0
16 0
13 9
2 10
0 10
2 7
12 19
15 19
3 19
6
9 19 9
11 15 15
7 4 15
10 0 9
8 4 15
12 15 15
28
7 2
10 16
11 7
2 6
17 15
17 4
4 8
16 17
19 0
18 3
18 8
19 1
5 1
10 9
12 17
9 3
8 12
17 13
2 4
2 15
15 11
3 2
0 19
1 16
1 11
0 18
14 18
9 10
