20 20
14 15 1 9 5 5 -13 4 13 16 9 6 4 -3 5 5 1 8 13 8 
11 17 7 0 -11 1 -16 14 1 17 15 11 -7 -18 -7 -15 -11 4 8 11 
1 17 -18 -7 -18 6 16 -9 3 16 9 4 17 -18 17 18 -16 5 -17 -15 
-11 -2 6 -2 10 13 -8 13 17 -15 9 14 3 -16 3 12 5 -6 9 14 
8 -4 -1 -8 4 9 -12 11 -12 11 0 11 -11 11 12 -14 -18 12 -10 16 
16 -8 8 1 14 7 8 -10 9 -9 -8 -13 -3 9 7 2 -6 1 7 1 
0 12 6 3 16 8 -17 -4 10 2 11 2 9 -5 11 16 2 7 -9 -9 
-16 4 8 5 17 14 1 0 18 -14 14 18 9 8 3 6 6 16 6 18 
17 -17 15 9 12 -5 4 7 -2 4 18 2 10 -8 6 -8 -18 6 4 11 
9 15 9 -12 13 5 -8 4 -1 17 13 12 -4 -14 7 5 18 5 -6 -1 
-1 -6 5 18 5 7 -14 -4 12 13 17 -1 4 -8 5 13 -12 9 15 9 
11 4 6 -18 -8 6 -8 10 2 18 4 -2 7 4 -5 12 9 15 -17 17 
18 6 16 6 6 3 8 9 18 14 -14 18 0 1 14 17 5 8 4 -16 
-9 -9 7 2 16 11 -5 9 2 11 2 10 -4 -17 8 16 3 6 12 0 
1 7 1 -6 2 7 9 -3 -13 -8 -9 9 -10 8 7 14 1 8 -8 16 
16 -10 12 -18 -14 12 11 -11 11 0 11 -12 11 -12 9 4 -8 -1 -4 8 
14 9 -6 5 12 3 -16 3 14 9 -15 17 13 -8 13 10 -2 6 -2 -11 
-15 -17 5 -16 18 17 -18 17 4 9 16 3 -9 16 6 -18 -7 -18 17 1 
11 8 4 -11 -15 -7 -18 -7 11 15 17 1 14 -16 1 -11 0 7 17 11 
8 13 8 1 5 5 -3 4 6 9 16 13 4 -13 5 5 9 1 15 14 
34
7
1 12
15 4
5 12
7 11
2 5
1 18
14 11
18 7
4 15
14 7
12 8
17 14
18 1
5 8
12
7 3 11
19 2 13
16 4 14
4 17 11
19 14 8
17 18 13
12 16 11
0 17 13
3 15 14
15 2 11
0 5 8
2 1 13
38
16 0
6 18
5 17
1 5
17 2
10 9
8 18
17 13
5 11
16 2
19 6
17 1
1 16
8 4
14 18
9 13
10 1
15 7
11 13
3 19
13 1
14 2
18 14
2 17
9 10
11 1
2 6
14 8
3 17
0 13
2 18
18 3
11 15
5 1
10 6
9 18
4 12
8 6
