20 20
0 17 2 5 -3 13 2 24 9 9 15 -2 -27 11 -29 19 -3 4 -23 26 
3 -25 -18 -5 21 1 17 15 15 -22 16 18 22 29 14 13 26 -19 30 29 
10 12 -4 9 -27 16 9 27 -29 1 24 3 20 20 28 10 7 22 -30 11 
9 -20 10 10 29 18 25 -19 28 17 18 1 -16 19 -13 9 29 -26 6 23 
4 4 6 30 29 -9 0 -29 23 -6 -30 -30 8 10 -6 28 29 9 24 22 
-24 15 15 13 17 9 0 2 27 -20 30 -3 28 15 26 10 7 1 9 27 
13 28 28 -24 30 30 25 28 10 -17 -18 24 20 7 5 1 14 17 26 27 
-29 2 30 22 28 -8 23 18 4 -20 28 29 -12 27 21 3 19 24 28 12 
9 9 2 30 1 14 0 13 7 1 7 -12 11 17 19 28 9 -2 12 26 
19 -17 26 18 17 -20 24 15 1 22 24 -25 29 16 -1 -23 22 20 17 30 
30 17 20 22 -23 -1 16 29 -25 24 22 1 15 24 -20 17 18 26 -17 19 
26 12 -2 9 28 19 17 11 -12 7 1 7 13 0 14 1 30 2 9 9 
12 28 24 19 3 21 27 -12 29 28 -20 4 18 23 -8 28 22 30 2 -29 
27 26 17 14 1 5 7 20 24 -18 -17 10 28 25 30 30 -24 28 28 13 
27 9 1 7 10 26 15 28 -3 30 -20 27 2 0 9 17 13 15 15 -24 
22 24 9 29 28 -6 10 8 -30 -30 -6 23 -29 0 -9 29 30 6 4 4 
23 6 -26 29 9 -13 19 -16 1 18 17 28 -19 25 18 29 10 10 -20 9 
11 -30 22 7 10 28 20 20 3 24 1 -29 27 9 16 -27 9 -4 12 10 
29 30 -19 26 13 14 29 22 18 16 -22 15 15 17 1 21 -5 -18 -25 3 
26 -23 4 -3 19 -29 11 -27 -2 15 9 9 24 2 13 -3 5 2 17 0 
42
4
3 12
2 11
18 11
6 10
16 7
17 8
1 8
13 9
16
2 0 15
6 0 16
16 17 8
5 16 16
5 4 13
18 14 11
11 2 11
14 6 11
17 19 15
13 19 16
3 2 8
14 3 16
14 15 13
1 5 11
8 17 11
5 13 11
34
1 16
5 14
18 12
17 7
1 11
12 9
3 15
13 11
14 11
1 0
13 3
5 18
19 13
11 7
2 9
19 12
10 7
18 3
14 5
1 7
2 12
18 8
7 10
16 4
6 8
5 8
18 19
6 16
14 1
0 6
8 12
17 10
0 7
9 12
