20 20
20 -3 7 5 15 6 17 -14 16 15 23 6 17 -19 0 2 -23 2 7 23 
4 1 10 6 17 20 0 13 3 18 5 15 11 -6 6 8 21 1 9 23 
13 8 19 8 -14 21 14 23 -1 11 6 8 -4 -12 4 -19 2 16 23 -8 
15 18 15 -5 -2 23 11 9 -1 -16 21 -6 -14 -20 -8 3 16 21 10 10 
14 18 17 -14 19 23 14 19 18 21 -13 4 6 -23 11 5 22 0 7 16 
19 12 -5 12 12 14 7 15 23 14 -17 23 -11 -15 8 -8 6 10 5 14 
15 14 11 19 23 17 12 22 17 22 18 10 15 11 1 20 16 18 -23 3 
12 2 18 2 13 8 11 -5 20 0 -6 -13 -8 20 -14 -22 -20 11 20 15 
1 17 17 22 -4 0 7 5 -13 -5 4 3 4 12 6 3 12 20 10 17 
1 9 21 7 23 -23 19 3 15 2 16 -4 9 -22 -1 1 12 1 -10 -11 
-11 -10 1 12 1 -1 -22 9 -4 16 2 15 3 19 -23 23 7 21 9 1 
17 10 20 12 3 6 12 4 3 4 -5 -13 5 7 0 -4 22 17 17 1 
15 20 11 -20 -22 -14 20 -8 -13 -6 0 20 -5 11 8 13 2 18 2 12 
3 -23 18 16 20 1 11 15 10 18 22 17 22 12 17 23 19 11 14 15 
14 5 10 6 -8 8 -15 -11 23 -17 14 23 15 7 14 12 12 -5 12 19 
16 7 0 22 5 11 -23 6 4 -13 21 18 19 14 23 19 -14 17 18 14 
10 10 21 16 3 -8 -20 -14 -6 21 -16 -1 9 11 23 -2 -5 15 18 15 
-8 23 16 2 -19 4 -12 -4 8 6 11 -1 23 14 21 -14 8 19 8 13 
23 9 1 21 8 6 -6 11 15 5 18 3 13 0 20 17 6 10 1 4 
23 7 2 -23 2 0 -19 17 6 23 15 16 -14 17 6 15 5 7 -3 20 
39
6
7 16
0 3
15 9
2 18
5 19
12 1
12 3
19 16
4 10
17 1
14 0
7 18
16
5 6 8
19 0 11
13 17 11
4 1 12
8 15 11
12 17 8
17 4 9
8 14 15
14 13 8
0 19 11
6 2 11
15 18 12
11 4 11
7 2 8
2 15 9
11 5 15
30
4 0
17 19
19 17
6 1
0 16
9 19
5 1
7 4
12 7
0 13
11 1
19 4
15 13
17 16
9 3
15 19
2 0
0 2
13 18
19 3
10 0
14 18
12 15
7 12
19 6
8 18
0 15
4 6
2 3
10 16
