20 20
21 -3 9 17 8 16 2 6 23 -10 5 -19 14 14 -5 0 -15 8 14 1 
14 -23 22 -12 -4 -9 4 -3 -17 -15 1 17 12 14 11 3 9 15 20 -2 
16 10 -21 3 -7 -21 22 8 1 -20 -6 9 8 -18 8 -23 17 17 23 -16 
-23 -1 19 -23 12 21 12 22 -2 5 10 17 -12 -9 7 -6 8 18 6 -19 
13 0 19 2 21 10 9 -1 15 11 7 -11 -2 21 -10 19 16 -14 -13 7 
-1 -4 8 20 11 6 10 13 5 10 18 22 2 -20 -21 20 -17 3 2 12 
23 -13 1 20 -4 9 4 7 -10 20 23 -8 -1 4 12 -18 1 23 12 23 
16 10 -23 11 17 12 -6 16 23 9 -11 7 17 17 17 6 12 4 6 12 
-8 -14 18 -2 15 -5 6 16 -19 -5 -6 18 2 7 3 4 3 -3 20 23 
3 1 6 -5 0 21 6 23 -8 17 1 14 16 -17 15 23 15 -12 0 -22 
-22 0 -12 15 23 15 -17 16 14 1 17 -8 23 6 21 0 -5 6 1 3 
23 20 -3 3 4 3 7 2 18 -6 -5 -19 16 6 -5 15 -2 18 -14 -8 
12 6 4 12 6 17 17 17 7 -11 9 23 16 -6 12 17 11 -23 10 16 
23 12 23 1 -18 12 4 -1 -8 23 20 -10 7 4 9 -4 20 1 -13 23 
12 2 3 -17 20 -21 -20 2 22 18 10 5 13 10 6 11 20 8 -4 -1 
7 -13 -14 16 19 -10 21 -2 -11 7 11 15 -1 9 10 21 2 19 0 13 
-19 6 18 8 -6 7 -9 -12 17 10 5 -2 22 12 21 12 -23 19 -1 -23 
-16 23 17 17 -23 8 -18 8 9 -6 -20 1 8 22 -21 -7 3 -21 10 16 
-2 20 15 9 3 11 14 12 17 1 -15 -17 -3 4 -9 -4 -12 22 -23 14 
1 14 8 -15 0 -5 14 14 -19 5 -10 23 6 2 16 8 17 9 -3 21 
49
6
6 12
9 0
8 16
10 16
2 0
6 9
13 7
10 19
11 3
9 3
17 19
13 10
18
6 5 13
17 5 14
13 3 13
12 4 14
3 2 16
9 16 11
8 0 9
3 0 16
7 6 8
13 14 13
2 14 14
6 16 13
7 15 14
16 17 16
10 3 11
11 19 9
16 19 16
12 13 8
38
13 1
15 5
2 9
17 7
16 4
8 13
0 8
11 0
19 0
13 0
4 10
0 13
4 19
13 19
2 15
9 15
6 13
17 3
19 2
6 18
4 14
17 10
2 12
3 15
11 6
19 11
8 19
0 19
6 19
15 9
19 6
15 0
6 0
17 4
10 4
13 6
2 16
0 17
