20 20
14 6 12 18 12 16 4 20 6 21 -1 18 12 -19 13 8 10 23 10 19 
21 21 -5 21 -18 16 22 -13 -14 19 10 15 19 17 18 22 -8 22 21 16 
4 14 18 18 -23 14 3 8 23 17 9 10 23 14 -12 -6 22 6 3 12 
-16 18 3 15 12 15 -19 14 21 10 19 17 5 -15 20 13 -5 18 9 -2 
0 -5 23 6 16 12 -19 -21 21 8 19 3 7 18 13 6 8 8 3 23 
19 -12 16 17 -16 20 4 0 17 -7 -4 12 1 23 13 18 19 -20 -18 11 
-17 -10 0 12 20 -14 11 15 19 20 21 12 18 15 14 13 -11 -12 19 17 
22 -1 11 -20 16 22 -23 14 14 15 21 -6 8 8 20 19 7 0 -22 10 
17 -6 23 7 19 12 11 -2 -10 14 13 8 13 15 21 8 9 -16 10 15 
23 2 6 12 18 7 12 19 0 19 6 16 13 -14 -8 22 5 3 -12 -7 
-7 -12 3 5 22 -8 -14 13 16 6 19 0 19 12 7 18 12 6 2 23 
15 10 -16 9 8 21 15 13 8 13 14 -10 -2 11 12 19 7 23 -6 17 
10 -22 0 7 19 20 8 8 -6 21 15 14 14 -23 22 16 -20 11 -1 22 
17 19 -12 -11 13 14 15 18 12 21 20 19 15 11 -14 20 12 0 -10 -17 
11 -18 -20 19 18 13 23 1 12 -4 -7 17 0 4 20 -16 17 16 -12 19 
23 3 8 8 6 13 18 7 3 19 8 21 -21 -19 12 16 6 23 -5 0 
-2 9 18 -5 13 20 -15 5 17 19 10 21 14 -19 15 12 15 3 18 -16 
12 3 6 22 -6 -12 14 23 10 9 17 23 8 3 14 -23 18 18 14 4 
16 21 22 -8 22 18 17 19 15 10 19 -14 -13 22 16 -18 21 -5 21 21 
19 10 23 10 8 13 -19 12 18 -1 21 6 20 4 16 12 18 12 6 14 
48
8
8 12
0 4
16 10
1 16
0 13
3 4
3 15
15 11
11 7
19 15
3 9
18 3
19 6
16 15
16 4
4 8
8
6 4 15
16 0 14
12 19 13
17 18 12
13 15 15
3 19 14
7 0 13
2 1 12
40
14 1
13 11
5 4
17 2
4 5
14 6
17 3
13 8
3 18
16 14
13 5
19 16
0 1
1 11
12 1
15 2
10 9
9 7
12 9
18 7
5 18
6 8
14 15
2 17
15 14
5 13
2 16
6 11
16 1
3 5
6 14
0 3
19 18
18 8
7 18
4 17
9 10
10 12
7 10
1 12
