20 20
-16 6 1 12 -4 3 4 7 3 19 15 3 -13 19 3 2 3 3 7 -15 
15 17 11 9 18 14 -3 21 4 20 6 20 -17 -3 2 -3 6 -3 16 6 
10 7 16 11 2 -14 12 1 13 20 -13 7 -5 17 18 3 -6 -20 -9 -8 
19 15 12 2 -9 12 13 -5 20 20 13 18 -2 -2 13 20 13 1 1 10 
17 15 8 7 16 -14 -2 0 -6 8 16 14 16 -20 5 -2 8 -16 18 9 
20 3 -2 17 17 21 6 14 -12 11 6 18 -17 -2 3 11 2 6 16 -12 
-14 8 19 13 7 14 21 18 1 -9 13 18 8 8 2 -18 3 8 10 16 
21 -9 13 -18 4 -8 0 19 4 5 18 17 21 8 1 -6 10 9 1 11 
20 1 0 19 15 -17 20 2 5 20 -16 10 7 18 19 11 6 10 6 11 
5 1 -16 13 -7 16 2 -20 2 -18 -18 4 2 -1 1 3 20 -8 8 -14 
-14 8 -8 20 3 1 -1 2 4 -18 -18 2 -20 2 16 -7 13 -16 1 5 
11 6 10 6 11 19 18 7 10 -16 20 5 2 20 -17 15 19 0 1 20 
11 1 9 10 -6 1 8 21 17 18 5 4 19 0 -8 4 -18 13 -9 21 
16 10 8 3 -18 2 8 8 18 13 -9 1 18 21 14 7 13 19 8 -14 
-12 16 6 2 11 3 -2 -17 18 6 11 -12 14 6 21 17 17 -2 3 20 
9 18 -16 8 -2 5 -20 16 14 16 8 -6 0 -2 -14 16 7 8 15 17 
10 1 1 13 20 13 -2 -2 18 13 20 20 -5 13 12 -9 2 12 15 19 
-8 -9 -20 -6 3 18 17 -5 7 -13 20 13 1 12 -14 2 11 16 7 10 
6 16 -3 6 -3 2 -3 -17 20 6 20 4 21 -3 14 18 9 11 17 15 
-15 7 3 3 2 3 19 -13 3 15 19 3 7 4 3 -4 12 1 6 -16 
44
6
1 17
10 0
11 14
0 4
3 9
8 9
18 2
9 19
8 5
19 15
16 10
11 10
10
4 5 11
13 1 12
13 16 13
15 12 9
7 11 10
15 14 11
6 18 12
6 3 13
4 7 9
12 8 10
28
5 14
5 17
9 4
8 14
3 2
4 16
3 12
19 17
10 13
6 19
2 15
18 14
13 4
7 14
14 5
14 2
10 15
11 5
16 17
15 3
16 7
0 2
9 6
13 0
17 4
1 5
6 15
12 5
