20 20
4 1 1 3 4 3 1 1 -4 3 4 4 0 0 1 2 -4 -2 4 2 
1 3 1 4 3 -3 2 3 1 4 3 3 4 1 0 -4 -4 3 -3 2 
1 -4 1 1 3 -2 1 1 2 2 1 3 -3 3 0 3 2 4 4 2 
1 0 4 -3 3 -3 4 1 0 2 0 -3 3 4 -4 3 4 3 1 -3 
2 -4 4 3 -4 -2 3 2 1 4 4 2 2 0 3 0 0 0 -4 -2 
4 4 1 4 0 0 4 3 -2 4 -4 -2 1 4 -1 2 -2 4 4 -2 
-4 3 3 -2 1 3 1 1 -4 2 -1 3 1 0 4 4 0 -2 2 4 
3 1 0 0 -1 -3 -1 -4 -2 0 -3 3 -4 4 -2 4 2 2 4 2 
3 -2 3 3 2 -2 2 3 -3 3 2 1 4 -4 0 1 4 3 -3 4 
4 1 4 -1 0 -2 1 -1 4 3 -2 1 -2 4 -2 -3 4 3 4 2 
2 4 3 4 -3 -2 4 -2 1 -2 3 4 -1 1 -2 0 -1 4 1 4 
4 -3 3 4 1 0 -4 4 1 2 3 -3 3 2 -2 2 3 3 -2 3 
2 4 2 2 4 -2 4 -4 3 -3 0 -2 -4 -1 -3 -1 0 0 1 3 
4 2 -2 0 4 4 0 1 3 -1 2 -4 1 1 3 1 -2 3 3 -4 
-2 4 4 -2 2 -1 4 1 -2 -4 4 -2 3 4 0 0 4 1 4 4 
-2 -4 0 0 0 3 0 2 2 4 4 1 2 3 -2 -4 3 4 -4 2 
-3 1 3 4 3 -4 4 3 -3 0 2 0 1 4 -3 3 -3 4 0 1 
2 4 4 2 3 0 3 -3 3 1 2 2 1 1 -2 3 1 1 -4 1 
2 -3 3 -4 -4 0 1 4 3 3 4 1 3 2 -3 3 4 1 3 1 
2 4 -2 -4 2 1 0 0 4 4 3 -4 1 1 3 4 3 1 1 4 
42
7
14 12
9 4
15 19
9 3
10 19
15 1
17 9
5 7
10 15
4 0
10 16
9 0
4 18
2 10
6
17 14 10
2 11 16
8 11 11
2 5 10
17 8 16
11 8 11
36
6 3
1 11
10 8
16 18
18 16
4 8
16 14
19 4
9 18
12 1
1 9
4 19
12 11
2 18
0 7
8 17
11 1
8 7
13 16
18 8
9 11
3 1
1 3
15 11
3 5
0 15
10 1
7 18
18 10
15 0
7 8
17 1
19 12
11 2
8 18
11 12
