20 20
-20 2 -19 -8 -2 5 -7 5 -17 3 7 -20 10 10 -13 12 9 13 -4 -14 
12 8 14 2 -5 3 18 0 12 -19 18 13 15 6 12 4 15 6 5 4 
0 19 3 8 11 16 6 11 7 18 12 -1 -9 5 16 -8 20 21 6 -11 
8 6 -11 -15 21 9 16 11 13 21 9 -12 19 16 -2 10 -9 9 -19 -14 
19 20 -14 16 2 5 3 1 4 20 12 20 -9 -20 21 3 5 17 -11 14 
-4 18 10 -1 4 12 17 10 14 20 16 7 6 20 18 19 0 2 -20 17 
4 -20 20 16 19 -12 13 11 10 1 18 18 18 11 15 4 2 13 15 4 
13 17 8 -5 15 13 13 3 -10 18 12 5 -5 9 20 15 19 20 16 -18 
12 19 6 11 3 17 10 16 21 13 19 3 -9 -17 10 3 11 5 10 6 
9 9 -16 15 -6 -18 16 12 -10 2 16 21 -5 17 4 -20 21 0 -14 17 
17 -14 0 21 -20 4 17 -5 21 16 2 -10 12 16 -18 -6 15 -16 9 9 
6 10 5 11 3 10 -17 -9 3 19 13 21 16 10 17 3 11 6 19 12 
-18 16 20 19 15 20 9 -5 5 12 18 -10 3 13 13 15 -5 8 17 13 
4 15 13 2 4 15 11 18 18 18 1 10 11 13 -12 19 16 20 -20 4 
17 -20 2 0 19 18 20 6 7 16 20 14 10 17 12 4 -1 10 18 -4 
14 -11 17 5 3 21 -20 -9 20 12 20 4 1 3 5 2 16 -14 20 19 
-14 -19 9 -9 10 -2 16 19 -12 9 21 13 11 16 9 21 -15 -11 6 8 
-11 6 21 20 -8 16 5 -9 -1 12 18 7 11 6 16 11 8 3 19 0 
4 5 6 15 4 12 6 15 13 18 -19 12 0 18 3 -5 2 14 8 12 
-14 -4 13 9 12 -13 10 10 -20 7 3 -17 5 -7 5 -2 -8 -19 2 -20 
32
6
8 5
12 4
10 11
11 15
3 15
3 4
11 14
7 15
9 8
8 4
16 4
16 15
16
7 12 15
14 7 8
15 10 13
7 9 14
16 9 11
13 15 14
4 7 11
10 18 15
12 7 15
5 12 8
4 9 13
12 10 14
3 10 11
6 4 14
15 12 11
9 1 15
28
0 8
19 15
10 2
17 4
7 13
18 16
18 1
1 12
19 8
13 7
4 15
17 13
12 11
6 19
19 11
0 4
9 17
2 15
12 6
1 3
1 18
18 7
0 11
6 12
15 4
2 6
7 8
13 0
