20 20
16 -13 -18 5 19 -13 5 4 16 1 3 0 -18 18 -5 12 11 0 -1 12 
16 11 18 18 4 2 10 6 5 9 10 16 9 -3 15 5 11 3 9 -16 
2 0 -9 7 10 13 -10 4 7 1 -4 -19 3 9 5 -3 10 18 6 15 
17 4 2 -13 0 19 3 7 5 3 12 -4 14 19 11 -18 3 -16 18 16 
18 11 2 -15 -18 1 1 7 18 1 -10 1 -8 -12 10 11 -14 -19 15 11 
15 14 9 1 12 5 16 2 -18 -1 -18 18 -11 1 5 -13 8 3 15 11 
1 17 9 8 18 15 -15 4 8 3 -3 4 7 -1 12 8 18 17 -15 -8 
16 18 13 11 6 3 16 -15 -11 -17 6 -8 11 13 17 13 17 9 16 12 
11 13 -3 -4 8 9 0 -9 10 18 7 2 12 14 -4 19 -12 1 -4 5 
-18 7 -15 1 12 19 -12 -16 5 -15 -18 -10 15 -6 -14 18 -2 -4 4 -6 
-6 4 -4 -2 18 -14 -6 15 -10 -18 -15 5 -16 -12 19 12 1 -15 7 -18 
5 -4 1 -12 19 -4 14 12 2 7 18 10 -9 0 9 8 -4 -3 13 11 
12 16 9 17 13 17 13 11 -8 6 -17 -11 -15 16 3 6 11 13 18 16 
-8 -15 17 18 8 12 -1 7 4 -3 3 8 4 -15 15 18 8 9 17 1 
11 15 3 8 -13 5 1 -11 18 -18 -1 -18 2 16 5 12 1 9 14 15 
11 15 -19 -14 11 10 -12 -8 1 -10 1 18 7 1 1 -18 -15 2 11 18 
16 18 -16 3 -18 11 19 14 -4 12 3 5 7 3 19 0 -13 2 4 17 
15 6 18 10 -3 5 9 3 -19 -4 1 7 4 -10 13 10 7 -9 0 2 
-16 9 3 11 5 15 -3 9 16 10 9 5 6 10 2 4 18 18 11 16 
12 -1 0 11 12 -5 18 -18 0 3 1 16 4 5 -13 19 5 -18 -13 16 
58
8
8 5
14 10
19 11
7 13
18 16
16 14
1 0
8 3
11 14
5 9
0 8
12 6
1 3
3 5
18 19
11 16
12
19 12 9
11 15 11
14 11 13
1 18 11
8 16 9
13 18 10
0 7 9
8 4 11
5 8 13
18 1 11
11 3 9
6 1 10
30
16 0
14 6
12 11
10 4
14 0
2 13
8 7
8 12
6 5
2 14
8 15
15 11
1 2
9 19
2 11
3 19
5 13
7 8
9 15
5 19
17 6
11 12
11 7
13 14
17 5
11 4
4 8
18 17
10 0
17 8
