20 20
11 14 13 -6 13 1 13 4 16 -7 1 13 -14 -5 8 5 -6 14 6 20 
8 -3 8 19 -1 8 4 16 10 16 15 6 20 11 17 15 10 -10 10 10 
0 4 -15 -8 12 12 17 9 2 20 17 1 -13 11 -19 0 12 15 8 0 
13 1 7 -12 18 -18 -3 15 11 -8 -7 19 -7 11 6 18 -10 3 -5 18 
13 8 -6 14 16 -18 -18 14 18 1 16 -1 16 8 2 14 2 11 6 6 
11 20 19 12 -12 -2 19 1 0 13 14 12 -4 16 3 3 -16 1 17 -3 
15 -19 0 20 7 9 0 2 19 11 -7 6 19 7 -15 -20 5 17 -15 -16 
15 -10 -15 12 16 13 15 14 9 7 -7 6 10 12 16 12 -9 13 -15 3 
16 -3 7 0 1 1 -7 0 -1 0 -16 2 0 3 3 2 1 7 2 5 
3 4 -17 12 -15 17 1 0 12 12 -14 8 4 -5 -4 14 18 10 2 17 
17 2 10 18 14 -4 -5 4 8 -14 12 12 0 1 17 -15 12 -17 4 3 
5 2 7 1 2 3 3 0 2 -16 0 -1 0 -7 1 1 0 7 -3 16 
3 -15 13 -9 12 16 12 10 6 -7 7 9 14 15 13 16 12 -15 -10 15 
-16 -15 17 5 -20 -15 7 19 6 -7 11 19 2 0 9 7 20 0 -19 15 
-3 17 1 -16 3 3 16 -4 12 14 13 0 1 19 -2 -12 12 19 20 11 
6 6 11 2 14 2 8 16 -1 16 1 18 14 -18 -18 16 14 -6 8 13 
18 -5 3 -10 18 6 11 -7 19 -7 -8 11 15 -3 -18 18 -12 7 1 13 
0 8 15 12 0 -19 11 -13 1 17 20 2 9 17 12 12 -8 -15 4 0 
10 10 -10 10 15 17 11 20 6 15 16 10 16 4 8 -1 19 8 -3 8 
20 6 14 -6 5 8 -5 -14 13 1 -7 16 4 13 1 13 -6 13 14 11 
40
7
3 16
4 3
0 14
8 7
16 17
17 9
15 3
16 3
15 16
19 5
11 12
3 2
2 10
4 16
18
2 17 10
14 10 8
13 19 14
1 15 12
1 5 15
4 5 8
14 16 15
5 11 9
3 15 13
17 2 10
5 9 8
6 0 14
18 4 12
18 14 15
15 14 8
5 3 15
14 8 9
16 4 13
28
10 7
14 18
12 19
19 2
16 11
9 17
8 0
8 14
5 15
8 3
16 2
16 9
6 5
15 9
9 12
5 1
7 0
0 17
3 8
10 2
11 19
11 5
14 4
11 16
3 17
3 10
13 14
4 10
