20 20
9 1 3 -8 8 0 -9 -6 9 3 9 7 -2 -4 10 5 7 0 9 2 
2 -1 4 1 -3 5 0 9 4 7 2 -9 5 10 -7 -7 6 8 1 5 
1 0 9 4 6 -8 1 3 10 1 -9 2 -3 7 -1 5 5 2 2 3 
9 9 6 5 4 7 4 -4 4 0 -5 -3 6 7 10 3 -1 5 8 1 
-2 4 6 9 8 -9 -7 5 3 4 -8 0 8 0 6 1 -10 -4 1 4 
3 10 3 10 -9 4 7 0 4 -6 3 5 3 9 3 9 0 10 9 2 
10 1 4 2 0 8 7 10 5 1 8 4 -3 -9 1 5 -4 10 3 8 
7 1 10 7 0 -7 2 10 3 -9 -2 1 3 1 -8 8 7 2 1 -10 
7 4 5 6 3 -2 4 10 9 -6 10 3 8 -8 4 2 6 8 8 7 
9 6 0 -10 -6 3 9 9 4 5 4 8 5 4 2 -8 1 -6 7 10 
10 7 -6 1 -8 2 4 5 8 4 5 4 9 9 3 -6 -10 0 6 9 
7 8 8 6 2 4 -8 8 3 10 -6 9 10 4 -2 3 6 5 4 7 
-10 1 2 7 8 -8 1 3 1 -2 -9 3 10 2 -7 0 7 10 1 7 
8 3 10 -4 5 1 -9 -3 4 8 1 5 10 7 8 0 2 4 1 10 
2 9 10 0 9 3 9 3 5 3 -6 4 0 7 4 -9 10 3 10 3 
4 1 -4 -10 1 6 0 8 0 -8 4 3 5 -7 -9 8 9 6 4 -2 
1 8 5 -1 3 10 7 6 -3 -5 0 4 -4 4 7 4 5 6 9 9 
3 2 2 5 5 -1 7 -3 2 -9 1 10 3 1 -8 6 4 9 0 1 
5 1 8 6 -7 -7 10 5 -9 2 7 4 9 0 5 -3 1 4 -1 2 
2 9 0 7 5 10 -4 -2 7 9 3 9 -6 -9 0 8 -8 3 1 9 
52
5
0 10
8 5
15 8
4 12
2 18
19 9
11 14
4 11
15 7
17 1
20
9 18 14
14 8 11
11 10 8
0 18 14
6 8 15
12 4 15
11 5 15
12 3 10
8 12 14
2 9 11
10 1 14
5 11 11
8 9 8
19 1 14
13 11 15
7 15 15
8 14 15
7 16 10
11 7 14
17 10 11
34
9 7
1 2
5 17
11 8
13 7
14 10
10 8
16 1
9 10
8 0
0 11
14 13
19 16
11 6
17 13
11 16
0 16
10 12
18 17
14 2
8 11
6 12
5 9
9 11
3 18
10 9
11 19
19 8
5 6
0 3
8 13
2 6
8 3
19 3
