20 20
1 11 -12 5 10 2 9 11 1 13 10 0 9 2 10 -8 2 -12 12 -11 
10 4 6 13 3 2 9 2 6 11 -8 6 9 5 6 11 5 2 4 4 
1 2 1 -6 -4 9 7 14 -9 6 -5 4 8 -10 6 -13 2 6 -2 3 
0 14 -11 6 -9 5 -11 2 13 8 3 13 -14 3 -6 12 11 -5 14 6 
9 0 11 14 -9 7 2 -2 8 -4 10 -10 1 7 3 -4 7 11 2 10 
1 -7 4 -1 13 7 -14 1 6 3 -13 12 -11 13 1 9 8 -3 -6 1 
-1 1 11 8 0 14 -9 -5 4 7 -14 5 7 -3 -10 6 7 11 8 7 
1 3 -5 1 2 -1 -8 13 -8 4 3 -12 7 9 2 -4 9 13 12 11 
13 14 6 12 3 4 4 -7 12 8 1 11 -12 11 -3 12 9 2 -5 3 
0 11 -10 11 -12 10 -12 -14 1 6 4 10 -7 13 7 0 13 -1 11 10 
10 11 -1 13 0 7 13 -7 10 4 6 1 -14 -12 10 -12 11 -10 11 0 
3 -5 2 9 12 -3 11 -12 11 1 8 12 -7 4 4 3 12 6 14 13 
11 12 13 9 -4 2 9 7 -12 3 4 -8 13 -8 -1 2 1 -5 3 1 
7 8 11 7 6 -10 -3 7 5 -14 7 4 -5 -9 14 0 8 11 1 -1 
1 -6 -3 8 9 1 13 -11 12 -13 3 6 1 -14 7 13 -1 4 -7 1 
10 2 11 7 -4 3 7 1 -10 10 -4 8 -2 2 7 -9 14 11 0 9 
6 14 -5 11 12 -6 3 -14 13 3 8 13 2 -11 5 -9 6 -11 14 0 
3 -2 6 2 -13 6 -10 8 4 -5 6 -9 14 7 9 -4 -6 1 2 1 
4 4 2 5 11 6 5 9 6 -8 11 6 2 9 2 3 13 6 4 10 
-11 12 -12 2 -8 10 2 9 0 10 13 1 11 9 2 10 5 -12 11 1 
43
5
1 6
5 16
7 14
6 5
18 5
18 13
14 3
12 5
13 14
1 14
8
19 1 14
19 13 10
1 4 13
7 16 11
0 18 14
0 6 10
18 15 13
12 3 11
26
3 4
6 0
14 19
10 5
19 4
19 5
15 11
9 19
14 18
15 12
15 6
17 12
11 0
16 15
13 19
5 0
9 14
0 15
0 14
4 8
10 0
5 1
4 7
4 13
2 7
8 19
