20 20
3 1 4 2 2 3 -1 3 1 1 1 0 3 1 4 4 4 -3 2 4 
2 4 4 1 3 0 3 0 -2 4 3 -4 2 -2 2 4 0 1 0 3 
-3 4 2 2 4 3 2 2 2 1 1 1 0 2 1 3 0 3 0 1 
3 3 3 2 4 -1 1 -1 4 3 3 3 -2 0 2 2 0 -3 4 3 
-4 1 3 0 2 3 0 -4 4 1 0 4 1 2 2 4 4 4 0 4 
4 3 1 4 -2 0 4 4 -1 2 3 -2 3 -3 3 2 1 2 1 2 
2 -2 -4 3 4 4 2 1 2 3 4 4 3 0 2 2 -3 2 0 0 
0 2 -3 4 -4 2 -3 -4 4 4 0 4 3 3 2 1 -4 -3 1 1 
1 0 0 2 -2 2 1 2 4 3 2 -4 4 4 4 2 2 0 3 1 
3 2 2 0 2 3 2 -3 3 2 1 4 2 2 0 3 -4 2 4 4 
4 4 2 -4 3 0 2 2 4 1 2 3 -3 2 3 2 0 2 2 3 
1 3 0 2 2 4 4 4 -4 2 3 4 2 1 2 -2 2 0 0 1 
1 1 -3 -4 1 2 3 3 4 0 4 4 -4 -3 2 -4 4 -3 2 0 
0 0 2 -3 2 2 0 3 4 4 3 2 1 2 4 4 3 -4 -2 2 
2 1 2 1 2 3 -3 3 -2 3 2 -1 4 4 0 -2 4 1 3 4 
4 0 4 4 4 2 2 1 4 0 1 4 -4 0 3 2 0 3 1 -4 
3 4 -3 0 2 2 0 -2 3 3 3 4 -1 1 -1 4 2 3 3 3 
1 0 3 0 3 1 2 0 1 1 1 2 2 2 3 4 2 2 4 -3 
3 0 1 0 4 2 -2 2 -4 3 4 -2 0 3 0 3 1 4 4 2 
4 2 -3 4 4 4 1 3 0 1 1 1 3 -1 3 2 2 4 1 3 
47
6
12 5
0 8
3 0
5 10
11 14
12 10
7 14
19 11
16 19
14 9
8 5
7 9
18
7 10 9
16 1 12
4 12 10
11 13 12
12 1 13
13 4 8
5 7 11
13 16 16
18 1 10
12 9 9
3 18 12
15 7 10
8 6 12
7 18 13
6 15 8
14 12 11
6 3 16
1 18 10
32
18 11
9 17
19 15
0 7
14 6
15 2
16 2
16 18
9 11
9 8
0 1
2 14
19 13
12 11
16 7
5 8
1 8
10 2
0 4
19 12
5 13
4 17
3 17
3 1
10 8
10 11
19 18
17 5
0 6
7 8
3 12
14 11
