20 20
2 2 1 3 4 -2 2 0 1 4 3 -2 -2 -3 0 -2 -3 3 3 3 
-1 0 4 0 1 1 0 -1 3 1 2 4 2 2 -1 1 3 2 0 2 
3 2 4 3 0 -3 0 -4 3 2 -2 2 1 2 1 -3 3 2 2 1 
3 4 1 2 0 3 4 4 -3 -4 -2 4 -4 4 -1 -1 4 1 0 4 
3 2 3 1 1 1 1 3 1 4 4 0 4 1 2 -1 1 -3 1 3 
-3 1 2 3 2 4 1 1 2 2 3 2 2 0 2 0 3 1 -2 -4 
-4 3 0 2 -4 -4 -4 3 3 3 0 -3 3 3 2 -2 4 -2 4 4 
4 1 1 4 -3 1 2 4 4 3 -1 4 1 2 3 2 2 -1 2 -1 
2 4 4 2 2 2 1 4 -2 3 3 1 4 2 -1 2 -2 -4 0 2 
-1 1 4 2 0 1 3 4 -1 1 4 -2 -3 2 1 -1 2 1 0 -3 
-3 0 1 2 -1 1 2 -3 -2 4 1 -1 4 3 1 0 2 4 1 -1 
2 0 -4 -2 2 -1 2 4 1 3 3 -2 4 1 2 2 2 4 4 2 
-1 2 -1 2 2 3 2 1 4 -1 3 4 4 2 1 -3 4 1 1 4 
4 4 -2 4 -2 2 3 3 -3 0 3 3 3 -4 -4 -4 2 0 3 -4 
-4 -2 1 3 0 2 0 2 2 3 2 2 1 1 4 2 3 2 1 -3 
3 1 -3 1 -1 2 1 4 0 4 4 1 3 1 1 1 1 3 2 3 
4 0 1 4 -1 -1 4 -4 4 -2 -4 -3 4 4 3 0 2 1 4 3 
1 2 2 3 -3 1 2 1 2 -2 2 3 -4 0 -3 0 3 4 2 3 
2 0 2 3 1 -1 2 2 4 2 1 3 -1 0 1 1 0 4 0 -1 
3 3 3 -3 -2 0 -3 -2 -2 3 4 1 0 2 -2 4 3 1 2 2 
55
2
6 1
9 6
13 18
10 13
12
14 18 11
12 3 12
8 17 14
18 11 15
18 17 11
15 17 10
5 1 11
7 16 12
11 2 14
1 8 15
1 2 11
4 2 10
28
9 14
2 5
8 9
2 15
5 4
16 3
12 11
10 18
18 5
8 18
8 11
2 4
11 9
2 0
10 5
17 14
11 10
17 4
14 15
3 16
7 8
9 1
1 14
11 1
11 8
17 15
8 10
17 19
