20 20
17 29 -25 -19 17 16 4 12 17 14 -24 25 20 12 12 23 0 15 -6 10 
9 23 16 19 -21 3 -1 22 17 22 8 11 20 7 2 -25 -3 -10 2 3 
-8 14 24 9 -2 16 -23 -2 27 5 8 11 24 26 26 11 -26 12 16 -5 
-2 -9 14 20 13 12 14 -5 -28 3 29 29 24 23 21 16 21 3 -26 25 
12 13 13 24 14 -30 -15 4 0 17 25 -18 8 21 26 17 26 26 23 24 
24 -27 29 9 19 -23 -15 6 30 11 -12 -23 23 -20 -16 23 0 14 23 3 
29 28 -8 13 13 14 9 -18 23 7 23 29 -23 25 28 -5 1 -18 29 25 
3 9 22 24 2 8 17 -10 18 5 12 27 -29 24 2 -13 5 9 15 2 
22 27 8 -2 -10 3 6 15 -9 4 -11 -14 -21 -25 15 12 -22 3 12 30 
29 -3 28 -20 -25 -14 26 6 -11 6 16 2 18 20 14 30 11 21 -19 26 
26 -19 21 11 30 14 20 18 2 16 6 -11 6 26 -14 -25 -20 28 -3 29 
30 12 3 -22 12 15 -25 -21 -14 -11 4 -9 15 6 3 -10 -2 8 27 22 
2 15 9 5 -13 2 24 -29 27 12 5 18 -10 17 8 2 24 22 9 3 
25 29 -18 1 -5 28 25 -23 29 23 7 23 -18 9 14 13 13 -8 28 29 
3 23 14 0 23 -16 -20 23 -23 -12 11 30 6 -15 -23 19 9 29 -27 24 
24 23 26 26 17 26 21 8 -18 25 17 0 4 -15 -30 14 24 13 13 12 
25 -26 3 21 16 21 23 24 29 29 3 -28 -5 14 12 13 20 14 -9 -2 
-5 16 12 -26 11 26 26 24 11 8 5 27 -2 -23 16 -2 9 24 14 -8 
3 2 -10 -3 -25 2 7 20 11 8 22 17 22 -1 3 -21 19 16 23 9 
10 -6 15 0 23 12 12 20 25 -24 14 17 12 4 16 17 -19 -25 29 17 
44
5
7 14
6 11
6 2
8 14
15 11
12 5
13 8
13 17
11 5
4 8
14
18 10 11
1 8 15
10 14 16
13 14 12
7 17 11
17 13 12
13 0 15
1 9 11
18 11 15
9 5 16
6 5 12
12 2 11
2 6 12
6 19 15
38
15 16
12 13
6 3
9 17
3 9
7 18
4 16
12 7
3 15
7 9
0 4
4 9
0 18
19 4
7 0
13 7
6 16
9 19
14 16
4 3
7 6
13 16
10 2
16 10
12 1
15 3
7 12
16 4
12 10
19 15
15 10
19 1
0 15
12 19
6 12
13 3
10 0
5 3
