20 20
1 12 12 12 15 15 17 17 5 3 -1 12 15 17 3 10 6 6 10 16 
17 17 -11 5 -7 11 -12 16 8 17 15 11 7 -14 -4 15 6 16 2 -14 
17 2 0 12 10 11 -7 3 0 10 6 7 8 2 15 10 11 -4 11 12 
5 -2 3 5 5 -5 11 4 1 11 -14 17 14 -9 11 -1 10 10 -8 2 
16 3 5 -11 9 0 -13 7 -7 0 13 10 10 16 -7 7 -10 -11 -10 13 
10 13 1 12 12 8 5 -13 7 9 -15 2 13 13 5 6 0 -12 5 15 
14 16 13 9 10 15 15 5 -15 -9 9 11 14 17 11 4 4 -11 -5 15 
11 12 -5 -8 14 6 9 7 4 2 0 14 -16 12 3 14 -17 -13 -6 14 
11 13 12 17 12 10 16 13 2 -15 8 3 17 7 4 6 0 6 4 13 
13 7 2 10 1 -10 2 16 11 5 16 -15 12 -4 -14 0 3 1 16 8 
8 16 1 3 0 -14 -4 12 -15 16 5 11 16 2 -10 1 10 2 7 13 
13 4 6 0 6 4 7 17 3 8 -15 2 13 16 10 12 17 12 13 11 
14 -6 -13 -17 14 3 12 -16 14 0 2 4 7 9 6 14 -8 -5 12 11 
15 -5 -11 4 4 11 17 14 11 9 -9 -15 5 15 15 10 9 13 16 14 
15 5 -12 0 6 5 13 13 2 -15 9 7 -13 5 8 12 12 1 13 10 
13 -10 -11 -10 7 -7 16 10 10 13 0 -7 7 -13 0 9 -11 5 3 16 
2 -8 10 10 -1 11 -9 14 17 -14 11 1 4 11 -5 5 5 3 -2 5 
12 11 -4 11 10 15 2 8 7 6 10 0 3 -7 11 10 12 0 2 17 
-14 2 16 6 15 -4 -14 7 11 15 17 8 16 -12 11 -7 5 -11 17 17 
16 10 6 6 10 3 17 15 12 -1 3 5 17 17 15 15 12 12 12 1 
58
5
3 15
19 3
14 3
7 8
3 16
16 4
0 16
5 16
12 11
16 3
10
0 18 8
2 16 10
0 14 9
7 6 14
4 6 8
19 1 8
17 3 10
19 5 9
12 13 14
15 13 8
34
8 13
13 10
12 15
3 0
18 16
6 15
15 10
18 19
11 5
10 1
5 1
14 0
7 3
2 1
17 9
13 15
3 6
11 6
6 9
7 4
16 19
1 3
13 4
4 9
1 0
8 14
9 18
14 18
5 19
12 16
17 18
2 10
6 4
16 13
