20 20
1 -5 -2 3 1 3 9 1 1 1 4 0 3 4 -4 1 8 -5 -1 1 
5 5 2 0 2 5 0 -7 -7 3 8 -4 3 -6 5 -7 0 -9 4 9 
-2 8 4 -9 8 4 9 2 -4 1 -4 7 7 6 5 -3 0 0 9 9 
-5 9 8 -1 9 5 4 3 9 2 7 1 5 7 5 -3 1 3 3 8 
2 5 5 9 3 -8 1 6 7 7 6 9 4 8 4 5 9 -7 7 8 
-8 6 3 3 -5 3 5 8 9 1 9 4 2 6 8 1 4 3 3 8 
9 9 -4 -8 2 1 8 9 6 3 7 4 9 -6 -2 3 0 8 2 2 
8 4 6 1 7 7 1 -1 7 2 -3 6 0 7 -4 7 4 8 -8 8 
7 4 8 1 4 1 2 2 3 -5 3 9 9 1 1 8 4 4 -9 2 
6 5 -9 2 8 7 7 7 -9 9 3 8 4 9 -2 -8 9 2 8 8 
8 8 2 9 -8 -2 9 4 8 3 9 -9 7 7 7 8 2 -9 5 6 
2 -9 4 4 8 1 1 9 9 3 -5 3 2 2 1 4 1 8 4 7 
8 -8 8 4 7 -4 7 0 6 -3 2 7 -1 1 7 7 1 6 4 8 
2 2 8 0 3 -2 -6 9 4 7 3 6 9 8 1 2 -8 -4 9 9 
8 3 3 4 1 8 6 2 4 9 1 9 8 5 3 -5 3 3 6 -8 
8 7 -7 9 5 4 8 4 9 6 7 7 6 1 -8 3 9 5 5 2 
8 3 3 1 -3 5 7 5 1 7 2 9 3 4 5 9 -1 8 9 -5 
9 9 0 0 -3 5 6 7 7 -4 1 -4 2 9 4 8 -9 4 8 -2 
9 4 -9 0 -7 5 -6 3 -4 8 3 -7 -7 0 5 2 0 2 5 5 
1 -1 -5 8 1 -4 4 3 0 4 1 1 1 9 3 1 3 -2 -5 1 
33
6
12 14
1 7
5 18
5 15
6 16
18 0
7 5
18 12
14 1
14 4
13 3
1 19
16
17 15 15
10 8 11
14 15 15
12 11 16
13 17 15
9 8 11
3 5 16
9 2 15
2 4 15
9 11 11
5 4 15
7 8 16
6 2 15
10 11 11
16 14 16
10 17 15
26
12 10
6 14
0 12
4 16
15 0
10 4
12 13
18 13
4 18
13 14
6 1
1 3
4 15
7 9
13 5
19 7
15 3
4 19
9 15
7 6
1 6
15 1
6 5
13 18
18 16
15 4
