20 20
-2 -3 1 9 7 -5 7 9 -12 15 13 -14 -1 -4 15 2 11 14 1 5 
-12 6 -4 13 -9 6 14 6 9 4 4 5 -8 0 -1 7 -11 11 11 12 
9 -12 -10 -3 5 9 3 8 -12 5 10 12 11 3 8 -9 12 -5 0 10 
1 4 11 13 14 11 13 3 -12 8 3 7 3 6 -12 4 1 -5 -8 11 
2 12 1 4 11 5 9 9 14 -11 2 2 9 6 7 4 -1 0 10 0 
-13 2 4 8 10 -4 -12 6 14 3 11 -1 12 1 5 -8 6 3 9 -9 
3 0 9 2 12 -2 -11 -12 7 12 -14 -12 6 -14 3 12 14 8 15 2 
-7 -4 6 7 14 3 2 11 14 1 -2 6 1 11 8 5 0 11 4 12 
7 6 9 3 3 0 -11 3 7 -5 4 -8 -10 4 7 4 11 12 4 1 
12 14 -9 4 -9 1 4 14 3 13 6 -4 -12 12 8 12 3 10 -11 8 
8 -11 10 3 12 8 12 -12 -4 6 13 3 14 4 1 -9 4 -9 14 12 
1 4 12 11 4 7 4 -10 -8 4 -5 7 3 -11 0 3 3 9 6 7 
12 4 11 0 5 8 11 1 6 -2 1 14 11 2 3 14 7 6 -4 -7 
2 15 8 14 12 3 -14 6 -12 -14 12 7 -12 -11 -2 12 2 9 0 3 
-9 9 3 6 -8 5 1 12 -1 11 3 14 6 -12 -4 10 8 4 2 -13 
0 10 0 -1 4 7 6 9 2 2 -11 14 9 9 5 11 4 1 12 2 
11 -8 -5 1 4 -12 6 3 7 3 8 -12 3 13 11 14 13 11 4 1 
10 0 -5 12 -9 8 3 11 12 10 5 -12 8 3 9 5 -3 -10 -12 9 
12 11 11 -11 7 -1 0 -8 5 4 4 9 6 14 6 -9 13 -4 6 -12 
5 1 14 11 2 15 -4 -1 -14 13 15 -12 9 7 -5 7 9 1 -3 -2 
30
7
6 9
3 5
0 4
1 15
4 16
8 6
4 10
13 10
16 14
19 15
18 4
15 3
11 13
15 9
8
5 0 8
11 15 14
17 2 8
4 11 15
14 19 8
8 4 14
2 17 8
15 8 15
34
12 14
4 17
19 16
16 8
17 3
3 1
1 16
8 2
18 5
15 5
13 15
12 18
18 7
13 0
3 8
0 9
11 6
7 5
15 2
0 3
3 11
2 16
16 18
18 3
11 17
1 14
4 14
6 4
7 1
1 12
6 19
16 11
19 10
8 13
