20 20
-1 4 -1 1 -4 3 1 4 -4 3 4 3 3 5 3 3 3 1 1 1 
2 5 -4 4 2 3 4 -1 -4 5 3 2 -2 3 -1 3 2 3 5 5 
5 1 3 -3 -5 1 5 -5 5 1 -2 -5 3 -4 5 2 -4 2 4 -3 
-2 5 4 1 3 4 4 3 0 4 4 1 3 2 4 -2 1 2 3 -5 
5 1 4 4 2 3 3 4 2 3 1 3 4 3 2 1 -2 3 0 4 
2 3 2 5 0 -3 2 4 4 3 5 1 5 -5 0 5 2 2 3 3 
0 4 4 3 5 -1 5 1 4 0 2 -5 2 5 3 4 -2 0 5 0 
3 1 4 3 1 0 -3 3 -2 -4 4 2 -2 -4 4 3 1 1 3 2 
5 2 5 3 4 3 -5 5 -5 0 -4 2 5 4 -5 -5 1 1 1 4 
0 -5 0 0 2 5 0 0 2 4 1 3 -3 -3 1 4 4 1 2 -1 
-1 2 1 4 4 1 -3 -3 3 1 4 2 0 0 5 2 0 0 -5 0 
4 1 1 1 -5 -5 4 5 2 -4 0 -5 5 -5 3 4 3 5 2 5 
2 3 1 1 3 4 -4 -2 2 4 -4 -2 3 -3 0 1 3 4 1 3 
0 5 0 -2 4 3 5 2 -5 2 0 4 1 5 -1 5 3 4 4 0 
3 3 2 2 5 0 -5 5 1 5 3 4 4 2 -3 0 5 2 3 2 
4 0 3 -2 1 2 3 4 3 1 3 2 4 3 3 2 4 4 1 5 
-5 3 2 1 -2 4 2 3 1 4 4 0 3 4 4 3 1 4 5 -2 
-3 4 2 -4 2 5 -4 3 -5 -2 1 5 -5 5 1 -5 -3 3 1 5 
5 5 3 2 3 -1 3 -2 2 3 5 -4 -1 4 3 2 4 -4 5 2 
1 1 1 3 3 3 5 3 3 4 3 -4 4 1 3 -4 1 -1 4 -1 
31
7
1 12
15 18
12 14
13 4
3 7
3 10
11 18
18 7
4 1
7 5
6 15
16 12
16 9
8 1
8
15 0 9
17 2 13
4 17 10
13 8 8
4 19 9
2 17 13
15 2 10
6 11 8
36
12 6
0 10
4 6
5 18
13 11
17 6
4 7
10 7
12 19
13 7
8 17
18 13
17 19
12 3
9 5
6 9
11 19
9 16
7 13
19 9
15 13
14 1
6 8
2 13
15 12
9 12
7 0
6 12
11 2
1 6
2 0
7 16
10 14
13 10
8 0
10 3
