20 20
1 3 -23 5 1 7 17 13 -10 14 8 24 -3 -4 12 0 14 3 18 0 
-24 21 17 12 4 20 0 1 -13 -16 8 -23 11 22 17 -11 1 -4 18 10 
20 22 16 23 1 -4 -22 20 12 -4 9 22 -4 0 -8 19 -19 -10 20 -12 
-22 22 6 2 6 22 1 6 24 -24 14 10 -19 11 -12 4 15 1 6 -20 
12 16 1 0 1 23 22 0 -23 2 -13 10 21 17 6 20 17 9 13 0 
22 -5 15 15 11 22 -8 -5 19 -23 10 5 3 6 5 14 19 -19 6 18 
9 1 16 14 1 12 19 -5 8 8 -8 -10 2 6 12 -22 19 -22 17 -19 
8 -7 -24 1 5 4 1 13 3 5 6 6 7 -14 4 -15 3 -10 18 12 
10 -9 -1 17 20 19 11 21 22 3 9 -13 21 0 8 -1 8 17 1 -7 
-22 4 20 14 -10 11 12 7 18 18 -13 4 12 -20 13 2 12 20 -11 19 
19 -11 20 12 2 13 -20 12 4 -13 18 18 7 12 11 -10 14 20 4 -22 
-7 1 17 8 -1 8 0 21 -13 9 3 22 21 11 19 20 17 -1 -9 10 
12 18 -10 3 -15 4 -14 7 6 6 5 3 13 1 4 5 1 -24 -7 8 
-19 17 -22 19 -22 12 6 2 -10 -8 8 8 -5 19 12 1 14 16 1 9 
18 6 -19 19 14 5 6 3 5 10 -23 19 -5 -8 22 11 15 15 -5 22 
0 13 9 17 20 6 17 21 10 -13 2 -23 0 22 23 1 0 1 16 12 
-20 6 1 15 4 -12 11 -19 10 14 -24 24 6 1 22 6 2 6 22 -22 
-12 20 -10 -19 19 -8 0 -4 22 9 -4 12 20 -22 -4 1 23 16 22 20 
10 18 -4 1 -11 17 22 11 -23 8 -16 -13 1 0 20 4 12 17 21 -24 
0 18 3 14 0 12 -4 -3 24 8 14 -10 13 17 7 1 5 -23 3 1 
55
8
12 3
10 19
18 15
6 19
19 12
6 5
2 15
8 16
7 16
9 0
1 4
13 0
0 7
13 14
17 4
11 3
14
4 5 11
15 0 13
4 3 8
17 6 11
16 14 9
9 15 12
19 1 8
15 14 11
4 19 13
15 16 8
2 13 11
3 5 9
10 4 12
0 18 8
28
8 7
14 15
12 4
11 1
18 17
1 8
14 12
4 18
3 6
14 2
13 4
0 3
3 18
3 12
11 12
5 4
7 15
8 18
1 2
18 11
5 7
15 1
16 13
5 17
6 15
19 16
16 1
16 7
