20 20
1 8 -3 7 -1 6 2 6 -7 2 8 3 1 -7 7 5 8 -4 1 4 
3 8 3 3 -4 4 5 2 6 4 -1 6 -7 8 5 -4 0 -3 5 4 
-4 6 3 1 4 5 -8 1 1 -6 -3 4 1 1 5 2 4 8 1 7 
5 8 0 0 0 4 3 5 1 0 3 -2 6 -3 -8 4 5 4 1 4 
6 -6 2 1 0 8 7 6 -7 8 6 5 4 3 4 7 6 -7 3 -8 
1 4 3 -4 -3 5 6 -1 -5 8 3 8 1 4 1 8 8 5 8 7 
4 7 6 -2 2 3 -7 7 2 7 1 4 2 0 3 8 0 -8 4 -8 
6 1 8 0 3 -8 5 6 2 6 6 5 5 8 1 2 0 7 3 4 
1 8 -1 0 -3 7 4 7 2 6 -6 6 8 4 4 0 -1 0 0 4 
0 4 7 8 7 -5 -1 -4 6 -3 5 7 4 2 4 5 5 2 3 2 
2 3 2 5 5 4 2 4 7 5 -3 6 -4 -1 -5 7 8 7 4 0 
4 0 0 -1 0 4 4 8 6 -6 6 2 7 4 7 -3 0 -1 8 1 
4 3 7 0 2 1 8 5 5 6 6 2 6 5 -8 3 0 8 1 6 
-8 4 -8 0 8 3 0 2 4 1 7 2 7 -7 3 2 -2 6 7 4 
7 8 5 8 8 1 4 1 8 3 8 -5 -1 6 5 -3 -4 3 4 1 
-8 3 -7 6 7 4 3 4 5 6 8 -7 6 7 8 0 1 2 -6 6 
4 1 4 5 4 -8 -3 6 -2 3 0 1 5 3 4 0 0 0 8 5 
7 1 8 4 2 5 1 1 4 -3 -6 1 1 -8 5 4 1 3 6 -4 
4 5 -3 0 -4 5 8 -7 6 -1 4 6 2 5 4 -4 3 3 8 3 
4 1 -4 8 5 7 -7 1 3 8 2 -7 6 2 6 -1 7 -3 8 1 
37
8
8 13
11 8
18 12
6 9
12 8
19 18
12 15
14 17
11 6
8 11
1 7
13 10
7 11
0 1
7 4
5 2
8
18 14 15
13 14 12
13 7 13
10 17 16
1 5 15
6 5 12
6 12 13
9 2 16
32
19 8
19 6
2 3
0 5
13 4
12 10
19 10
1 16
15 3
7 10
16 6
10 15
6 2
14 1
13 5
17 19
0 11
0 13
17 16
19 14
6 15
7 9
0 9
18 3
4 16
12 9
3 13
9 4
13 17
5 18
6 14
2 0
