20 20
17 15 8 13 8 9 10 8 -4 -8 5 13 8 8 13 2 -1 4 0 13 
7 2 6 1 5 1 11 2 6 -14 10 15 16 16 -1 12 17 3 9 10 
15 9 -1 13 14 5 -11 5 -6 10 13 10 8 12 -5 -12 7 -16 4 11 
-3 -2 7 0 6 5 7 13 10 -10 -17 -13 -16 17 2 12 -2 -14 -2 7 
12 10 1 -13 12 -14 3 -3 -15 -6 16 17 -6 14 -12 -9 16 -17 11 -16 
-8 8 14 8 6 -9 14 -3 8 15 16 10 11 8 7 2 10 10 4 -4 
12 13 -2 11 9 13 -6 13 5 12 6 13 12 -1 -1 7 -1 -14 1 -5 
7 -4 -4 15 5 15 16 6 11 14 12 3 9 5 -12 -3 15 11 10 4 
-3 9 3 12 6 15 1 -10 9 -8 14 2 5 9 -2 -16 2 11 14 3 
16 -11 11 13 3 2 4 1 -16 -1 13 17 11 10 2 13 10 15 16 -2 
-2 16 15 10 13 2 10 11 17 13 -1 -16 1 4 2 3 13 11 -11 16 
3 14 11 2 -16 -2 9 5 2 14 -8 9 -10 1 15 6 12 3 9 -3 
4 10 11 15 -3 -12 5 9 3 12 14 11 6 16 15 5 15 -4 -4 7 
-5 1 -14 -1 7 -1 -1 12 13 6 12 5 13 -6 13 9 11 -2 13 12 
-4 4 10 10 2 7 8 11 10 16 15 8 -3 14 -9 6 8 14 8 -8 
-16 11 -17 16 -9 -12 14 -6 17 16 -6 -15 -3 3 -14 12 -13 1 10 12 
7 -2 -14 -2 12 2 17 -16 -13 -17 -10 10 13 7 5 6 0 7 -2 -3 
11 4 -16 7 -12 -5 12 8 10 13 10 -6 5 -11 5 14 13 -1 9 15 
10 9 3 17 12 -1 16 16 15 10 -14 6 2 11 1 5 1 6 2 7 
13 0 4 -1 2 13 8 8 13 5 -8 -4 8 10 9 8 13 8 15 17 
58
4
2 8
0 11
14 7
13 5
17 11
19 8
5 12
6 14
6
9 1 13
7 3 13
10 4 14
10 18 13
12 16 13
9 15 14
28
9 11
3 2
15 9
18 4
0 16
5 0
9 10
19 1
8 14
11 6
4 16
12 17
17 9
14 0
10 8
16 17
4 10
1 15
19 3
14 19
10 9
0 18
11 5
8 13
15 3
7 2
2 10
5 19
