20 20
4 5 5 4 1 1 -5 4 2 -3 5 1 2 0 3 2 4 3 4 5 
1 -2 -4 2 1 -2 0 3 -1 5 0 5 1 5 -2 3 4 3 -3 5 
4 5 -2 1 2 0 0 3 -3 3 -3 2 0 4 4 1 1 1 2 4 
3 2 4 5 5 5 1 3 5 4 5 4 0 3 1 -3 5 -3 4 4 
3 0 3 4 2 -5 4 0 0 1 3 5 0 -1 3 5 -4 -4 2 -4 
-5 4 4 3 4 4 3 4 2 4 4 -2 2 -2 3 -2 4 5 3 0 
3 -1 5 0 2 -3 0 3 5 2 3 3 1 3 5 3 0 5 -2 5 
4 4 -3 1 -4 3 1 1 1 -1 3 5 3 4 -1 3 -3 1 -1 1 
0 -3 0 -3 1 4 5 3 2 2 5 2 2 3 -3 4 4 4 3 1 
0 5 5 4 5 4 4 -5 -5 2 5 0 4 3 1 2 0 5 5 -4 
-4 5 5 0 2 1 3 4 0 5 2 -5 -5 4 4 5 4 5 5 0 
1 3 4 4 4 -3 3 2 2 5 2 2 3 5 4 1 -3 0 -3 0 
1 -1 1 -3 3 -1 4 3 5 3 -1 1 1 1 3 -4 1 -3 4 4 
5 -2 5 0 3 5 3 1 3 3 2 5 3 0 -3 2 0 5 -1 3 
0 3 5 4 -2 3 -2 2 -2 4 4 2 4 3 4 4 3 4 4 -5 
-4 2 -4 -4 5 3 -1 0 5 3 1 0 0 4 -5 2 4 3 0 3 
4 4 -3 5 -3 1 3 0 4 5 4 5 3 1 5 5 5 4 2 3 
4 2 1 1 1 4 4 0 2 -3 3 -3 3 0 0 2 1 -2 5 4 
5 -3 3 4 3 -2 5 1 5 0 5 -1 3 0 -2 1 2 -4 -2 1 
5 4 3 4 2 3 0 2 1 5 -3 2 4 -5 1 1 4 5 5 4 
32
2
17 4
14 11
2 15
5 8
16
14 13 11
5 3 15
9 18 8
18 13 10
6 18 13
3 8 12
12 3 16
5 4 8
5 6 11
14 16 15
10 1 8
1 6 10
13 1 13
16 11 12
7 16 16
14 15 8
32
18 7
12 15
13 17
17 14
18 19
12 19
7 15
6 1
16 0
14 9
5 13
0 13
16 5
18 2
4 6
1 16
1 12
7 4
6 2
2 5
1 0
7 0
12 4
13 18
3 19
5 10
14 6
19 6
3 14
1 17
15 13
18 3
