20 20
6 9 26 1 14 -12 20 4 -26 28 28 0 -15 5 6 27 22 15 25 -10 
25 -16 29 0 3 8 19 26 -26 19 21 -14 3 9 11 21 -3 13 3 15 
-5 -22 -14 25 7 20 -11 5 16 16 20 8 27 25 0 24 23 -22 13 17 
12 -15 3 12 1 -8 -22 13 7 12 -29 21 -17 -16 25 2 17 8 -16 11 
-18 -29 20 29 13 -4 27 18 17 2 3 5 5 25 4 28 -29 27 -7 13 
25 28 0 21 9 24 5 10 28 8 -1 -8 18 24 5 9 14 18 28 14 
8 28 28 17 9 26 10 -3 7 4 7 -22 -16 22 18 22 12 20 -20 12 
-24 -8 17 24 8 22 14 22 23 -3 28 -3 18 12 4 25 1 -15 18 17 
-23 21 14 4 22 -2 18 -9 -24 13 15 -20 1 28 27 18 15 -1 10 23 
-6 -1 13 20 22 23 15 21 -2 11 -7 -3 22 10 23 0 24 23 -15 21 
21 -15 23 24 0 23 10 22 -3 -7 11 -2 21 15 23 22 20 13 -1 -6 
23 10 -1 15 18 27 28 1 -20 15 13 -24 -9 18 -2 22 4 14 21 -23 
17 18 -15 1 25 4 12 18 -3 28 -3 23 22 14 22 8 24 17 -8 -24 
12 -20 20 12 22 18 22 -16 -22 7 4 7 -3 10 26 9 17 28 28 8 
14 28 18 14 9 5 24 18 -8 -1 8 28 10 5 24 9 21 0 28 25 
13 -7 27 -29 28 4 25 5 5 3 2 17 18 27 -4 13 29 20 -29 -18 
11 -16 8 17 2 25 -16 -17 21 -29 12 7 13 -22 -8 1 12 3 -15 12 
17 13 -22 23 24 0 25 27 8 20 16 16 5 -11 20 7 25 -14 -22 -5 
15 3 13 -3 21 11 9 3 -14 21 19 -26 26 19 8 3 0 29 -16 25 
-10 25 15 22 27 6 5 -15 0 28 28 -26 4 20 -12 14 1 26 9 6 
57
5
8 11
17 13
2 9
5 9
0 11
11 8
2 6
17 10
14 10
19 8
12
8 3 9
1 2 9
13 11 13
4 9 16
13 1 13
11 6 9
11 16 9
18 17 9
6 8 13
15 10 16
6 18 13
8 13 9
30
8 14
10 12
19 7
5 7
7 5
19 1
8 16
13 19
4 18
11 10
14 18
3 14
0 5
6 7
1 5
11 5
9 7
0 12
14 12
12 14
0 18
11 3
6 0
15 1
8 9
5 1
16 5
19 14
13 12
18 14
