20 20
10 19 11 3 10 17 20 15 12 -15 14 20 13 8 10 10 19 21 3 -21 
6 1 16 7 -20 -12 4 4 11 14 -11 3 6 8 -19 6 3 11 -12 -12 
6 17 17 0 5 9 3 14 16 1 15 4 18 -4 5 -20 -21 20 18 5 
3 15 10 12 -19 9 -12 1 -13 19 -9 11 11 8 12 4 12 3 3 16 
4 12 -6 -11 2 4 -6 2 21 5 14 20 12 17 16 -5 16 8 7 12 
3 -2 0 -9 12 19 7 16 6 4 19 14 17 4 4 15 1 2 8 17 
-21 19 -1 9 3 17 -7 2 -4 -14 11 5 0 8 14 10 2 4 6 -16 
19 -8 16 -18 18 21 0 13 -4 3 -13 7 19 -12 1 -18 18 -9 14 12 
21 2 0 14 8 9 16 20 5 14 7 15 13 21 20 12 -21 7 5 0 
3 7 -8 13 21 14 0 1 -10 13 4 5 -6 -6 11 21 11 12 0 17 
17 0 12 11 21 11 -6 -6 5 4 13 -10 1 0 14 21 13 -8 7 3 
0 5 7 -21 12 20 21 13 15 7 14 5 20 16 9 8 14 0 2 21 
12 14 -9 18 -18 1 -12 19 7 -13 3 -4 13 0 21 18 -18 16 -8 19 
-16 6 4 2 10 14 8 0 5 11 -14 -4 2 -7 17 3 9 -1 19 -21 
17 8 2 1 15 4 4 17 14 19 4 6 16 7 19 12 -9 0 -2 3 
12 7 8 16 -5 16 17 12 20 14 5 21 2 -6 4 2 -11 -6 12 4 
16 3 3 12 4 12 8 11 11 -9 19 -13 1 -12 9 -19 12 10 15 3 
5 18 20 -21 -20 5 -4 18 4 15 1 16 14 3 9 5 0 17 17 6 
-12 -12 11 3 6 -19 8 6 3 -11 14 11 4 4 -12 -20 7 16 1 6 
-21 3 21 19 10 10 8 13 20 14 -15 12 15 20 17 10 3 11 19 10 
49
5
10 3
19 5
12 17
2 16
7 13
9 16
0 14
7 2
17 3
12 6
14
15 6 13
19 16 12
9 5 10
9 1 9
5 17 8
13 9 9
15 13 16
4 13 13
0 3 12
10 14 10
10 18 9
14 2 8
6 10 9
4 6 16
28
11 6
8 17
15 9
16 8
16 9
3 5
0 5
6 4
14 5
6 1
18 17
18 4
17 5
2 4
8 13
11 2
4 10
3 11
3 10
16 14
19 14
13 15
5 14
13 18
1 2
1 15
2 14
17 15
