20 20
17 -15 16 -7 12 11 19 -17 6 18 11 8 6 2 8 11 11 12 14 3 
-14 19 9 19 20 17 20 -12 -11 19 13 13 3 11 14 7 7 4 10 13 
-19 8 -13 11 -20 5 16 8 16 -21 14 -2 18 20 14 -15 21 -3 12 3 
18 1 3 2 18 10 19 13 8 -12 -2 19 3 11 15 17 11 -14 -16 -10 
13 1 14 -2 0 8 19 8 21 5 -9 -13 8 -11 4 14 -8 0 18 4 
-12 7 11 19 5 5 -7 18 -15 15 -6 -6 -3 -16 -5 8 21 6 15 17 
18 -8 -13 20 13 4 -7 -1 15 7 14 -4 4 -20 9 7 20 -6 9 13 
4 21 -6 1 8 7 21 14 20 -7 14 9 9 -16 12 -20 12 -14 7 8 
-7 -8 12 15 -14 -7 4 20 1 11 -15 6 6 -13 16 -18 -7 20 -4 14 
-19 3 10 12 8 21 -20 7 -20 -12 8 -1 19 19 10 6 20 2 -3 6 
6 -3 2 20 6 10 19 19 -1 8 -12 -20 7 -20 21 8 12 10 3 -19 
14 -4 20 -7 -18 16 -13 6 6 -15 11 1 20 4 -7 -14 15 12 -8 -7 
8 7 -14 12 -20 12 -16 9 9 14 -7 20 14 21 7 8 1 -6 21 4 
13 9 -6 20 7 9 -20 4 -4 14 7 15 -1 -7 4 13 20 -13 -8 18 
17 15 6 21 8 -5 -16 -3 -6 -6 15 -15 18 -7 5 5 19 11 7 -12 
4 18 0 -8 14 4 -11 8 -13 -9 5 21 8 19 8 0 -2 14 1 13 
-10 -16 -14 11 17 15 11 3 19 -2 -12 8 13 19 10 18 2 3 1 18 
3 12 -3 21 -15 14 20 18 -2 14 -21 16 8 16 5 -20 11 -13 8 -19 
13 10 4 7 7 14 11 3 13 13 19 -11 -12 20 17 20 19 9 19 -14 
3 14 12 11 11 8 2 6 8 11 18 6 -17 19 11 12 -7 16 -15 17 
58
7
1 3
14 3
5 4
3 11
0 5
15 0
19 1
18 16
5 16
14 15
16 8
19 14
4 19
0 18
16
5 14 11
13 18 12
1 2 16
0 7 9
7 6 8
7 12 12
2 8 16
2 19 9
14 5 11
6 1 12
18 17 16
19 12 9
12 13 8
12 7 12
17 11 16
17 0 9
26
8 16
12 6
8 1
19 18
11 15
3 12
10 4
3 8
2 17
5 3
1 17
10 0
16 3
11 3
7 13
11 18
0 1
8 4
16 7
9 15
16 11
17 2
14 16
18 2
9 19
3 16
