20 20
22 -29 28 -1 -22 -21 -16 -17 2 7 -3 -18 3 -19 14 24 2 0 -25 12 
-26 29 -11 11 20 29 16 -1 18 6 8 18 7 7 23 28 19 3 26 6 
16 -22 17 16 29 5 -9 19 18 20 15 7 10 -14 4 20 -1 25 15 17 
-5 18 5 4 2 20 -21 -3 5 -22 16 -29 -24 28 -4 27 23 9 16 14 
9 -4 -7 21 -9 -23 25 3 5 -29 1 22 9 24 -10 8 8 -16 5 5 
9 18 23 -4 28 27 -30 -1 -5 -28 -18 9 21 0 19 -8 22 24 29 14 
25 30 -12 6 21 25 8 1 -18 2 19 3 10 11 14 -7 -24 23 12 8 
4 -6 -8 -2 2 21 -11 -13 9 -1 -5 8 18 -9 18 10 12 13 28 -23 
27 3 -6 12 9 -5 19 9 23 -24 -24 -12 23 8 24 10 19 16 16 26 
29 4 -20 20 28 13 -30 12 19 -14 -7 9 25 1 1 5 2 -11 0 -1 
-1 0 -11 2 5 1 1 25 9 -7 -14 19 12 -30 13 28 20 -20 4 29 
26 16 16 19 10 24 8 23 -12 -24 -24 23 9 19 -5 9 12 -6 3 27 
-23 28 13 12 10 18 -9 18 8 -5 -1 9 -13 -11 21 2 -2 -8 -6 4 
8 12 23 -24 -7 14 11 10 3 19 2 -18 1 8 25 21 6 -12 30 25 
14 29 24 22 -8 19 0 21 9 -18 -28 -5 -1 -30 27 28 -4 23 18 9 
5 5 -16 8 8 -10 24 9 22 1 -29 5 3 25 -23 -9 21 -7 -4 9 
14 16 9 23 27 -4 28 -24 -29 16 -22 5 -3 -21 20 2 4 5 18 -5 
17 15 25 -1 20 4 -14 10 7 15 20 18 19 -9 5 29 16 17 -22 16 
6 26 3 19 28 23 7 7 18 8 6 18 -1 16 29 20 11 -11 29 -26 
12 -25 0 2 24 14 -19 3 -18 -3 7 2 -17 -16 -21 -22 -1 28 -29 22 
35
8
9 11
19 15
2 5
0 15
9 19
6 16
0 1
14 6
10 8
0 4
17 14
19 4
10 0
13 3
19 18
5 13
18
3 17 11
9 2 14
9 10 14
11 9 13
6 9 13
10 11 13
6 14 15
13 9 14
8 13 11
16 2 11
10 17 14
10 9 14
8 10 13
13 10 13
9 8 13
13 5 15
6 10 14
11 6 11
28
5 15
5 17
14 0
7 4
12 6
13 19
1 6
11 10
10 16
12 0
9 16
0 13
4 16
11 13
14 4
14 2
5 19
12 15
7 13
6 0
18 13
8 9
9 3
7 19
10 3
19 6
15 3
8 6
