20 20
7 6 9 18 5 8 7 3 9 18 -4 -12 18 4 10 15 19 9 10 5 
1 -19 18 13 15 -19 1 7 -6 -14 9 1 14 10 8 -7 1 15 -10 9 
8 -14 13 19 9 -10 17 14 -1 2 2 2 -12 12 8 13 6 18 -8 -8 
0 3 2 2 19 -19 -5 19 17 -3 5 -15 4 -16 17 13 7 3 13 18 
-11 8 -7 8 18 2 0 13 6 4 11 -4 5 6 8 -11 -7 7 12 10 
19 7 7 12 0 -8 1 5 3 0 14 8 13 4 12 5 1 7 8 -7 
4 8 12 17 10 2 17 -16 6 -3 2 13 5 12 13 13 -2 9 2 -12 
17 19 15 5 17 13 19 8 9 1 4 3 0 18 9 -6 -13 8 -4 8 
3 4 9 11 8 17 0 1 16 18 2 3 -14 3 16 19 -3 -10 -12 9 
-18 15 9 -3 -18 -4 -6 -6 15 1 4 3 19 19 -19 1 17 -3 5 -12 
-12 5 -3 17 1 -19 19 19 3 4 1 15 -6 -6 -4 -18 -3 9 15 -18 
9 -12 -10 -3 19 16 3 -14 3 2 18 16 1 0 17 8 11 9 4 3 
8 -4 8 -13 -6 9 18 0 3 4 1 9 8 19 13 17 5 15 19 17 
-12 2 9 -2 13 13 12 5 13 2 -3 6 -16 17 2 10 17 12 8 4 
-7 8 7 1 5 12 4 13 8 14 0 3 5 1 -8 0 12 7 7 19 
10 12 7 -7 -11 8 6 5 -4 11 4 6 13 0 2 18 8 -7 8 -11 
18 13 3 7 13 17 -16 4 -15 5 -3 17 19 -5 -19 19 2 2 3 0 
-8 -8 18 6 13 8 12 -12 2 2 2 -1 14 17 -10 9 19 13 -14 8 
9 -10 15 1 -7 8 10 14 1 9 -14 -6 7 1 -19 15 13 18 -19 1 
5 10 9 19 15 10 4 18 -12 -4 18 9 3 7 8 5 18 9 6 7 
39
4
18 3
6 4
9 12
5 4
1 16
13 15
10 7
14 15
14
5 11 9
9 6 11
16 2 14
4 15 8
17 14 8
10 0 10
12 3 11
14 8 9
10 13 11
3 17 14
15 4 8
2 5 8
9 19 10
7 16 11
26
14 2
6 2
5 3
3 6
11 6
5 14
12 10
1 10
12 7
4 13
3 19
10 9
12 9
5 17
13 17
14 16
16 13
8 13
14 5
7 9
18 9
7 12
15 6
16 0
9 10
7 10
