20 20
-7 10 18 19 -11 8 1 13 20 14 8 20 -3 -11 -9 2 3 16 14 6 
4 3 5 2 -18 12 -2 9 7 6 3 10 6 10 3 18 15 18 -12 15 
19 2 16 -6 -5 -15 11 18 20 1 16 -4 -14 -20 18 -15 -12 18 17 -19 
20 9 15 2 6 16 -20 9 16 -15 17 17 -17 2 -1 4 9 1 16 18 
8 6 4 10 1 -17 17 -1 1 18 -1 4 -20 11 -17 14 20 16 17 1 
18 17 1 -11 -17 0 10 3 11 2 13 4 -18 -7 9 20 18 4 -19 8 
11 9 14 7 18 19 20 8 15 6 9 -7 15 18 14 3 11 7 -7 -3 
18 2 -11 18 15 6 7 7 5 9 5 9 1 5 11 -10 10 4 13 -16 
17 -4 19 1 18 -2 2 -17 -14 18 10 17 7 12 -20 4 10 3 -8 12 
6 -14 -1 17 3 2 -3 -15 6 -12 3 12 20 -19 -5 17 10 7 -4 13 
13 -4 7 10 17 -5 -19 20 12 3 -12 6 -15 -3 2 3 17 -1 -14 6 
12 -8 3 10 4 -20 12 7 17 10 18 -14 -17 2 -2 18 1 19 -4 17 
-16 13 4 10 -10 11 5 1 9 5 9 5 7 7 6 15 18 -11 2 18 
-3 -7 7 11 3 14 18 15 -7 9 6 15 8 20 19 18 7 14 9 11 
8 -19 4 18 20 9 -7 -18 4 13 2 11 3 10 0 -17 -11 1 17 18 
1 17 16 20 14 -17 11 -20 4 -1 18 1 -1 17 -17 1 10 4 6 8 
18 16 1 9 4 -1 2 -17 17 17 -15 16 9 -20 16 6 2 15 9 20 
-19 17 18 -12 -15 18 -20 -14 -4 16 1 20 18 11 -15 -5 -6 16 2 19 
15 -12 18 15 18 3 10 6 10 3 6 7 9 -2 12 -18 2 5 3 4 
6 14 16 3 2 -9 -11 -3 20 8 14 20 13 1 8 -11 19 18 10 -7 
30
3
16 18
13 9
0 8
3 1
6 10
19 11
8
5 0 11
0 2 10
19 4 9
5 12 14
14 19 11
19 17 10
0 15 9
14 7 14
38
8 12
6 7
5 10
13 18
7 17
1 18
17 18
2 7
12 11
12 9
9 13
5 13
0 9
13 2
3 8
9 6
10 17
3 2
6 19
11 7
13 12
14 9
6 1
12 2
18 1
2 1
17 12
7 8
7 10
10 6
14 6
19 10
6 17
16 11
10 13
9 2
16 17
13 0
