20 20
9 25 8 -12 4 21 22 3 20 15 10 3 21 25 20 -4 3 -15 -24 22 
23 4 20 25 6 13 15 -5 21 7 14 0 14 13 -14 8 26 4 -20 5 
-18 19 5 10 -14 24 -14 1 14 -23 26 -22 26 23 22 -9 20 -11 17 19 
10 -21 13 15 24 -14 24 17 -5 23 15 -25 -23 6 20 19 18 -16 -15 10 
10 8 15 1 19 -15 16 2 -19 22 -14 8 26 -12 23 12 16 14 10 9 
-13 -18 25 0 13 2 -2 18 -8 -11 6 14 -7 12 21 18 20 24 1 19 
-20 19 12 4 5 5 12 -17 -10 11 5 4 6 -11 -3 6 14 19 1 -26 
-21 2 10 14 3 9 -13 -16 22 24 -26 13 22 -20 -5 -12 16 12 -20 14 
-9 10 24 12 -24 -23 -18 8 -14 8 -1 -17 -25 17 -24 26 0 12 5 -4 
15 6 -26 9 24 19 1 -3 -3 -21 20 14 -6 19 -4 11 22 10 5 24 
24 5 10 22 11 -4 19 -6 14 20 -21 -3 -3 1 19 24 9 -26 6 15 
-4 5 12 0 26 -24 17 -25 -17 -1 8 -14 8 -18 -23 -24 12 24 10 -9 
14 -20 12 16 -12 -5 -20 22 13 -26 24 22 -16 -13 9 3 14 10 2 -21 
-26 1 19 14 6 -3 -11 6 4 5 11 -10 -17 12 5 5 4 12 19 -20 
19 1 24 20 18 21 12 -7 14 6 -11 -8 18 -2 2 13 0 25 -18 -13 
9 10 14 16 12 23 -12 26 8 -14 22 -19 2 16 -15 19 1 15 8 10 
10 -15 -16 18 19 20 6 -23 -25 15 23 -5 17 24 -14 24 15 13 -21 10 
19 17 -11 20 -9 22 23 26 -22 26 -23 14 1 -14 24 -14 10 5 19 -18 
5 -20 4 26 8 -14 13 14 0 14 7 21 -5 15 13 6 25 20 4 23 
22 -24 -15 3 -4 20 25 21 3 10 15 20 3 22 21 4 -12 8 25 9 
53
2
6 2
9 1
13 17
10 18
20
12 14 13
5 19 12
0 16 15
12 0 13
13 6 16
7 16 13
12 4 13
0 7 14
9 0 12
5 6 15
7 5 13
14 0 12
19 3 15
7 19 13
6 13 16
12 3 13
7 15 13
19 12 14
10 19 12
14 13 15
32
8 11
0 15
7 0
13 19
3 15
17 7
9 13
13 11
12 2
9 17
4 6
4 2
2 4
11 19
8 16
14 7
11 8
19 4
12 19
6 0
16 4
2 12
10 6
6 8
7 17
10 2
15 13
15 17
17 15
8 0
11 3
5 12
