20 20
9 6 7 7 19 13 14 -12 9 8 14 -3 7 12 14 -15 4 6 14 -7 
9 -8 17 10 2 7 -1 -16 7 12 4 -12 -12 16 13 17 9 3 13 0 
1 -1 6 11 -4 3 19 0 8 5 5 15 5 16 11 -3 12 13 6 -8 
19 11 -19 3 4 3 3 12 2 18 -1 15 18 16 16 -14 8 16 19 18 
19 8 8 13 -4 2 3 9 13 15 -12 -3 20 18 18 5 11 6 -8 10 
13 19 7 18 11 12 7 9 11 2 0 20 7 17 0 20 3 19 -8 4 
11 -8 -2 13 -15 15 11 -3 7 3 17 9 7 -3 18 17 2 20 -5 3 
20 20 17 20 10 4 8 12 19 -4 18 13 -10 17 17 5 6 2 11 3 
3 16 8 18 10 13 -20 1 -19 9 19 20 4 4 12 -12 -6 13 2 -17 
4 -20 9 3 3 1 14 -7 11 9 -20 11 -17 3 -15 14 3 3 10 -17 
-17 10 3 3 14 -15 3 -17 11 -20 9 11 -7 14 1 3 3 9 -20 4 
-17 2 13 -6 -12 12 4 4 20 19 9 -19 1 -20 13 10 18 8 16 3 
3 11 2 6 5 17 17 -10 13 18 -4 19 12 8 4 10 20 17 20 20 
3 -5 20 2 17 18 -3 7 9 17 3 7 -3 11 15 -15 13 -2 -8 11 
4 -8 19 3 20 0 17 7 20 0 2 11 9 7 12 11 18 7 19 13 
10 -8 6 11 5 18 18 20 -3 -12 15 13 9 3 2 -4 13 8 8 19 
18 19 16 8 -14 16 16 18 15 -1 18 2 12 3 3 4 3 -19 11 19 
-8 6 13 12 -3 11 16 5 15 5 5 8 0 19 3 -4 11 6 -1 1 
0 13 3 9 17 13 16 -12 -12 4 12 7 -16 -1 7 2 10 17 -8 9 
-7 14 6 4 -15 14 12 7 -3 14 8 9 -12 14 13 19 7 7 6 9 
38
4
17 8
6 18
16 5
7 5
2 11
13 1
3 14
12 14
8
16 14 14
2 14 16
4 18 10
11 13 15
3 5 14
17 5 16
15 1 10
8 6 15
38
11 4
3 1
10 13
6 12
4 16
15 11
14 9
19 14
4 17
6 9
13 0
1 7
16 0
2 3
11 1
9 15
10 8
8 13
8 3
8 15
16 18
9 6
13 7
15 3
4 8
5 10
0 5
15 2
13 10
6 19
18 12
3 19
17 16
8 18
10 4
9 11
11 6
11 16
