20 20
3 8 -4 15 23 -13 14 15 19 10 -9 25 -3 21 5 -15 -18 5 2 1 
14 5 -18 6 18 3 6 -9 25 16 1 20 -19 6 21 15 23 18 18 -2 
-7 1 -11 -6 3 2 10 6 6 22 21 19 -24 23 -13 16 1 25 6 -9 
-15 14 16 -8 -11 1 -3 -7 5 -1 21 19 17 -20 6 8 23 -25 1 17 
2 12 24 24 15 -8 9 20 6 12 22 13 6 3 21 -14 15 20 23 12 
5 -9 7 21 -4 23 24 4 -13 4 18 12 -3 2 24 -3 22 4 4 17 
14 -7 4 4 12 25 23 17 -17 20 25 21 22 6 -8 14 15 0 -17 11 
-10 3 1 25 17 10 22 6 24 20 15 20 15 22 21 24 6 24 15 20 
16 -25 11 -23 9 20 1 0 14 0 11 1 1 25 0 -22 -23 23 6 14 
-5 -15 -17 8 13 -15 17 22 8 -20 -5 -17 -22 -17 3 -24 8 23 15 -12 
-12 15 23 8 -24 3 -17 -22 -17 -5 -20 8 22 17 -15 13 8 -17 -15 -5 
14 6 23 -23 -22 0 25 1 1 11 0 14 0 1 20 9 -23 11 -25 16 
20 15 24 6 24 21 22 15 20 15 20 24 6 22 10 17 25 1 3 -10 
11 -17 0 15 14 -8 6 22 21 25 20 -17 17 23 25 12 4 4 -7 14 
17 4 4 22 -3 24 2 -3 12 18 4 -13 4 24 23 -4 21 7 -9 5 
12 23 20 15 -14 21 3 6 13 22 12 6 20 9 -8 15 24 24 12 2 
17 1 -25 23 8 6 -20 17 19 21 -1 5 -7 -3 1 -11 -8 16 14 -15 
-9 6 25 1 16 -13 23 -24 19 21 22 6 6 10 2 3 -6 -11 1 -7 
-2 18 18 23 15 21 6 -19 20 1 16 25 -9 6 3 18 6 -18 5 14 
1 2 5 -18 -15 5 21 -3 25 -9 10 19 15 14 -13 23 15 -4 8 3 
55
6
7 2
3 12
6 2
14 8
7 6
19 18
12 17
16 7
13 17
5 11
12 13
0 1
6
7 15 11
9 5 11
12 0 14
12 4 11
10 14 11
7 19 14
30
18 8
5 17
6 17
12 3
5 18
8 0
13 14
10 7
2 8
15 8
11 2
15 10
9 4
2 6
1 9
1 11
14 2
13 2
7 16
14 1
11 19
6 5
9 12
17 11
4 11
8 17
4 9
10 15
17 13
18 10
