20 20
8 18 13 14 16 -10 8 7 14 1 0 10 14 11 -4 12 -10 11 -11 12 
9 1 13 16 16 12 12 17 -8 12 11 2 -11 -11 3 15 13 12 -1 3 
1 -15 5 15 13 17 16 7 1 1 17 8 -18 -15 1 -3 6 -13 1 13 
15 3 4 4 -1 -6 6 -10 7 5 -12 13 13 8 9 -2 2 1 8 12 
2 16 -4 13 15 6 7 9 2 11 14 4 8 12 16 4 18 5 -18 11 
13 14 12 1 14 2 3 7 8 16 -6 6 5 12 -5 -2 13 9 6 11 
18 0 10 6 0 -10 18 -4 9 -3 9 -6 -16 3 -16 9 -5 17 6 14 
7 -3 -13 -8 5 1 18 16 1 12 17 7 1 16 3 -13 5 8 7 3 
0 10 16 14 15 8 11 -16 16 -7 2 -10 2 10 10 14 14 -10 -3 5 
10 -5 3 8 0 5 14 -13 12 11 12 6 -1 -11 10 14 13 1 15 11 
11 15 1 13 14 10 -11 -1 6 12 11 12 -13 14 5 0 8 3 -5 10 
5 -3 -10 14 14 10 10 2 -10 2 -7 16 -16 11 8 15 14 16 10 0 
3 7 8 5 -13 3 16 1 7 17 12 1 16 18 1 5 -8 -13 -3 7 
14 6 17 -5 9 -16 3 -16 -6 9 -3 9 -4 18 -10 0 6 10 0 18 
11 6 9 13 -2 -5 12 5 6 -6 16 8 7 3 2 14 1 12 14 13 
11 -18 5 18 4 16 12 8 4 14 11 2 9 7 6 15 13 -4 16 2 
12 8 1 2 -2 9 8 13 13 -12 5 7 -10 6 -6 -1 4 4 3 15 
13 1 -13 6 -3 1 -15 -18 8 17 1 1 7 16 17 13 15 5 -15 1 
3 -1 12 13 15 3 -11 -11 2 11 12 -8 17 12 12 16 16 13 1 9 
12 -11 11 -10 12 -4 11 14 10 0 1 14 7 8 -10 16 14 13 18 8 
45
3
18 17
14 6
6 18
1 2
5 13
13 1
6
15 6 14
9 14 12
19 0 16
4 13 14
10 5 12
0 19 16
36
15 9
2 12
15 17
9 7
19 11
11 5
6 8
6 19
7 5
6 12
7 6
17 13
2 10
9 19
0 18
14 16
0 11
9 18
4 10
17 7
4 2
10 12
0 8
8 14
13 11
13 0
12 14
13 7
12 13
2 6
17 9
10 0
19 1
5 3
19 8
10 1
