20 20
-10 4 -4 12 11 16 -8 11 -15 20 19 4 11 16 -7 5 -17 -7 -5 18 
19 18 5 3 3 14 8 21 21 8 16 7 5 18 5 11 7 -1 21 6 
11 10 -19 -18 10 4 5 -11 -20 12 4 -23 5 16 16 4 -11 11 15 24 
5 15 0 24 4 14 21 1 24 -6 23 24 2 -18 15 10 7 -10 13 22 
19 -1 -13 6 16 17 -16 -16 15 8 -23 24 -2 -17 3 -9 -23 16 -11 -18 
-12 22 14 -22 13 -24 -21 20 -2 3 -9 15 18 -17 15 14 18 -14 -5 18 
15 -19 23 24 10 -2 22 -5 13 15 5 9 -9 5 19 9 -16 3 16 11 
3 -18 0 12 7 19 13 5 -16 -23 17 10 3 24 10 8 7 17 -11 6 
11 9 20 13 11 -20 6 11 13 -12 9 14 5 21 18 -4 24 2 21 18 
17 13 -24 4 12 19 8 24 7 5 19 23 -4 -24 23 16 -10 14 22 -24 
-24 22 14 -10 16 23 -24 -4 23 19 5 7 24 8 19 12 4 -24 13 17 
18 21 2 24 -4 18 21 5 14 9 -12 13 11 6 -20 11 13 20 9 11 
6 -11 17 7 8 10 24 3 10 17 -23 -16 5 13 19 7 12 0 -18 3 
11 16 3 -16 9 19 5 -9 9 5 15 13 -5 22 -2 10 24 23 -19 15 
18 -5 -14 18 14 15 -17 18 15 -9 3 -2 20 -21 -24 13 -22 14 22 -12 
-18 -11 16 -23 -9 3 -17 -2 24 -23 8 15 -16 -16 17 16 6 -13 -1 19 
22 13 -10 7 10 15 -18 2 24 23 -6 24 1 21 14 4 24 0 15 5 
24 15 11 -11 4 16 16 5 -23 4 12 -20 -11 5 4 10 -18 -19 10 11 
6 21 -1 7 11 5 18 5 7 16 8 21 21 8 14 3 3 5 18 19 
18 -5 -7 -17 5 -7 16 11 4 19 20 -15 11 -8 16 11 12 -4 4 -10 
47
7
8 17
2 0
0 5
0 1
1 13
14 17
9 19
11 2
17 19
19 14
19 18
18 6
5 2
10 0
18
3 5 10
10 8 13
8 15 10
7 14 8
5 11 15
15 13 14
1 15 13
18 5 8
5 6 10
16 14 10
9 11 13
11 4 10
12 5 8
14 8 15
4 6 14
18 4 13
1 14 8
14 13 10
38
0 12
11 14
0 7
11 13
17 4
15 7
3 15
10 13
7 16
17 1
6 3
1 11
19 17
16 5
1 12
5 8
5 1
19 5
1 6
19 7
8 5
19 12
8 6
2 15
4 12
16 4
9 6
12 3
2 18
13 16
18 8
0 2
3 14
18 7
14 11
14 18
0 14
18 13
