20 20
2 3 2 4 4 3 1 2 1 -2 4 4 1 3 0 -4 4 -4 2 -3 
0 0 -1 -3 1 2 1 3 4 2 2 4 2 1 0 1 0 1 3 3 
0 4 2 1 2 1 2 2 -3 1 3 4 1 2 0 -4 0 -3 3 0 
2 3 -1 4 -2 1 4 1 2 -4 -2 -4 1 2 1 4 -2 3 2 -3 
3 -2 2 4 2 2 1 0 -1 -1 3 3 1 2 -3 -1 3 2 0 -4 
3 -4 -3 4 -1 3 3 -3 4 -4 1 2 0 4 3 3 -1 -2 1 2 
2 -2 -2 2 -4 3 1 4 3 2 2 2 -1 3 -3 1 4 3 -1 3 
-4 1 4 1 -1 2 4 1 1 -3 4 -2 2 4 1 2 0 4 3 -2 
4 1 2 0 1 1 0 1 -4 2 -4 0 1 2 4 1 -2 1 -2 -3 
-2 1 1 -1 3 4 -1 2 -3 3 1 3 0 4 4 0 3 1 4 -4 
-4 4 1 3 0 4 4 0 3 1 3 -3 2 -1 4 3 -1 1 1 -2 
-3 -2 1 -2 1 4 2 1 0 -4 2 -4 1 0 1 1 0 2 1 4 
-2 3 4 0 2 1 4 2 -2 4 -3 1 1 4 2 -1 1 4 1 -4 
3 -1 3 4 1 -3 3 -1 2 2 2 3 4 1 3 -4 2 -2 -2 2 
2 1 -2 -1 3 3 4 0 2 1 -4 4 -3 3 3 -1 4 -3 -4 3 
-4 0 2 3 -1 -3 2 1 3 3 -1 -1 0 1 2 2 4 2 -2 3 
-3 2 3 -2 4 1 2 1 -4 -2 -4 2 1 4 1 -2 4 -1 3 2 
0 3 -3 0 -4 0 2 1 4 3 1 -3 2 2 1 2 1 2 4 0 
3 3 1 0 1 0 1 2 4 2 2 4 3 1 2 1 -3 -1 0 0 
-3 2 -4 4 -4 0 3 1 4 4 -2 1 2 1 3 4 4 2 3 2 
48
2
8 10
16 1
11 9
3 18
20
9 18 14
1 4 10
0 18 12
0 5 11
7 3 14
10 6 15
0 11 10
0 2 16
11 19 14
2 14 11
10 1 14
18 15 10
19 1 12
19 14 11
12 16 14
9 13 15
19 8 10
19 17 16
8 0 14
17 5 11
26
12 5
7 0
11 0
6 2
9 3
15 16
9 17
5 17
6 16
10 19
8 2
16 10
9 1
7 14
12 19
8 19
13 17
10 16
4 3
10 2
14 2
13 3
9 0
11 17
3 9
10 18
