20 20
-19 18 2 7 6 7 4 22 5 11 12 14 17 7 20 -16 7 -5 19 14 
2 22 15 18 8 -16 -22 21 -6 -21 -11 12 -2 -2 -11 7 -13 16 -11 15 
3 1 3 1 -4 9 12 3 14 -13 7 -12 10 -1 4 9 4 1 -11 4 
0 2 12 10 17 3 2 13 6 11 -9 4 22 20 20 7 6 5 3 -22 
5 -21 22 9 -6 18 4 18 4 5 5 12 15 7 19 -11 9 7 10 -13 
21 7 4 -19 13 0 -22 19 1 11 19 -21 9 22 2 -6 20 14 5 -1 
14 -15 3 8 -16 -5 21 -7 3 12 9 8 -10 21 13 14 17 -5 7 11 
14 4 18 15 15 -13 12 20 -21 21 3 -14 18 -1 13 0 17 4 17 8 
-21 0 -19 8 -13 5 20 -8 6 15 -13 13 2 18 8 -18 1 8 -10 -21 
5 22 -6 16 20 2 3 10 4 13 6 12 1 -2 -15 -4 -7 18 4 19 
19 4 18 -7 -4 -15 -2 1 12 6 13 4 10 3 2 20 16 -6 22 5 
-21 -10 8 1 -18 8 18 2 13 -13 15 6 -8 20 5 -13 8 -19 0 -21 
8 17 4 17 0 13 -1 18 -14 3 21 -21 20 12 -13 15 15 18 4 14 
11 7 -5 17 14 13 21 -10 8 9 12 3 -7 21 -5 -16 8 3 -15 14 
-1 5 14 20 -6 2 22 9 -21 19 11 1 19 -22 0 13 -19 4 7 21 
-13 10 7 9 -11 19 7 15 12 5 5 4 18 4 18 -6 9 22 -21 5 
-22 3 5 6 7 20 20 22 4 -9 11 6 13 2 3 17 10 12 2 0 
4 -11 1 4 9 4 -1 10 -12 7 -13 14 3 12 9 -4 1 3 1 3 
15 -11 16 -13 7 -11 -2 -2 12 -11 -21 -6 21 -22 -16 8 18 15 22 2 
14 19 -5 7 -16 20 7 17 14 12 11 5 22 4 7 6 7 2 18 -19 
49
6
7 11
19 0
9 16
0 2
2 0
0 10
12 8
0 19
10 3
19 17
17 19
19 9
6
11 17 10
1 6 13
6 13 15
8 2 10
18 13 13
13 6 15
26
0 7
8 4
9 19
19 13
11 13
15 11
11 8
0 1
8 18
7 17
14 17
7 9
2 3
19 12
11 15
10 0
0 6
8 6
4 8
8 11
19 18
11 1
12 2
5 2
12 10
17 16
