20 20
9 5 4 4 3 10 8 -12 5 2 4 3 -1 -12 4 -5 10 2 -8 5 
11 -9 7 2 9 2 -5 12 4 -9 6 1 5 6 3 -3 6 9 5 4 
-12 10 -5 5 -9 10 7 4 6 2 11 -2 8 8 -10 1 -1 0 3 11 
4 8 3 3 7 5 8 3 2 -11 -6 6 9 -5 4 -3 8 4 7 -1 
9 5 2 -11 10 5 3 -5 10 10 -2 9 -1 7 -9 7 7 -7 4 -4 
8 5 2 10 8 11 10 4 11 1 7 12 -12 -3 12 3 2 0 -5 3 
-9 5 0 9 6 10 -11 12 1 2 0 -8 12 8 7 5 8 3 -11 3 
-11 3 3 4 -9 3 -2 4 6 3 1 9 11 6 11 -3 -5 -9 12 4 
4 6 8 0 9 1 -1 -6 9 -1 -2 -12 3 7 5 11 9 1 12 6 
1 -8 3 9 -2 6 -9 -10 11 2 3 1 7 -12 0 -6 6 -5 5 8 
8 5 -5 6 -6 0 -12 7 1 3 2 11 -10 -9 6 -2 9 3 -8 1 
6 12 1 9 11 5 7 3 -12 -2 -1 9 -6 -1 1 9 0 8 6 4 
4 12 -9 -5 -3 11 6 11 9 1 3 6 4 -2 3 -9 4 3 3 -11 
3 -11 3 8 5 7 8 12 -8 0 2 1 12 -11 10 6 9 0 5 -9 
3 -5 0 2 3 12 -3 -12 12 7 1 11 4 10 11 8 10 2 5 8 
-4 4 -7 7 7 -9 7 -1 9 -2 10 10 -5 3 5 10 -11 2 5 9 
-1 7 4 8 -3 4 -5 9 6 -6 -11 2 3 8 5 7 3 3 8 4 
11 3 0 -1 1 -10 8 8 -2 11 2 6 4 7 10 -9 5 -5 10 -12 
4 5 9 6 -3 3 6 5 1 6 -9 4 12 -5 2 9 2 7 -9 11 
5 -8 2 10 -5 4 -12 -1 3 4 2 5 -12 8 10 3 4 4 5 9 
49
3
7 5
13 0
10 11
12 14
6 19
9 8
12
10 12 16
13 2 9
1 10 11
12 19 16
9 15 11
18 8 8
9 7 16
6 17 9
18 9 11
7 0 16
10 4 11
1 11 8
30
7 16
5 8
4 18
2 19
8 19
0 10
16 17
8 5
6 18
12 10
17 12
19 3
15 11
1 18
2 14
12 3
14 11
15 1
17 0
11 0
19 9
3 2
11 14
13 1
7 9
2 7
0 16
4 8
18 1
17 5
