20 20
2 0 -10 19 23 7 8 -16 -15 -7 27 -3 29 -21 -14 0 -1 -22 15 22 
27 11 9 11 16 6 11 26 -22 12 -26 -23 5 -3 24 1 7 17 19 1 
12 25 -5 -25 23 26 26 7 3 7 13 2 23 27 -26 26 28 -16 29 -15 
23 25 11 26 20 7 21 12 25 6 24 7 -5 9 1 -21 6 15 24 19 
-27 19 1 -29 -20 11 18 6 23 20 25 8 8 19 10 2 29 -25 25 21 
-26 -21 -19 1 -4 22 20 25 28 0 18 6 16 -18 -24 -5 -2 24 24 4 
-22 -5 -19 14 13 4 9 14 1 0 3 -17 24 -10 27 21 20 -17 18 -10 
-19 -16 -11 2 28 -15 7 18 3 18 -25 28 2 3 7 7 13 23 9 13 
29 16 4 17 18 10 14 6 21 16 -4 13 -20 13 1 26 20 15 0 -26 
1 20 -19 6 -20 17 17 19 18 8 15 14 15 12 8 25 -1 0 13 -20 
-20 13 0 -1 25 8 12 15 14 15 8 18 19 17 17 -20 6 -19 20 1 
-26 0 15 20 26 1 13 -20 13 -4 16 21 6 14 10 18 17 4 16 29 
13 9 23 13 7 7 3 2 28 -25 18 3 18 7 -15 28 2 -11 -16 -19 
-10 18 -17 20 21 27 -10 24 -17 3 0 1 14 9 4 13 14 -19 -5 -22 
4 24 24 -2 -5 -24 -18 16 6 18 0 28 25 20 22 -4 1 -19 -21 -26 
21 25 -25 29 2 10 19 8 8 25 20 23 6 18 11 -20 -29 1 19 -27 
19 24 15 6 -21 1 9 -5 7 24 6 25 12 21 7 20 26 11 25 23 
-15 29 -16 28 26 -26 27 23 2 13 7 3 7 26 26 23 -25 -5 25 12 
1 19 17 7 1 24 -3 5 -23 -26 12 -22 26 11 6 16 11 9 11 27 
22 15 -22 -1 0 -14 -21 29 -3 27 -7 -15 -16 8 7 23 19 -10 0 2 
46
4
14 2
2 0
18 1
17 0
5 17
17 19
1 18
2 19
6
2 13 11
6 13 10
6 18 15
17 6 11
13 6 10
13 1 15
40
13 3
7 11
1 19
11 3
16 2
3 12
19 6
9 3
9 0
11 18
18 2
12 6
5 4
6 5
17 7
6 9
16 12
7 9
18 19
6 4
6 16
12 8
18 0
8 16
3 17
16 7
0 13
10 16
10 19
8 1
1 17
7 13
14 15
13 14
2 12
13 10
3 7
12 10
1 0
13 15
