20 20
22 12 1 17 14 4 8 23 12 2 13 3 7 19 0 -11 -2 -17 20 -18 
7 -9 22 20 -15 19 13 5 16 -6 17 1 -7 11 16 15 21 15 6 8 
7 -14 22 8 6 0 17 11 20 17 13 17 1 10 -21 -10 13 8 12 -8 
13 20 11 23 23 7 0 22 16 9 16 5 -8 -9 -23 14 8 20 15 0 
-13 -16 7 15 -12 23 19 17 6 9 -19 1 -21 9 -12 16 13 -15 18 22 
20 7 12 10 3 18 14 -19 12 -5 14 21 22 20 13 12 -7 14 -8 5 
21 15 -11 8 16 -17 -18 -21 19 3 5 9 20 10 11 1 4 -18 3 -14 
11 20 9 13 19 -8 17 0 19 -11 10 10 13 14 3 1 7 14 -8 14 
-13 6 4 23 -23 5 6 16 12 10 10 -3 0 9 4 -6 22 23 15 21 
11 16 14 22 21 -22 -20 10 18 18 19 4 2 -21 9 10 19 -6 22 -10 
-10 22 -6 19 10 9 -21 2 4 19 18 18 10 -20 -22 21 22 14 16 11 
21 15 23 22 -6 4 9 0 -3 10 10 12 16 6 5 -23 23 4 6 -13 
14 -8 14 7 1 3 14 13 10 10 -11 19 0 17 -8 19 13 9 20 11 
-14 3 -18 4 1 11 10 20 9 5 3 19 -21 -18 -17 16 8 -11 15 21 
5 -8 14 -7 12 13 20 22 21 14 -5 12 -19 14 18 3 10 12 7 20 
22 18 -15 13 16 -12 9 -21 1 -19 9 6 17 19 23 -12 15 7 -16 -13 
0 15 20 8 14 -23 -9 -8 5 16 9 16 22 0 7 23 23 11 20 13 
-8 12 8 13 -10 -21 10 1 17 13 17 20 11 17 0 6 8 22 -14 7 
8 6 15 21 15 16 11 -7 1 17 -6 16 5 13 19 -15 20 22 -9 7 
-18 20 -17 -2 -11 0 19 7 3 13 2 12 23 8 4 14 17 1 12 22 
34
8
11 5
10 14
0 1
16 5
6 19
7 12
10 13
9 12
8 14
9 5
19 18
3 14
13 0
12 7
9 6
10 7
12
4 16 8
5 14 13
0 4 12
1 10 8
16 3 8
11 3 15
15 3 8
14 5 13
19 15 12
18 9 8
3 16 8
8 16 15
32
0 19
18 15
14 3
9 8
5 13
11 2
6 11
11 0
15 1
17 9
6 16
12 10
5 15
17 6
6 3
3 1
19 0
1 4
5 16
10 11
14 6
8 17
13 8
8 19
4 18
2 10
13 3
7 9
14 4
2 13
13 16
16 18
