20 20
3 -3 3 2 1 1 1 3 -2 1 -3 -1 -3 -1 3 1 0 1 1 2 
-1 3 -3 2 1 1 3 -1 3 -1 1 2 0 2 1 1 -2 -1 2 -1 
2 -2 3 3 1 -1 0 3 -1 3 0 -2 3 -3 2 2 3 3 1 1 
-3 3 1 3 2 -3 0 2 3 1 0 1 1 3 2 3 -3 3 -1 2 
1 1 3 -2 1 -1 2 2 2 2 3 3 1 3 -3 0 2 1 3 2 
-2 -3 -1 3 1 1 3 3 3 -2 0 -1 2 2 -2 -2 -3 3 3 -2 
-1 3 1 -1 2 1 1 -1 3 1 -3 1 1 -3 1 1 1 1 3 3 
2 0 -2 3 -2 0 2 -2 2 2 0 -2 1 -3 3 -1 1 2 -3 3 
-1 3 3 -1 0 -1 2 1 1 -2 -3 1 1 -3 -1 1 2 3 1 -1 
1 0 1 1 -2 2 3 1 -3 2 -3 2 1 -2 -1 3 1 -3 -1 2 
2 -1 -3 1 3 -1 -2 1 2 -3 2 -3 1 3 2 -2 1 1 0 1 
-1 1 3 2 1 -1 -3 1 1 -3 -2 1 1 2 -1 0 -1 3 3 -1 
3 -3 2 1 -1 3 -3 1 -2 0 2 2 -2 2 0 -2 3 -2 0 2 
3 3 1 1 1 1 -3 1 1 -3 1 3 -1 1 1 2 -1 1 3 -1 
-2 3 3 -3 -2 -2 2 2 -1 0 -2 3 3 3 1 1 3 -1 -3 -2 
2 3 1 2 0 -3 3 1 3 3 2 2 2 2 -1 1 -2 3 1 1 
2 -1 3 -3 3 2 3 1 1 0 1 3 2 0 -3 2 3 1 3 -3 
1 1 3 3 2 2 -3 3 -2 0 3 -1 3 0 -1 1 3 3 -2 2 
-1 2 -1 -2 1 1 2 0 2 1 -1 3 -1 3 1 1 2 -3 3 -1 
2 1 1 0 1 3 -1 -3 -1 -3 1 -2 3 1 1 1 2 3 -3 3 
58
7
0 11
16 0
5 9
6 19
9 1
13 5
16 15
19 8
3 19
14 10
13 0
10 18
6 14
3 4
16
5 6 12
6 3 11
0 13 13
18 2 14
14 7 11
15 9 13
0 4 10
18 6 12
14 13 12
13 16 11
19 6 13
1 17 14
5 12 11
4 10 13
19 15 10
1 13 12
32
3 18
7 4
12 17
14 8
15 11
17 11
19 16
18 16
15 17
12 18
3 6
11 19
2 11
9 14
17 4
0 1
16 1
12 15
7 2
5 11
4 8
2 8
0 3
1 3
4 2
7 1
16 13
8 0
17 8
10 5
2 15
19 18
