20 20
20 6 12 13 -3 -10 7 5 16 16 -15 7 4 0 19 2 11 0 8 -12 
-18 9 8 15 19 -2 17 -13 -9 -16 20 19 -19 6 20 20 3 12 9 -13 
16 11 1 0 8 16 18 17 15 -17 -7 -2 14 14 -11 7 -15 11 16 -9 
19 5 15 16 -13 6 18 5 -13 0 -2 -1 17 16 0 -5 4 15 12 -12 
19 0 -4 12 14 12 20 11 3 5 17 7 -11 5 2 11 10 0 1 20 
19 4 17 13 17 10 15 -15 5 12 6 6 9 3 -6 2 -10 5 20 1 
10 14 19 0 0 12 -8 20 -9 1 16 19 6 12 6 6 13 8 15 -1 
13 -15 -5 -12 2 -16 20 4 18 16 6 -1 20 4 13 3 8 7 -15 19 
-15 -17 17 10 -8 7 16 -4 -8 -14 -9 6 -9 -4 6 11 -20 12 -1 10 
-3 7 6 2 -6 -6 -12 8 11 16 1 2 13 -7 18 8 11 17 1 19 
19 1 17 11 8 18 -7 13 2 1 16 11 8 -12 -6 -6 2 6 7 -3 
10 -1 12 -20 11 6 -4 -9 6 -9 -14 -8 -4 16 7 -8 10 17 -17 -15 
19 -15 7 8 3 13 4 20 -1 6 16 18 4 20 -16 2 -12 -5 -15 13 
-1 15 8 13 6 6 12 6 19 16 1 -9 20 -8 12 0 0 19 14 10 
1 20 5 -10 2 -6 3 9 6 6 12 5 -15 15 10 17 13 17 4 19 
20 1 0 10 11 2 5 -11 7 17 5 3 11 20 12 14 12 -4 0 19 
-12 12 15 4 -5 0 16 17 -1 -2 0 -13 5 18 6 -13 16 15 5 19 
-9 16 11 -15 7 -11 14 14 -2 -7 -17 15 17 18 16 8 0 1 11 16 
-13 9 12 3 20 20 6 -19 19 20 -16 -9 -13 17 -2 19 15 8 9 -18 
-12 8 0 11 2 19 0 4 7 -15 16 16 5 7 -10 -3 13 12 6 20 
34
3
4 17
16 1
4 1
15 2
3 18
15 18
10
17 4 15
11 14 14
5 0 12
2 18 15
3 16 13
2 15 15
8 5 14
14 19 12
17 1 15
16 3 13
36
15 6
13 9
1 12
2 11
6 7
3 5
17 10
9 10
8 10
2 5
7 4
11 4
2 19
0 19
0 14
11 0
0 12
3 2
4 13
6 10
18 7
17 8
13 12
16 14
2 9
10 9
11 9
17 14
12 15
8 15
17 0
19 0
19 5
8 19
19 7
16 17
