20 20
-14 -5 4 1 1 12 1 -14 14 1 8 -8 -7 9 14 -2 -12 -1 15 9 
12 1 0 5 -1 15 15 -5 10 9 10 2 15 13 13 5 7 14 1 12 
14 -2 1 8 -14 11 11 3 15 4 2 2 14 -11 -13 15 10 -8 -11 8 
-11 4 1 11 13 15 2 8 10 -3 5 15 3 2 13 5 12 8 -15 -4 
8 -7 10 6 3 2 9 -8 14 -15 -2 -14 2 2 11 14 -13 5 9 -8 
-9 11 5 -3 -5 -9 7 9 10 -10 13 1 12 15 4 4 8 1 -6 10 
-11 9 0 12 3 1 4 -12 13 5 14 14 -10 5 14 -3 13 8 4 14 
7 7 3 -14 11 -15 1 -15 10 1 8 5 3 3 -14 0 1 12 11 4 
1 6 6 -12 -6 7 6 2 8 11 15 9 1 -6 5 1 6 3 12 0 
8 7 -9 14 11 12 7 -13 11 -12 0 -4 4 -9 11 9 4 -1 -9 14 
14 -9 -1 4 9 11 -9 4 -4 0 -12 11 -13 7 12 11 14 -9 7 8 
0 12 3 6 1 5 -6 1 9 15 11 8 2 6 7 -6 -12 6 6 1 
4 11 12 1 0 -14 3 3 5 8 1 10 -15 1 -15 11 -14 3 7 7 
14 4 8 13 -3 14 5 -10 14 14 5 13 -12 4 1 3 12 0 9 -11 
10 -6 1 8 4 4 15 12 1 13 -10 10 9 7 -9 -5 -3 5 11 -9 
-8 9 5 -13 14 11 2 2 -14 -2 -15 14 -8 9 2 3 6 10 -7 8 
-4 -15 8 12 5 13 2 3 15 5 -3 10 8 2 15 13 11 1 4 -11 
8 -11 -8 10 15 -13 -11 14 2 2 4 15 3 11 11 -14 8 1 -2 14 
12 1 14 7 5 13 13 15 2 10 9 10 -5 15 15 -1 5 0 1 12 
9 15 -1 -12 -2 14 9 -7 -8 8 1 14 -14 1 12 1 1 4 -5 -14 
43
6
2 6
14 8
12 16
14 0
7 17
18 10
17 13
5 11
7 3
5 19
12 2
1 9
16
8 11 16
18 19 13
15 11 9
3 2 11
18 3 10
16 10 14
14 15 12
19 7 8
11 8 16
1 0 13
4 8 9
16 17 11
1 16 10
3 9 14
5 4 12
0 12 8
38
9 1
12 3
2 18
4 9
0 10
4 18
6 8
8 3
0 14
14 2
17 5
14 7
12 5
8 10
12 13
3 1
18 15
12 7
2 3
10 18
7 16
17 1
15 10
19 9
15 1
13 11
11 16
19 5
5 17
2 14
5 12
7 14
11 9
7 6
16 18
1 4
7 12
17 16
