20 20
-2 -9 20 2 5 -20 10 20 1 14 11 7 8 13 19 -21 22 4 3 16 
15 0 -17 -22 14 3 -13 22 -2 -14 8 14 2 -13 5 17 3 7 0 11 
13 -11 6 14 20 10 3 10 -22 0 18 6 13 9 6 20 20 2 17 11 
18 22 -20 2 16 -8 -15 -18 12 18 4 11 -7 22 -18 22 19 -7 3 21 
-10 11 -17 16 -1 -9 13 16 3 22 -3 16 17 8 18 15 1 4 -8 -1 
-13 20 2 10 5 -3 2 -19 11 21 -12 -14 22 -10 -2 16 12 -6 11 -6 
10 14 8 21 5 16 15 -14 13 10 22 8 10 6 12 -8 6 14 -5 17 
-14 -12 16 19 16 14 8 5 -15 -10 5 16 5 10 6 12 4 14 -4 12 
-15 18 16 -12 -5 9 5 -14 3 14 -9 1 17 21 16 9 4 7 18 18 
1 10 8 -11 0 -15 -20 19 -8 14 6 22 -22 15 -16 7 9 -2 -16 10 
10 -16 -2 9 7 -16 15 -22 22 6 14 -8 19 -20 -15 0 -11 8 10 1 
18 18 7 4 9 16 21 17 1 -9 14 3 -14 5 9 -5 -12 16 18 -15 
12 -4 14 4 12 6 10 5 16 5 -10 -15 5 8 14 16 19 16 -12 -14 
17 -5 14 6 -8 12 6 10 8 22 10 13 -14 15 16 5 21 8 14 10 
-6 11 -6 12 16 -2 -10 22 -14 -12 21 11 -19 2 -3 5 10 2 20 -13 
-1 -8 4 1 15 18 8 17 16 -3 22 3 16 13 -9 -1 16 -17 11 -10 
21 3 -7 19 22 -18 22 -7 11 4 18 12 -18 -15 -8 16 2 -20 22 18 
11 17 2 20 20 6 9 13 6 18 0 -22 10 3 10 20 14 6 -11 13 
11 0 7 3 17 5 -13 2 14 8 -14 -2 22 -13 3 14 -22 -17 0 15 
16 3 4 22 -21 19 13 8 7 11 14 1 20 10 -20 5 2 20 -9 -2 
30
2
8 12
2 15
11 7
17 4
10
8 14 15
1 4 16
6 18 10
6 5 8
1 13 10
11 5 15
18 15 16
13 1 10
13 14 8
18 6 10
32
11 19
14 17
11 18
8 9
12 6
12 4
7 6
0 7
18 16
9 12
18 9
13 16
15 2
0 5
2 12
8 10
8 0
5 2
8 1
11 10
7 13
7 15
12 13
19 12
1 3
10 7
1 10
6 3
4 17
19 14
17 7
11 9
