20 20
20 14 22 8 3 23 -8 -5 11 20 23 -9 21 3 23 -21 -22 -19 0 8 
18 5 19 2 13 -13 -2 16 15 -7 19 17 -6 18 10 10 -8 19 14 -3 
16 15 12 18 9 6 21 -1 -13 11 -16 9 18 5 15 4 2 18 10 11 
8 15 8 11 5 9 10 22 14 11 -2 7 15 10 22 4 23 5 21 23 
21 -13 18 21 -11 20 9 -6 -18 -19 -18 15 17 7 19 -1 22 15 0 -18 
-17 0 14 10 12 12 9 16 23 14 20 13 6 9 10 1 4 12 15 -11 
21 3 19 22 7 11 -8 -13 -19 -20 -1 21 22 -13 22 7 18 8 10 9 
5 -6 1 1 17 19 -21 -4 -3 0 0 11 1 2 0 9 12 6 11 5 
-6 18 13 4 -20 22 23 -3 -17 -6 1 -5 -21 18 9 19 -14 18 19 1 
12 3 15 -20 1 13 -3 13 17 23 -17 3 11 15 0 3 -14 -8 7 17 
17 7 -8 -14 3 0 15 11 3 -17 23 17 13 -3 13 1 -20 15 3 12 
1 19 18 -14 19 9 18 -21 -5 1 -6 -17 -3 23 22 -20 4 13 18 -6 
5 11 6 12 9 0 2 1 11 0 0 -3 -4 -21 19 17 1 1 -6 5 
9 10 8 18 7 22 -13 22 21 -1 -20 -19 -13 -8 11 7 22 19 3 21 
-11 15 12 4 1 10 9 6 13 20 14 23 16 9 12 12 10 14 0 -17 
-18 0 15 22 -1 19 7 17 15 -18 -19 -18 -6 9 20 -11 21 18 -13 21 
23 21 5 23 4 22 10 15 7 -2 11 14 22 10 9 5 11 8 15 8 
11 10 18 2 4 15 5 18 9 -16 11 -13 -1 21 6 9 18 12 15 16 
-3 14 19 -8 10 10 18 -6 17 19 -7 15 16 -2 -13 13 2 19 5 18 
8 0 -19 -22 -21 23 3 21 -9 23 20 11 -5 -8 23 3 8 22 14 20 
41
7
18 2
8 3
17 16
1 13
2 6
6 5
18 9
1 17
11 16
2 3
18 6
17 13
13 14
1 10
20
14 18 15
11 12 12
9 10 15
14 7 12
8 1 14
7 15 8
15 6 16
3 12 12
18 17 13
1 9 8
5 1 15
8 7 12
10 9 15
5 12 12
11 18 14
12 4 8
4 13 16
16 7 12
1 2 13
18 10 8
32
14 15
3 1
19 18
3 9
1 7
1 6
0 9
17 7
6 0
13 4
7 13
5 0
14 6
7 17
3 7
12 5
5 4
16 18
0 1
16 10
18 12
18 13
19 10
2 12
13 19
6 15
12 6
14 19
5 13
12 2
16 12
7 14
