20 20
5 15 -3 19 9 13 -13 16 2 1 -15 13 17 -1 17 13 0 4 14 6 
11 -8 -9 -3 -13 5 18 -4 6 7 -12 0 -10 1 10 16 12 -5 -3 2 
0 19 3 19 5 9 8 15 -10 6 -6 15 14 5 -16 17 5 1 5 2 
-2 10 -5 15 1 -10 -16 8 -9 -13 -5 14 -19 12 19 13 -20 5 -16 -5 
9 8 12 12 -6 1 8 17 4 4 13 11 -17 19 -2 7 -5 2 -5 11 
6 8 20 20 18 9 15 15 -10 8 19 18 7 7 10 8 -19 -18 16 16 
13 16 -20 13 15 5 -5 -7 20 6 -13 0 16 7 -9 13 6 -17 11 -20 
16 19 17 5 3 11 7 12 13 4 -20 16 9 20 6 12 18 4 5 2 
20 20 -9 -2 13 17 -13 18 1 10 -15 14 -20 2 6 -9 6 0 -18 -11 
13 16 14 1 -20 14 9 -5 12 4 4 16 8 -11 18 -2 1 -7 4 4 
4 4 -7 1 -2 18 -11 8 16 4 4 12 -5 9 14 -20 1 14 16 13 
-11 -18 0 6 -9 6 2 -20 14 -15 10 1 18 -13 17 13 -2 -9 20 20 
2 5 4 18 12 6 20 9 16 -20 4 13 12 7 11 3 5 17 19 16 
-20 11 -17 6 13 -9 7 16 0 -13 6 20 -7 -5 5 15 13 -20 16 13 
16 16 -18 -19 8 10 7 7 18 19 8 -10 15 15 9 18 20 20 8 6 
11 -5 2 -5 7 -2 19 -17 11 13 4 4 17 8 1 -6 12 12 8 9 
-5 -16 5 -20 13 19 12 -19 14 -5 -13 -9 8 -16 -10 1 15 -5 10 -2 
2 5 1 5 17 -16 5 14 15 -6 6 -10 15 8 9 5 19 3 19 0 
2 -3 -5 12 16 10 1 -10 0 -12 7 6 -4 18 5 -13 -3 -9 -8 11 
6 14 4 0 13 17 -1 17 13 -15 1 2 16 -13 13 9 19 -3 15 5 
30
3
11 4
0 2
12 4
8 15
19 17
7 15
18
11 14 11
13 0 12
1 18 16
12 15 9
15 17 12
6 1 8
16 9 12
19 11 11
18 0 10
8 5 11
6 19 12
18 1 16
7 4 9
4 2 12
13 18 8
3 10 12
0 8 11
1 19 10
40
5 11
14 5
6 4
1 0
4 15
16 10
14 15
9 17
17 16
18 2
16 4
18 7
1 11
6 17
5 15
18 15
10 4
11 15
11 10
12 16
14 8
5 14
13 15
18 19
15 4
3 9
5 4
10 2
2 3
1 17
3 15
1 12
18 8
13 2
14 4
1 4
9 15
8 4
8 9
7 3
