20 20
2 0 1 2 -1 1 1 0 -2 -1 -1 2 -2 2 -3 2 2 3 3 1 
1 -1 1 1 1 -2 1 3 0 1 1 3 2 -3 2 2 -2 -3 3 3 
0 0 2 2 2 0 3 1 2 0 3 3 -3 0 2 3 2 -3 0 3 
1 -1 0 -2 2 2 3 0 3 1 1 0 3 2 2 1 -2 -1 1 2 
-1 1 2 2 3 1 -2 2 -2 3 1 1 2 1 3 1 2 1 -2 2 
3 1 -3 -2 2 1 0 2 3 2 3 0 1 1 0 2 2 3 3 0 
2 -3 2 3 3 1 -1 2 -1 3 -2 0 -1 2 1 3 1 2 1 -2 
1 -3 0 2 3 2 1 -1 3 0 -2 3 -1 1 1 2 3 -3 -1 3 
2 3 3 3 0 -3 3 3 2 0 3 2 -3 2 2 1 0 1 0 -3 
-2 -2 3 0 -3 3 -3 3 0 -2 2 0 3 1 1 0 0 1 3 2 
2 3 1 0 0 1 1 3 0 2 -2 0 3 -3 3 -3 0 3 -2 -2 
-3 0 1 0 1 2 2 -3 2 3 0 2 3 3 -3 0 3 3 3 2 
3 -1 -3 3 2 1 1 -1 3 -2 0 3 -1 1 2 3 2 0 -3 1 
-2 1 2 1 3 1 2 -1 0 -2 3 -1 2 -1 1 3 3 2 -3 2 
0 3 3 2 2 0 1 1 0 3 2 3 2 0 1 2 -2 -3 1 3 
2 -2 1 2 1 3 1 2 1 1 3 -2 2 -2 1 3 2 2 1 -1 
2 1 -1 -2 1 2 2 3 0 1 1 3 0 3 2 2 -2 0 -1 1 
3 0 -3 2 3 2 0 -3 3 3 0 2 1 3 0 2 2 2 0 0 
3 3 -3 -2 2 2 -3 2 3 1 1 0 3 1 -2 1 1 1 -1 1 
1 3 3 2 2 -3 2 -2 2 -1 -1 -2 0 1 1 -1 2 1 0 2 
58
5
13 1
16 5
17 5
8 6
6 3
6 18
3 14
2 14
11 13
13 16
16
4 9 14
15 9 10
2 19 15
19 14 16
16 12 10
12 16 13
0 4 15
1 11 10
15 10 14
4 10 10
17 0 15
0 5 16
3 7 10
7 3 13
19 15 15
18 8 10
30
0 18
13 8
14 4
14 19
14 18
7 17
17 16
14 13
10 2
0 10
10 19
18 7
18 11
12 7
6 19
19 1
6 11
5 15
5 0
5 1
12 2
2 3
5 6
9 17
19 9
9 0
1 12
1 8
7 12
13 0
