20 20
21 21 3 -24 -20 6 24 -12 -9 20 28 -4 15 26 5 13 17 26 9 -16 
25 -10 21 25 27 19 13 1 -20 20 21 1 0 7 14 14 9 12 15 -13 
16 -22 8 25 25 7 12 18 24 2 5 17 16 -1 -4 -6 -23 20 -1 -13 
23 9 7 14 6 -20 2 21 -16 3 20 24 21 23 0 26 12 2 -16 28 
22 4 -20 22 7 10 20 14 -10 18 28 7 14 -4 18 -17 -3 13 11 5 
13 11 26 7 24 10 -20 -8 28 20 20 13 -21 27 23 17 11 -25 -5 12 
25 11 13 20 -18 12 -16 23 -14 3 -8 -23 10 19 6 17 6 -1 9 15 
6 27 10 19 4 11 10 6 8 25 16 24 -17 -21 -27 26 25 0 5 18 
16 11 26 18 7 26 -14 10 -27 -9 2 26 24 11 12 20 2 15 1 -19 
8 27 6 -13 7 -18 0 -11 -19 5 22 26 2 3 27 0 -18 22 -16 -26 
-26 -16 22 -18 0 27 3 2 26 22 5 -19 -11 0 -18 7 -13 6 27 8 
-19 1 15 2 20 12 11 24 26 2 -9 -27 10 -14 26 7 18 26 11 16 
18 5 0 25 26 -27 -21 -17 24 16 25 8 6 10 11 4 19 10 27 6 
15 9 -1 6 17 6 19 10 -23 -8 3 -14 23 -16 12 -18 20 13 11 25 
12 -5 -25 11 17 23 27 -21 13 20 20 28 -8 -20 10 24 7 26 11 13 
5 11 13 -3 -17 18 -4 14 7 28 18 -10 14 20 10 7 22 -20 4 22 
28 -16 2 12 26 0 23 21 24 20 3 -16 21 2 -20 6 14 7 9 23 
-13 -1 20 -23 -6 -4 -1 16 17 5 2 24 18 12 7 25 25 8 -22 16 
-13 15 12 9 14 14 7 0 1 21 20 -20 1 13 19 27 25 21 -10 25 
-16 9 26 17 13 5 26 15 -4 28 20 -9 -12 24 6 -20 -24 3 21 21 
56
5
11 8
19 15
9 0
13 12
9 2
8 11
0 4
10 19
6 7
10 17
12
5 16 8
3 14 16
2 7 12
16 4 14
0 7 14
8 0 10
14 3 8
16 5 16
17 12 12
3 15 14
19 12 14
11 19 10
34
17 11
9 13
13 3
16 15
18 7
1 3
16 19
2 0
18 19
9 4
0 14
6 8
7 0
0 6
0 1
0 9
5 7
2 8
10 6
6 16
3 4
1 12
18 16
3 0
17 19
1 0
10 15
19 5
13 11
12 19
19 13
19 18
19 10
14 12
