20 20
2 -14 3 -15 13 2 14 15 6 2 -17 -2 11 13 13 11 2 12 8 0 
12 10 15 -6 7 2 4 1 12 -1 11 6 13 -3 0 3 13 -16 2 -3 
8 -6 -6 -2 5 10 10 8 -14 8 -14 -1 6 16 -6 2 -1 3 15 -17 
9 7 -8 13 1 13 -5 16 -14 -7 -14 0 9 -1 16 2 5 -13 4 1 
14 3 12 16 2 10 16 15 -7 -7 8 0 -17 -8 10 -4 11 14 12 -3 
2 11 12 10 11 12 6 -10 16 12 4 -17 0 13 7 9 -8 13 17 0 
5 7 9 14 4 14 11 -4 9 -14 4 -6 5 -5 8 9 8 11 -4 3 
10 12 14 2 7 11 7 2 4 13 6 8 1 2 -16 5 17 16 4 0 
10 -10 12 5 7 15 1 -2 8 5 17 7 17 7 1 17 6 2 0 16 
0 6 -3 -7 -4 -14 2 11 7 11 7 0 14 -12 -16 3 17 7 16 3 
3 16 7 17 3 -16 -12 14 0 7 11 7 11 2 -14 -4 -7 -3 6 0 
16 0 2 6 17 1 7 17 7 17 5 8 -2 1 15 7 5 12 -10 10 
0 4 16 17 5 -16 2 1 8 6 13 4 2 7 11 7 2 14 12 10 
3 -4 11 8 9 8 -5 5 -6 4 -14 9 -4 11 14 4 14 9 7 5 
0 17 13 -8 9 7 13 0 -17 4 12 16 -10 6 12 11 10 12 11 2 
-3 12 14 11 -4 10 -8 -17 0 8 -7 -7 15 16 10 2 16 12 3 14 
1 4 -13 5 2 16 -1 9 0 -14 -7 -14 16 -5 13 1 13 -8 7 9 
-17 15 3 -1 2 -6 16 6 -1 -14 8 -14 8 10 10 5 -2 -6 -6 8 
-3 2 -16 13 3 0 -3 13 6 11 -1 12 1 4 2 7 -6 15 10 12 
0 8 12 2 11 13 13 11 -2 -17 2 6 15 14 2 13 -15 3 -14 2 
47
3
11 14
5 10
19 2
8 5
14 9
0 17
6
6 9 8
10 11 13
18 8 13
13 10 8
9 8 13
1 11 13
40
6 2
8 6
17 3
9 18
16 17
9 16
15 13
7 4
5 14
16 5
11 8
6 11
5 16
7 14
2 0
6 12
4 1
5 1
11 18
13 9
13 17
11 13
2 16
10 1
3 2
10 3
4 6
12 15
14 5
3 14
8 11
13 8
14 3
12 5
17 19
13 7
15 18
14 18
8 1
6 10
