20 20
12 9 11 9 18 3 -1 20 5 12 8 -17 2 -3 7 11 16 0 16 3 
2 -10 13 9 13 4 14 -3 -14 9 -2 16 6 -7 3 -19 11 10 2 11 
3 0 9 9 14 18 -6 4 2 -18 20 3 6 -16 14 -3 9 20 15 -10 
19 8 11 14 7 14 -18 -13 16 4 14 -10 -13 0 9 8 4 8 15 18 
15 8 -10 8 20 9 3 16 15 18 2 -6 5 -17 9 13 6 9 7 16 
-18 4 -13 17 12 12 5 -3 -14 16 8 1 7 13 4 8 -7 18 12 12 
18 -6 9 15 3 14 14 15 11 13 -4 17 8 16 -19 -17 9 13 12 -4 
14 -8 -2 15 -5 2 20 20 6 4 -13 5 2 -6 9 -2 10 14 5 17 
8 -5 2 16 12 2 5 -8 -17 -4 13 -1 15 7 -15 11 13 -8 -10 -2 
-8 12 12 16 11 3 11 19 16 -4 -16 -13 4 2 6 11 13 -17 0 -15 
-15 0 -17 13 11 6 2 4 -13 -16 -4 16 19 11 3 11 16 12 12 -8 
-2 -10 -8 13 11 -15 7 15 -1 13 -4 -17 -8 5 2 12 16 2 -5 8 
17 5 14 10 -2 9 -6 2 5 -13 4 6 20 20 2 -5 15 -2 -8 14 
-4 12 13 9 -17 -19 16 8 17 -4 13 11 15 14 14 3 15 9 -6 18 
12 12 18 -7 8 4 13 7 1 8 16 -14 -3 5 12 12 17 -13 4 -18 
16 7 9 6 13 9 -17 5 -6 2 18 15 16 3 9 20 8 -10 8 15 
18 15 8 4 8 9 0 -13 -10 14 4 16 -13 -18 14 7 14 11 8 19 
-10 15 20 9 -3 14 -16 6 3 20 -18 2 4 -6 18 14 9 9 0 3 
11 2 10 11 -19 3 -7 6 16 -2 9 -14 -3 14 4 13 9 13 -10 2 
3 16 0 16 11 7 -3 2 -17 8 12 5 20 -1 3 18 9 11 9 12 
49
4
6 15
12 15
2 11
3 5
13 4
7 4
17 8
16 14
8
5 2 14
14 5 10
9 8 12
13 8 10
14 17 14
5 14 10
10 11 12
6 11 10
30
14 4
12 3
8 6
4 7
6 3
1 15
3 11
9 4
13 7
1 8
4 15
16 18
5 10
18 5
3 17
5 15
7 16
11 13
15 12
13 16
18 4
16 8
10 15
6 12
18 11
15 4
3 1
14 9
1 14
16 2
