20 20
3 3 2 0 3 2 1 4 3 3 1 1 4 3 2 2 1 4 0 -4 
1 4 3 -2 0 2 3 -2 -4 4 1 -3 4 3 1 3 1 4 3 0 
-3 2 3 4 1 4 0 0 -1 4 1 0 4 4 0 4 0 1 0 0 
-4 3 2 1 2 4 1 -3 -3 4 0 2 4 4 2 3 -2 -3 3 3 
-2 3 3 3 3 -2 0 3 1 -2 -1 1 -2 0 4 1 1 3 0 2 
1 2 0 0 3 4 3 1 2 -3 2 4 3 0 0 4 4 2 1 2 
2 -3 3 4 0 4 2 4 2 4 2 4 0 4 -3 -4 3 3 -1 3 
3 -1 2 -4 3 -4 3 0 3 3 4 2 2 4 0 4 4 2 2 4 
1 2 0 0 4 1 -3 -2 3 -3 4 0 -4 -1 0 2 -1 1 2 0 
4 -1 1 3 -4 0 -4 -3 1 1 -2 4 2 1 3 2 4 -1 0 4 
4 0 -1 4 2 3 1 2 4 -2 1 1 -3 -4 0 -4 3 1 -1 4 
0 2 1 -1 2 0 -1 -4 0 4 -3 3 -2 -3 1 4 0 0 2 1 
4 2 2 4 4 0 4 2 2 4 3 3 0 3 -4 3 -4 2 -1 3 
3 -1 3 3 -4 -3 4 0 4 2 4 2 4 2 4 0 4 3 -3 2 
2 1 2 4 4 0 0 3 4 2 -3 2 1 3 4 3 0 0 2 1 
2 0 3 1 1 4 0 -2 1 -1 -2 1 3 0 -2 3 3 3 3 -2 
3 3 -3 -2 3 2 4 4 2 0 4 -3 -3 1 4 2 1 2 3 -4 
0 0 1 0 4 0 4 4 0 1 4 -1 0 0 4 1 4 3 2 -3 
0 3 4 1 3 1 3 4 -3 1 4 -4 -2 3 2 0 -2 3 4 1 
-4 0 4 1 2 2 3 4 1 1 3 3 4 1 2 3 0 2 3 3 
47
4
15 7
12 11
7 15
14 8
4 12
7 8
12 4
5 11
16
1 12 14
9 15 16
4 18 16
15 17 15
4 0 15
8 1 14
7 14 9
14 0 12
18 7 14
10 4 16
15 1 16
4 2 15
15 19 15
11 18 14
12 5 9
5 19 12
30
15 8
19 13
18 9
7 10
12 13
12 3
19 18
8 4
12 6
9 13
13 11
15 14
5 6
2 8
2 5
4 11
0 6
1 10
12 9
7 6
7 16
0 1
11 15
7 13
10 6
6 8
4 5
14 13
17 11
17 14
