20 20
14 12 -21 6 -20 0 -21 12 -6 15 12 22 2 0 -14 26 27 22 24 7 
22 21 9 -27 7 11 -16 -2 3 0 18 -1 -14 7 27 24 17 -14 13 27 
3 20 -13 27 26 14 25 20 4 -11 -21 26 22 -22 5 -1 1 17 17 7 
-4 -26 11 14 1 1 27 4 4 -10 11 18 23 27 1 -26 15 16 5 -12 
22 -21 25 12 8 -20 -17 6 17 9 -19 17 -22 7 6 12 -14 26 20 9 
7 -21 24 25 16 19 -10 6 2 16 -11 14 18 -18 -24 16 -11 4 21 3 
20 25 12 17 -22 19 19 -3 12 -16 -10 4 6 21 13 23 3 -12 17 12 
5 11 22 1 12 18 -15 25 -17 -2 24 17 1 -25 25 16 0 2 8 11 
18 -2 23 -2 27 27 7 24 9 27 16 3 12 20 -12 10 14 -10 26 17 
16 22 22 -7 -22 15 -6 23 -11 0 24 7 -24 -26 20 2 -2 0 14 -20 
-20 14 0 -2 2 20 -26 -24 7 24 0 -11 23 -6 15 -22 -7 22 22 16 
17 26 -10 14 10 -12 20 12 3 16 27 9 24 7 27 27 -2 23 -2 18 
11 8 2 0 16 25 -25 1 17 24 -2 -17 25 -15 18 12 1 22 11 5 
12 17 -12 3 23 13 21 6 4 -10 -16 12 -3 19 19 -22 17 12 25 20 
3 21 4 -11 16 -24 -18 18 14 -11 16 2 6 -10 19 16 25 24 -21 7 
9 20 26 -14 12 6 7 -22 17 -19 9 17 6 -17 -20 8 12 25 -21 22 
-12 5 16 15 -26 1 27 23 18 11 -10 4 4 27 1 1 14 11 -26 -4 
7 17 17 1 -1 5 -22 22 26 -21 -11 4 20 25 14 26 27 -13 20 3 
27 13 -14 17 24 27 7 -14 -1 18 0 3 -2 -16 11 7 -27 9 21 22 
7 24 22 27 26 -14 0 2 22 12 15 -6 12 -21 0 -20 6 -21 12 14 
51
6
11 10
11 2
10 3
14 0
2 8
4 12
8 9
8 17
9 16
5 19
17 11
15 7
16
12 15 16
2 14 11
0 10 8
16 13 13
9 2 14
8 14 10
8 1 8
17 16 11
7 4 16
17 5 11
19 9 8
3 6 13
10 17 14
11 5 10
11 18 8
2 3 11
36
16 6
4 17
14 3
2 16
6 5
19 0
15 10
8 11
9 17
15 9
11 3
16 10
2 19
13 9
0 11
0 16
6 15
10 15
3 13
15 2
5 16
17 3
13 14
0 19
4 9
11 8
10 2
4 10
8 16
3 9
17 0
6 10
19 8
19 3
13 4
9 4
