20 20
-3 2 5 3 5 5 -1 0 -6 -5 -4 4 3 -1 3 4 5 6 5 -6 
2 5 -4 4 -5 0 2 4 3 4 1 3 2 -5 5 3 6 6 0 -2 
2 1 -3 3 -6 5 5 -3 5 1 1 -2 5 2 5 5 -4 6 1 6 
6 1 2 -3 -2 2 6 4 3 4 -4 5 6 0 -5 5 3 6 2 -2 
3 6 1 3 4 -1 -5 1 -6 -3 -1 -5 3 -1 3 2 5 6 4 1 
-4 3 0 6 5 -1 2 6 -1 6 2 2 4 5 2 2 -5 4 -4 3 
6 1 3 4 5 5 -2 3 -1 1 -5 -1 -3 1 6 6 5 -2 -1 1 
0 5 3 -2 1 3 4 4 -2 -1 4 3 -1 1 3 6 -1 2 -1 2 
6 -6 6 5 1 3 -1 5 5 -2 2 -5 4 5 -3 6 3 2 -2 1 
0 4 4 5 1 4 4 -4 -6 6 -1 2 6 5 1 6 -2 0 3 0 
0 3 0 -2 6 1 5 6 2 -1 6 -6 -4 4 4 1 5 4 4 0 
1 -2 2 3 6 -3 5 4 -5 2 -2 5 5 -1 3 1 5 6 -6 6 
2 -1 2 -1 6 3 1 -1 3 4 -1 -2 4 4 3 1 -2 3 5 0 
1 -1 -2 5 6 6 1 -3 -1 -5 1 -1 3 -2 5 5 4 3 1 6 
3 -4 4 -5 2 2 5 4 2 2 6 -1 6 2 -1 5 6 0 3 -4 
1 4 6 5 2 3 -1 3 -5 -1 -3 -6 1 -5 -1 4 3 1 6 3 
-2 2 6 3 5 -5 0 6 5 -4 4 3 4 6 2 -2 -3 2 1 6 
6 1 6 -4 5 5 2 5 -2 1 1 5 -3 5 5 -6 3 -3 1 2 
-2 0 6 6 3 5 -5 2 3 1 4 3 4 2 0 -5 4 -4 5 2 
-6 5 6 5 4 3 -1 3 4 -4 -5 -6 0 -1 5 5 3 5 2 -3 
35
4
16 17
18 1
15 4
16 14
3 2
1 18
4 15
3 5
18
5 11 8
4 2 15
1 0 10
9 5 14
5 2 16
11 16 14
12 4 15
16 7 16
5 9 15
14 8 8
15 17 15
18 19 10
10 14 14
14 17 16
8 3 14
7 15 15
3 12 16
14 10 15
26
6 4
19 10
15 5
19 3
12 15
10 19
15 1
5 6
2 8
13 11
4 1
18 11
15 7
13 15
0 9
4 14
0 16
7 4
9 0
4 18
14 13
17 11
6 8
15 18
1 8
4 12
