20 20
6 10 1 7 5 -4 -16 10 8 10 4 4 12 0 9 -5 14 14 1 19 
17 4 -10 -17 6 1 5 -1 14 6 17 1 9 3 4 5 -19 -4 -6 -17 
5 12 19 12 -16 18 5 -18 2 2 12 3 0 14 9 14 -2 14 9 2 
15 9 15 -14 -4 7 17 3 18 4 16 10 1 19 2 -12 -2 19 18 -8 
5 19 -18 -7 11 10 8 10 9 3 6 5 -8 8 7 11 5 -7 4 19 
19 -10 19 8 19 9 -16 17 12 2 -2 -13 2 13 17 16 3 13 13 14 
1 12 -15 -12 -2 13 3 -19 -16 18 -15 -15 1 7 12 -10 11 3 15 18 
4 5 12 -7 18 12 10 19 3 19 -5 12 -16 2 2 10 14 14 6 15 
15 6 -1 -2 18 11 11 18 1 16 -2 7 4 -1 10 15 19 14 -5 1 
-13 -14 18 19 -13 4 7 10 0 9 16 -8 -18 13 3 6 19 17 3 3 
3 3 17 19 6 3 13 -18 -8 16 9 0 10 7 4 -13 19 18 -14 -13 
1 -5 14 19 15 10 -1 4 7 -2 16 1 18 11 11 18 -2 -1 6 15 
15 6 14 14 10 2 2 -16 12 -5 19 3 19 10 12 18 -7 12 5 4 
18 15 3 11 -10 12 7 1 -15 -15 18 -16 -19 3 13 -2 -12 -15 12 1 
14 13 13 3 16 17 13 2 -13 -2 2 12 17 -16 9 19 8 19 -10 19 
19 4 -7 5 11 7 8 -8 5 6 3 9 10 8 10 11 -7 -18 19 5 
-8 18 19 -2 -12 2 19 1 10 16 4 18 3 17 7 -4 -14 15 9 15 
2 9 14 -2 14 9 14 0 3 12 2 2 -18 5 18 -16 12 19 12 5 
-17 -6 -4 -19 5 4 3 9 1 17 6 14 -1 5 1 6 -17 -10 4 17 
19 1 14 14 -5 9 0 12 4 4 10 8 10 -16 -4 5 7 1 10 6 
54
6
15 1
12 15
10 1
17 19
5 16
3 0
4 18
7 4
9 18
2 0
14 3
16 19
20
7 11 10
13 16 11
17 0 12
10 18 10
17 1 8
12 18 11
8 2 16
6 14 11
16 13 10
0 8 16
12 8 10
6 3 11
2 19 12
9 1 10
2 18 8
7 1 11
11 17 16
13 5 11
3 6 10
19 11 16
40
5 8
3 14
18 12
19 18
16 14
6 16
16 1
11 12
14 13
4 8
4 15
2 15
1 6
10 16
2 14
9 6
7 10
10 5
0 14
17 3
14 11
16 5
1 7
0 1
3 5
13 3
3 18
8 7
5 6
15 11
15 4
17 4
18 13
9 3
17 5
10 13
12 9
9 14
19 5
2 16
