20 20
7 19 16 3 -10 -12 9 -3 16 9 1 12 16 2 12 -11 8 12 11 0 
15 15 4 18 15 4 9 15 14 15 -16 20 -14 20 -2 22 8 8 6 21 
0 -7 -3 23 -23 8 2 14 23 -3 12 -19 -11 23 8 19 7 -6 14 12 
11 -14 17 -19 9 8 -17 21 5 3 4 -6 5 19 7 -22 18 2 -1 -19 
1 10 -7 15 6 -16 9 12 12 21 21 4 11 -15 9 23 -21 11 17 15 
21 12 8 12 9 7 -10 20 -18 -1 -17 12 -6 14 18 19 2 19 -7 7 
9 -16 1 7 2 23 -23 21 8 1 5 0 18 4 22 22 -5 -2 -17 15 
11 -17 6 -22 8 -1 8 3 12 -1 5 15 21 5 4 3 13 13 16 -13 
-12 9 -6 16 -16 -2 5 14 -17 10 20 22 2 -1 -3 13 21 11 1 -9 
18 2 18 15 15 -21 0 10 19 1 -10 8 -22 23 14 16 13 6 7 3 
3 7 6 13 16 14 23 -22 8 -10 1 19 10 0 -21 15 15 18 2 18 
-9 1 11 21 13 -3 -1 2 22 20 10 -17 14 5 -2 -16 16 -6 9 -12 
-13 16 13 13 3 4 5 21 15 5 -1 12 3 8 -1 8 -22 6 -17 11 
15 -17 -2 -5 22 22 4 18 0 5 1 8 21 -23 23 2 7 1 -16 9 
7 -7 19 2 19 18 14 -6 12 -17 -1 -18 20 -10 7 9 12 8 12 21 
15 17 11 -21 23 9 -15 11 4 21 21 12 12 9 -16 6 15 -7 10 1 
-19 -1 2 18 -22 7 19 5 -6 4 3 5 21 -17 8 9 -19 17 -14 11 
12 14 -6 7 19 8 23 -11 -19 12 -3 23 14 2 8 -23 23 -3 -7 0 
21 6 8 8 22 -2 20 -14 20 -16 15 14 15 9 4 15 18 4 15 15 
0 11 12 8 -11 12 2 16 12 1 9 16 -3 9 -12 -10 3 16 19 7 
53
5
12 9
4 17
12 8
17 11
3 18
7 10
15 2
7 11
2 8
16 1
10
5 6 13
1 0 13
9 13 13
14 10 11
3 9 11
14 13 13
18 19 13
10 6 13
5 9 11
16 10 11
40
17 4
3 14
8 10
2 19
3 8
1 19
10 15
13 12
11 16
1 9
2 10
8 14
9 17
3 7
18 13
2 3
12 5
19 4
19 15
0 18
2 15
16 5
11 9
17 0
16 11
18 0
9 4
6 7
8 3
18 10
17 9
11 5
10 2
16 12
1 6
17 16
7 14
0 15
0 4
19 1
