20 20
2 -16 10 17 -16 6 17 11 4 -8 2 6 8 15 2 2 12 17 -15 15 
15 12 15 11 14 11 -3 -8 -8 5 4 16 8 7 11 -14 -16 3 -16 -10 
16 -17 15 13 16 7 11 2 15 14 -12 -5 6 16 -2 15 -15 -3 12 -15 
-4 2 -10 3 3 -9 -16 10 1 -10 -16 13 -7 0 13 -13 3 8 14 13 
3 8 -9 10 15 -4 -15 5 -10 12 5 8 17 1 17 16 17 2 7 9 
12 -9 7 15 15 -10 6 -11 -3 11 -4 -5 -13 17 10 6 -6 -6 -17 8 
8 6 1 8 16 14 17 10 -14 11 6 7 17 13 14 3 15 -15 3 13 
10 14 10 15 -12 -13 11 16 3 12 15 -9 8 -12 -8 15 17 15 -7 -8 
14 4 15 7 -11 -4 17 -14 -11 16 17 -4 13 10 10 -5 10 3 -8 7 
17 13 14 -16 7 15 5 15 6 15 6 14 16 6 -7 6 2 -2 16 -10 
-10 16 -2 2 6 -7 6 16 14 6 15 6 15 5 15 7 -16 14 13 17 
7 -8 3 10 -5 10 10 13 -4 17 16 -11 -14 17 -4 -11 7 15 4 14 
-8 -7 15 17 15 -8 -12 8 -9 15 12 3 16 11 -13 -12 15 10 14 10 
13 3 -15 15 3 14 13 17 7 6 11 -14 10 17 14 16 8 1 6 8 
8 -17 -6 -6 6 10 17 -13 -5 -4 11 -3 -11 6 -10 15 15 7 -9 12 
9 7 2 17 16 17 1 17 8 5 12 -10 5 -15 -4 15 10 -9 8 3 
13 14 8 3 -13 13 0 -7 13 -16 -10 1 10 -16 -9 3 3 -10 2 -4 
-15 12 -3 -15 15 -2 16 6 -5 -12 14 15 2 11 7 16 13 15 -17 16 
-10 -16 3 -16 -14 11 7 8 16 4 5 -8 -8 -3 11 14 11 15 12 15 
15 -15 17 12 2 2 15 8 6 2 -8 4 11 17 6 -16 17 10 -16 2 
47
7
14 18
0 8
15 7
9 11
2 13
8 5
16 5
5 1
19 11
4 12
10 8
17 6
11 14
3 14
14
18 6 15
16 7 11
8 10 8
3 15 9
18 8 15
15 14 11
0 16 8
1 13 15
3 12 11
11 9 8
16 4 9
1 11 15
4 5 11
19 3 8
38
12 2
10 14
12 14
19 5
14 17
2 19
4 8
5 16
14 5
11 12
7 1
8 19
3 2
19 16
10 18
3 6
19 2
15 9
3 0
7 17
9 5
7 5
0 14
5 2
17 0
15 11
14 3
5 14
8 7
12 18
11 0
16 17
0 3
9 1
16 13
0 17
4 10
16 19
