20 20
7 23 17 14 9 2 13 7 -7 6 24 24 -17 25 22 20 -5 23 2 7 
9 -6 -3 -23 -11 -19 16 6 -1 -22 -7 -8 21 6 13 -1 14 -15 0 -21 
13 1 -3 21 10 -13 4 13 7 13 20 -21 7 -17 20 14 10 1 24 17 
-7 7 21 24 1 23 0 21 2 -20 -14 -26 -8 -19 20 14 6 11 -1 -7 
24 5 10 -22 12 14 18 7 25 11 25 -26 3 11 9 -26 11 17 1 5 
16 0 1 24 -6 5 9 6 -9 14 12 6 -19 -1 18 -18 11 13 7 9 
11 14 17 -14 -14 17 6 19 6 25 3 1 -9 21 13 3 21 20 -16 21 
19 17 -20 -21 26 -24 25 18 0 3 8 12 20 4 -5 -5 8 3 22 26 
6 25 -18 20 6 19 3 6 9 18 -19 16 -26 20 6 25 14 5 16 24 
-12 -11 6 -9 12 -23 -1 -23 11 -22 23 3 12 20 20 6 18 9 1 7 
7 1 9 18 6 20 20 12 3 23 -22 11 -23 -1 -23 12 -9 6 -11 -12 
24 16 5 14 25 6 20 -26 16 -19 18 9 6 3 19 6 20 -18 25 6 
26 22 3 8 -5 -5 4 20 12 8 3 0 18 25 -24 26 -21 -20 17 19 
21 -16 20 21 3 13 21 -9 1 3 25 6 19 6 17 -14 -14 17 14 11 
9 7 13 11 -18 18 -1 -19 6 12 14 -9 6 9 5 -6 24 1 0 16 
5 1 17 11 -26 9 11 3 -26 25 11 25 7 18 14 12 -22 10 5 24 
-7 -1 11 6 14 20 -19 -8 -26 -14 -20 2 21 0 23 1 24 21 7 -7 
17 24 1 10 14 20 -17 7 -21 20 13 7 13 4 -13 10 21 -3 1 13 
-21 0 -15 14 -1 13 6 21 -8 -7 -22 -1 6 16 -19 -11 -23 -3 -6 9 
7 2 23 -5 20 22 25 -17 24 24 6 -7 7 13 2 9 14 17 23 7 
55
7
5 12
12 18
3 5
16 1
11 3
19 11
18 14
14 7
7 1
16 14
3 18
8 16
0 8
1 5
12
3 17 13
2 17 8
5 9 10
14 16 14
19 9 16
19 1 13
16 2 13
17 2 8
14 10 10
5 3 14
0 10 16
0 18 13
26
4 11
8 17
5 10
5 4
6 0
2 19
0 12
4 5
11 16
6 19
4 7
15 13
3 19
15 8
11 2
14 9
14 15
13 19
17 0
19 7
15 14
8 3
13 0
15 12
4 6
16 0
