20 20
21 -23 21 20 6 18 6 17 -3 -14 3 20 -6 22 13 13 -13 5 15 9 
1 24 11 25 18 11 -25 6 -7 20 -3 17 -1 23 13 8 18 13 22 15 
-13 22 10 22 13 -6 10 22 5 -17 14 20 24 23 7 6 -19 -8 21 -3 
12 3 8 -23 1 -16 14 21 4 -4 1 7 18 19 -15 3 5 4 9 19 
6 5 -25 14 2 7 12 13 19 12 -9 9 3 14 14 9 -9 15 25 -11 
22 6 9 -11 -24 -12 9 16 25 1 3 17 14 2 16 15 -7 -14 6 4 
-18 20 13 10 -20 20 8 15 19 21 4 5 -25 2 4 9 3 12 13 -18 
8 4 -12 -11 20 16 18 25 16 -5 16 -8 19 -16 -15 22 23 17 3 -9 
15 1 17 7 6 11 14 -3 17 7 8 1 22 -11 -9 5 14 20 1 8 
-20 6 1 21 20 6 23 13 12 6 16 -2 22 19 -12 14 8 24 -6 10 
10 -6 24 8 14 -12 19 22 -2 16 6 12 13 23 6 20 21 1 6 -20 
8 1 20 14 5 -9 -11 22 1 8 7 17 -3 14 11 6 7 17 1 15 
-9 3 17 23 22 -15 -16 19 -8 16 -5 16 25 18 16 20 -11 -12 4 8 
-18 13 12 3 9 4 2 -25 5 4 21 19 15 8 20 -20 10 13 20 -18 
4 6 -14 -7 15 16 2 14 17 3 1 25 16 9 -12 -24 -11 9 6 22 
-11 25 15 -9 9 14 14 3 9 -9 12 19 13 12 7 2 14 -25 5 6 
19 9 4 5 3 -15 19 18 7 1 -4 4 21 14 -16 1 -23 8 3 12 
-3 21 -8 -19 6 7 23 24 20 14 -17 5 22 10 -6 13 22 10 22 -13 
15 22 13 18 8 13 23 -1 17 -3 20 -7 6 -25 11 18 25 11 24 1 
9 15 5 -13 13 13 22 -6 20 3 -14 -3 17 6 18 6 20 21 -23 21 
59
5
11 14
16 3
8 11
1 12
18 13
8 5
3 16
11 8
18 7
1 6
10
4 8 16
7 5 13
17 9 10
15 16 8
16 5 15
15 11 16
12 14 13
2 10 10
4 3 8
3 14 15
34
1 19
19 6
3 10
5 0
15 0
8 3
9 5
17 10
13 3
12 16
8 15
15 2
13 7
16 14
17 12
14 12
6 4
18 0
0 13
16 9
14 19
4 19
11 16
10 14
2 9
6 16
7 3
11 4
4 17
6 12
3 5
2 7
5 7
13 15
