20 20
-4 -2 -2 3 1 -1 4 4 5 6 5 6 1 -4 6 -2 3 -5 -2 5 
0 6 1 1 1 5 -5 -3 5 -4 3 3 6 1 1 4 2 -3 2 1 
6 1 4 -2 0 -1 4 5 3 2 0 2 -2 1 6 6 3 3 3 0 
6 6 -6 5 -2 3 5 4 -6 -4 -5 3 0 0 5 3 6 5 4 1 
6 6 -6 -2 3 3 0 2 -4 4 0 5 6 2 -1 3 0 2 -1 5 
-2 2 -2 2 1 0 4 -4 5 -4 5 6 4 -1 2 6 4 5 1 -4 
1 2 6 1 -2 5 5 2 5 3 -6 6 2 3 4 -1 1 1 0 4 
-2 5 1 6 -6 -5 1 0 4 5 -2 1 1 6 4 2 1 2 3 1 
-2 0 3 5 5 -5 5 3 -4 0 1 4 1 6 -4 -6 2 1 2 3 
1 3 2 5 6 6 4 2 4 1 2 1 -3 3 6 4 -1 -6 2 5 
5 2 -6 -1 4 6 3 -3 1 2 1 4 2 4 6 6 5 2 3 1 
3 2 1 2 -6 -4 6 1 4 1 0 -4 3 5 -5 5 5 3 0 -2 
1 3 2 1 2 4 6 1 1 -2 5 4 0 1 -5 -6 6 1 5 -2 
4 0 1 1 -1 4 3 2 6 -6 3 5 2 5 5 -2 1 6 2 1 
-4 1 5 4 6 2 -1 4 6 5 -4 5 -4 4 0 1 2 -2 2 -2 
5 -1 2 0 3 -1 2 6 5 0 4 -4 2 0 3 3 -2 -6 6 6 
1 4 5 6 3 5 0 0 3 -5 -4 -6 4 5 3 -2 5 -6 6 6 
0 3 3 3 6 6 1 -2 2 0 2 3 5 4 -1 0 -2 4 1 6 
1 2 -3 2 4 1 1 6 3 3 -4 5 -3 -5 5 1 1 1 6 0 
5 -2 -5 3 -2 6 -4 1 6 5 6 5 4 4 -1 1 3 -2 -2 -4 
59
7
7 15
0 9
0 19
7 17
6 1
15 2
0 18
12 4
19 10
19 0
12 2
13 18
4 17
19 1
18
4 13 14
18 19 15
19 18 15
16 13 14
6 14 13
10 17 15
10 1 11
13 6 9
9 8 9
15 6 14
1 0 15
0 1 15
3 6 14
13 5 13
9 2 15
9 18 11
6 13 9
10 11 9
34
8 4
16 4
19 14
15 0
2 11
2 12
2 5
0 2
5 14
15 3
6 11
19 5
19 3
9 10
10 12
7 6
13 9
11 15
3 15
0 5
4 19
17 8
17 7
17 14
19 17
14 5
4 16
13 8
0 14
0 16
10 9
9 7
12 13
6 10
