20 20
14 1 -10 5 6 12 -14 -9 -23 21 11 -6 -12 -8 14 13 5 9 8 4 
-13 14 10 9 24 10 17 6 23 8 16 23 5 19 13 9 20 -6 19 12 
-19 21 -3 23 15 -20 21 24 -20 -3 5 21 -15 24 -8 -1 14 -22 2 21 
-21 14 20 12 1 9 4 18 17 16 -3 7 20 22 13 26 2 -14 20 23 
14 21 17 -20 6 20 15 17 27 18 5 12 14 -15 4 -6 19 0 21 18 
6 3 10 10 3 -24 23 1 -1 12 23 21 1 21 -20 1 14 -14 10 1 
-24 13 11 7 -4 -1 -25 7 25 16 3 25 18 22 27 8 19 27 10 26 
18 1 26 15 2 10 20 2 17 -19 -4 8 23 12 -10 14 -23 26 15 3 
20 27 1 9 26 3 22 -4 18 3 8 3 -8 21 5 15 -4 27 4 -23 
26 7 4 -18 3 6 16 21 17 21 -27 15 16 3 26 -3 8 4 -5 -4 
-4 -5 4 8 -3 26 3 16 15 -27 21 17 21 16 6 3 -18 4 7 26 
-23 4 27 -4 15 5 21 -8 3 8 3 18 -4 22 3 26 9 1 27 20 
3 15 26 -23 14 -10 12 23 8 -4 -19 17 2 20 10 2 15 26 1 18 
26 10 27 19 8 27 22 18 25 3 16 25 7 -25 -1 -4 7 11 13 -24 
1 10 -14 14 1 -20 21 1 21 23 12 -1 1 23 -24 3 10 10 3 6 
18 21 0 19 -6 4 -15 14 12 5 18 27 17 15 20 6 -20 17 21 14 
23 20 -14 2 26 13 22 20 7 -3 16 17 18 4 9 1 12 20 14 -21 
21 2 -22 14 -1 -8 24 -15 21 5 -3 -20 24 21 -20 15 23 -3 21 -19 
12 19 -6 20 9 13 19 5 23 16 8 23 6 17 10 24 9 10 14 -13 
4 8 9 5 13 14 -8 -12 -6 11 21 -23 -9 -14 12 6 5 -10 1 14 
32
2
16 15
17 6
3 4
2 13
14
15 19 13
4 14 13
7 17 8
19 11 10
17 4 16
17 13 16
16 1 9
4 0 13
15 5 13
12 2 8
0 8 10
2 15 16
2 6 16
3 18 9
36
16 5
18 8
16 18
14 10
1 18
6 10
0 18
18 12
18 9
4 13
8 11
5 15
17 1
13 16
0 12
7 14
8 19
4 15
3 14
1 11
3 1
5 9
18 1
13 9
19 1
1 7
1 10
15 6
11 8
14 4
2 18
6 3
19 7
12 5
11 0
15 4
