20 20
-4 -14 2 0 3 14 -5 9 2 12 -3 -14 -9 9 3 6 -2 4 -1 7 
8 -8 1 1 5 13 5 12 7 -6 12 -8 11 13 -2 -13 0 -11 9 1 
10 4 -5 12 7 2 -14 11 12 -7 -4 2 -4 2 14 1 -9 11 11 7 
11 11 -12 6 4 7 14 0 -10 -3 5 -9 1 4 -12 5 7 -12 6 2 
5 2 13 -14 6 9 -9 12 3 -11 4 14 13 10 14 -14 12 -14 8 -11 
-2 -1 1 -1 -10 4 5 12 11 7 0 13 7 14 10 7 9 -7 -14 11 
6 -14 10 7 -3 13 4 6 12 1 -9 5 -10 3 12 -14 7 6 8 2 
11 10 7 1 13 7 14 14 0 3 -10 14 11 10 3 1 13 13 8 4 
-10 11 7 0 1 7 13 7 -12 8 14 8 12 11 1 1 11 -1 -13 -14 
6 -3 10 11 12 0 9 12 1 -1 14 8 -7 0 5 10 -7 12 1 -3 
-3 1 12 -7 10 5 0 -7 8 14 -1 1 12 9 0 12 11 10 -3 6 
-14 -13 -1 11 1 1 11 12 8 14 8 -12 7 13 7 1 0 7 11 -10 
4 8 13 13 1 3 10 11 14 -10 3 0 14 14 7 13 1 7 10 11 
2 8 6 7 -14 12 3 -10 5 -9 1 12 6 4 13 -3 7 10 -14 6 
11 -14 -7 9 7 10 14 7 13 0 7 11 12 5 4 -10 -1 1 -1 -2 
-11 8 -14 12 -14 14 10 13 14 4 -11 3 12 -9 9 6 -14 13 2 5 
2 6 -12 7 5 -12 4 1 -9 5 -3 -10 0 14 7 4 6 -12 11 11 
7 11 11 -9 1 14 2 -4 2 -4 -7 12 11 -14 2 7 12 -5 4 10 
1 9 -11 0 -13 -2 13 11 -8 12 -6 7 12 5 13 5 1 1 -8 8 
7 -1 4 -2 6 3 9 -9 -14 -3 12 2 9 -5 14 3 0 2 -14 -4 
57
3
4 3
19 18
0 14
15 16
0 1
19 5
20
10 3 10
19 4 14
19 11 15
7 17 16
11 19 13
10 8 15
12 6 14
18 6 11
10 16 11
6 3 12
9 16 10
0 15 14
0 8 15
12 2 16
8 0 13
9 11 15
7 13 14
1 13 11
9 3 11
13 16 12
30
1 5
13 5
7 11
10 13
9 7
17 5
14 8
1 11
16 9
6 9
19 2
13 7
14 4
5 4
1 4
18 14
6 14
12 8
9 6
10 12
2 14
5 11
18 8
3 10
13 10
0 17
6 12
5 15
14 15
18 15
