20 20
-24 -19 22 22 -20 28 20 25 15 11 7 24 26 10 28 -13 15 1 9 -22 
2 -23 28 11 19 21 0 -12 15 8 12 5 24 11 20 1 22 15 22 27 
15 10 6 11 20 -13 21 13 27 26 -28 -21 18 -11 11 23 26 7 17 2 
8 -10 17 6 -14 15 20 13 12 21 14 0 25 18 -17 27 -8 23 20 18 
19 22 11 13 4 16 -10 19 1 2 21 3 5 5 20 -6 22 8 14 21 
-25 19 6 14 7 9 -3 0 -24 26 -13 14 11 16 3 -3 22 6 8 18 
3 13 8 -26 -20 12 -1 15 13 -10 13 14 -14 11 5 25 9 19 8 9 
14 18 10 28 -5 2 -19 -24 1 -3 15 6 19 -3 12 5 27 10 16 27 
0 -19 19 -2 -11 -20 27 2 16 -12 5 -13 28 -18 16 27 13 0 18 -12 
24 2 -3 9 28 5 17 17 -9 21 7 20 20 25 0 18 13 16 16 22 
22 16 16 13 18 0 25 20 20 7 21 -9 17 17 5 28 9 -3 2 24 
-12 18 0 13 27 16 -18 28 -13 5 -12 16 2 27 -20 -11 -2 19 -19 0 
27 16 10 27 5 12 -3 19 6 15 -3 1 -24 -19 2 -5 28 10 18 14 
9 8 19 9 25 5 11 -14 14 13 -10 13 15 -1 12 -20 -26 8 13 3 
18 8 6 22 -3 3 16 11 14 -13 26 -24 0 -3 9 7 14 6 19 -25 
21 14 8 22 -6 20 5 5 3 21 2 1 19 -10 16 4 13 11 22 19 
18 20 23 -8 27 -17 18 25 0 14 21 12 13 20 15 -14 6 17 -10 8 
2 17 7 26 23 11 -11 18 -21 -28 26 27 13 21 -13 20 11 6 10 15 
27 22 15 22 1 20 11 24 5 12 8 15 -12 0 21 19 11 28 -23 2 
-22 9 1 15 -13 28 10 26 24 7 11 15 25 20 28 -20 22 22 -19 -24 
31
6
1 12
16 13
10 5
12 2
5 17
18 16
18 7
3 6
9 14
7 17
14 2
1 3
18
14 18 12
9 16 14
15 0 15
19 5 8
3 1 12
5 16 12
16 0 10
16 12 8
0 15 13
5 1 12
10 3 14
4 19 15
0 14 8
16 18 12
14 3 12
3 19 10
3 7 8
19 4 13
28
19 15
7 1
18 6
6 18
5 6
12 19
13 7
8 1
12 9
2 14
17 0
16 11
15 19
16 15
0 4
12 18
1 13
13 1
14 13
7 0
6 12
11 18
7 10
17 5
2 19
3 8
4 0
3 4
