20 20
1 5 5 1 4 2 1 2 0 1 -2 4 4 0 1 1 1 3 -3 2 
-3 5 -3 2 3 -4 2 1 1 2 4 1 5 1 1 5 -5 5 0 5 
3 -2 3 4 4 2 0 2 -4 2 3 5 4 -5 0 -4 5 1 -2 2 
3 4 5 1 -4 3 2 4 -4 -2 2 4 0 3 -2 2 -5 1 5 4 
0 3 -2 1 3 1 1 4 0 4 0 -3 -2 3 3 5 4 2 0 2 
4 -5 0 2 1 -3 -4 3 5 1 5 2 -2 3 0 1 1 5 3 4 
-3 0 -2 3 4 3 2 0 4 5 5 4 -5 2 2 0 1 3 1 -5 
1 3 4 4 1 4 -4 2 0 5 3 2 -3 4 -1 2 -2 0 -1 -3 
4 3 -2 3 4 2 -4 1 4 4 0 2 3 3 1 3 0 1 0 5 
4 3 0 5 -2 2 0 4 2 5 -5 4 4 5 1 -5 3 -1 5 4 
4 5 -1 3 -5 1 5 4 4 -5 5 2 4 0 2 -2 5 0 3 4 
5 0 1 0 3 1 3 3 2 0 4 4 1 -4 2 4 3 -2 3 4 
-3 -1 0 -2 2 -1 4 -3 2 3 5 0 2 -4 4 1 4 4 3 1 
-5 1 3 1 0 2 2 -5 4 5 5 4 0 2 3 4 3 -2 0 -3 
4 3 5 1 1 0 3 -2 2 5 1 5 3 -4 -3 1 2 0 -5 4 
2 0 2 4 5 3 3 -2 -3 0 4 0 4 1 1 3 1 -2 3 0 
4 5 1 -5 2 -2 3 0 4 2 -2 -4 4 2 3 -4 1 5 4 3 
2 -2 1 5 -4 0 -5 4 5 3 2 -4 2 0 2 4 4 3 -2 3 
5 0 5 -5 5 1 1 5 1 4 2 1 1 2 -4 3 2 -3 5 -3 
2 -3 3 1 1 1 0 4 4 -2 1 0 2 1 2 4 1 5 5 1 
39
7
4 0
13 6
4 5
1 8
8 12
12 2
8 7
15 19
6 13
15 14
18 11
11 7
7 17
11 12
18
17 6 14
17 18 10
15 7 13
19 0 10
7 12 13
6 1 15
7 1 14
16 3 14
6 10 14
2 13 14
2 1 10
4 12 13
0 19 10
12 7 13
13 18 15
12 18 14
3 16 14
13 9 14
28
19 14
0 10
19 17
5 19
16 5
8 15
15 6
1 19
2 17
15 12
18 16
0 7
1 0
14 18
0 5
19 9
0 2
14 0
3 14
11 4
4 13
18 0
17 2
4 7
1 3
19 12
18 19
5 1
