20 20
28 -16 5 -5 5 -1 6 9 10 8 18 18 8 23 28 -11 12 15 20 26 
18 -16 -19 5 27 27 15 23 4 23 9 -9 23 -17 7 5 11 26 -17 13 
-24 2 -4 -27 7 21 20 21 17 14 24 14 10 5 -27 4 23 -27 23 7 
-10 19 24 12 13 13 15 28 -17 -26 -13 20 1 16 23 10 16 17 21 2 
5 -8 25 6 -26 7 26 24 15 9 14 -25 27 -7 6 12 8 -25 27 13 
11 21 15 7 4 -13 16 4 23 25 14 -22 -19 -23 27 8 12 13 8 6 
14 23 5 21 14 9 26 8 20 27 -6 2 7 20 14 14 17 -17 17 13 
7 13 -15 18 1 15 21 -26 9 2 21 17 26 -26 9 28 8 -6 26 27 
23 -24 26 2 25 19 -27 12 23 21 4 11 5 9 4 12 19 -24 19 19 
-26 13 3 25 16 11 1 19 3 13 -12 13 -9 26 -21 1 18 0 6 5 
5 6 0 18 1 -21 26 -9 13 -12 13 3 19 1 11 16 25 3 13 -26 
19 19 -24 19 12 4 9 5 11 4 21 23 12 -27 19 25 2 26 -24 23 
27 26 -6 8 28 9 -26 26 17 21 2 9 -26 21 15 1 18 -15 13 7 
13 17 -17 17 14 14 20 7 2 -6 27 20 8 26 9 14 21 5 23 14 
6 8 13 12 8 27 -23 -19 -22 14 25 23 4 16 -13 4 7 15 21 11 
13 27 -25 8 12 6 -7 27 -25 14 9 15 24 26 7 -26 6 25 -8 5 
2 21 17 16 10 23 16 1 20 -13 -26 -17 28 15 13 13 12 24 19 -10 
7 23 -27 23 4 -27 5 10 14 24 14 17 21 20 21 7 -27 -4 2 -24 
13 -17 26 11 5 7 -17 23 -9 9 23 4 23 15 27 27 5 -19 -16 18 
26 20 15 12 -11 28 23 8 18 18 8 10 9 6 -1 5 -5 5 -16 28 
35
3
5 15
13 12
11 16
14 4
6 7
8 3
8
1 8 15
19 5 16
18 13 16
10 9 16
18 11 15
0 14 16
1 6 16
9 10 16
26
2 6
18 16
13 4
1 12
16 8
14 0
16 9
0 7
15 11
19 2
4 16
5 13
7 9
17 13
1 3
6 15
18 7
3 11
5 19
3 10
19 12
4 8
0 17
15 3
14 6
12 10
