20 20
13 7 -14 7 -17 12 4 12 1 8 11 18 -15 3 18 -3 7 2 16 16 
16 16 -2 13 2 9 0 -12 9 17 10 16 1 3 -18 17 13 10 11 -3 
13 0 2 12 13 16 -3 4 3 -8 -6 17 -5 -11 -8 -14 5 9 9 0 
17 9 -14 -6 -13 -13 13 6 -3 14 9 9 18 2 9 6 -11 15 -17 16 
17 -10 13 5 7 2 17 14 5 -10 2 -6 8 -11 -11 7 10 17 7 -11 
12 12 0 -10 -5 -5 8 13 -2 17 14 8 -3 5 -17 -12 -13 5 17 -3 
-9 11 15 8 10 12 -11 2 10 13 11 -4 13 -10 12 -15 16 -9 -3 4 
-14 10 16 -7 -18 -1 10 11 14 -17 6 -2 4 1 18 -4 4 6 12 7 
9 4 6 -18 9 4 15 14 -3 -13 -11 -14 1 0 15 -4 -17 15 16 15 
-17 13 15 6 13 9 -15 4 2 1 -12 9 3 17 0 -14 8 15 6 3 
3 6 15 8 -14 0 17 3 9 -12 1 2 4 -15 9 13 6 15 13 -17 
15 16 15 -17 -4 15 0 1 -14 -11 -13 -3 14 15 4 9 -18 6 4 9 
7 12 6 4 -4 18 1 4 -2 6 -17 14 11 10 -1 -18 -7 16 10 -14 
4 -3 -9 16 -15 12 -10 13 -4 11 13 10 2 -11 12 10 8 15 11 -9 
-3 17 5 -13 -12 -17 5 -3 8 14 17 -2 13 8 -5 -5 -10 0 12 12 
-11 7 17 10 7 -11 -11 8 -6 2 -10 5 14 17 2 7 5 13 -10 17 
16 -17 15 -11 6 9 2 18 9 9 14 -3 6 13 -13 -13 -6 -14 9 17 
0 9 9 5 -14 -8 -11 -5 17 -6 -8 3 4 -3 16 13 12 2 0 13 
-3 11 10 13 17 -18 3 1 16 10 17 9 -12 0 9 2 13 -2 16 16 
16 16 2 7 -3 18 3 -15 18 11 8 1 12 4 12 -17 7 -14 7 13 
47
2
19 5
11 10
0 14
8 9
10
4 1 13
6 12 11
9 7 14
10 19 13
15 19 8
15 18 13
13 7 11
10 12 14
9 0 13
4 0 8
36
2 0
3 16
4 18
9 8
8 0
2 19
17 1
1 15
18 3
8 14
5 13
8 13
5 18
8 19
5 10
9 14
2 4
15 14
17 19
16 3
15 1
10 11
11 19
17 0
2 18
18 4
1 16
11 5
14 6
11 6
14 1
11 0
14 9
10 5
17 15
4 5
