20 20
17 4 20 15 6 25 22 1 -14 22 -25 7 12 7 19 13 24 4 -16 -3 
-13 6 -10 24 19 2 -2 1 4 23 0 6 -21 13 20 11 25 18 11 16 
-7 9 2 2 8 11 -3 -5 8 18 18 15 -18 21 18 19 3 11 -12 -10 
-24 -19 -8 21 1 13 2 -25 5 9 -4 -5 10 25 13 13 -13 8 -24 7 
0 11 22 24 2 4 9 16 20 5 3 9 -22 23 24 17 16 23 -15 9 
25 12 6 -4 16 -21 -19 -3 25 19 18 12 -3 14 -16 -22 5 23 8 6 
23 23 11 -12 -1 12 19 9 -6 -6 15 18 1 24 8 3 23 4 21 -9 
-1 -9 4 23 12 1 24 14 8 21 -11 9 -10 11 23 15 8 -7 11 10 
19 24 2 -23 20 20 4 24 16 21 -1 -6 18 -17 10 -23 3 24 -5 7 
-9 16 19 10 -1 14 7 13 15 17 4 25 7 20 20 -13 -17 -6 -8 21 
21 -8 -6 -17 -13 20 20 7 25 4 17 15 13 7 14 -1 10 19 16 -9 
7 -5 24 3 -23 10 -17 18 -6 -1 21 16 24 4 20 20 -23 2 24 19 
10 11 -7 8 15 23 11 -10 9 -11 21 8 14 24 1 12 23 4 -9 -1 
-9 21 4 23 3 8 24 1 18 15 -6 -6 9 19 12 -1 -12 11 23 23 
6 8 23 5 -22 -16 14 -3 12 18 19 25 -3 -19 -21 16 -4 6 12 25 
9 -15 23 16 17 24 23 -22 9 3 5 20 16 9 4 2 24 22 11 0 
7 -24 8 -13 13 13 25 10 -5 -4 9 5 -25 2 13 1 21 -8 -19 -24 
-10 -12 11 3 19 18 21 -18 15 18 18 8 -5 -3 11 8 2 2 9 -7 
16 11 18 25 11 20 13 -21 6 0 23 4 1 -2 2 19 24 -10 6 -13 
-3 -16 4 24 13 19 7 12 7 -25 22 -14 1 22 25 6 15 20 4 17 
53
5
19 3
4 12
8 7
15 3
0 12
0 16
15 7
11 12
4 16
19 7
6
3 13 9
11 9 11
17 14 16
16 6 9
8 10 11
2 5 16
36
1 6
15 9
16 7
5 0
1 8
16 18
18 17
14 5
4 0
2 1
14 16
7 18
14 12
0 15
9 4
4 13
13 12
4 17
18 13
4 10
3 12
14 19
18 11
3 1
1 2
5 14
15 19
17 18
5 3
12 1
5 7
19 4
10 15
15 6
6 7
15 2
