20 20
6 -5 -5 1 6 13 3 15 14 -8 -13 5 7 9 2 2 11 4 -12 11 
6 3 13 9 10 10 10 3 1 -8 11 -7 1 -14 6 10 -6 3 13 8 
7 -14 3 -11 -9 7 8 4 0 -5 -12 10 0 4 13 15 7 0 -10 9 
8 5 4 -3 9 15 -2 -7 5 -3 -6 12 12 6 14 13 -12 5 3 -13 
2 8 1 2 9 11 13 9 -2 4 0 15 4 5 9 11 0 2 -8 7 
4 14 12 -12 1 11 4 11 8 12 5 6 -13 -9 9 2 4 11 -7 -8 
-13 4 5 0 12 1 2 9 -6 2 11 11 5 -10 0 -3 0 1 14 2 
14 14 12 14 13 11 15 11 6 2 1 4 3 1 8 12 12 4 -8 -7 
5 -7 1 9 -14 -4 12 10 14 3 6 -15 4 2 3 7 0 -3 13 -14 
6 9 -5 -6 15 15 6 1 -2 7 11 11 14 8 13 8 10 5 2 11 
11 2 5 10 8 13 8 14 11 11 7 -2 1 6 15 15 -6 -5 9 6 
-14 13 -3 0 7 3 2 4 -15 6 3 14 10 12 -4 -14 9 1 -7 5 
-7 -8 4 12 12 8 1 3 4 1 2 6 11 15 11 13 14 12 14 14 
2 14 1 0 -3 0 -10 5 11 11 2 -6 9 2 1 12 0 5 4 -13 
-8 -7 11 4 2 9 -9 -13 6 5 12 8 11 4 11 1 -12 12 14 4 
7 -8 2 0 11 9 5 4 15 0 4 -2 9 13 11 9 2 1 8 2 
-13 3 5 -12 13 14 6 12 12 -6 -3 5 -7 -2 15 9 -3 4 5 8 
9 -10 0 7 15 13 4 0 10 -12 -5 0 4 8 7 -9 -11 3 -14 7 
8 13 3 -6 10 6 -14 1 -7 11 -8 1 3 10 10 10 9 13 3 6 
11 -12 4 11 2 2 9 7 5 -13 -8 14 15 3 13 6 1 -5 -5 6 
50
8
17 3
3 1
3 9
8 5
0 18
6 12
14 8
12 14
2 16
16 18
16 10
11 14
19 1
13 7
5 11
7 5
20
12 5 15
13 2 16
8 3 8
6 15 13
19 17 14
9 19 12
0 8 8
11 5 14
1 15 14
2 19 16
7 14 15
6 17 16
11 16 8
13 4 13
0 2 14
10 0 12
19 11 8
8 14 14
18 4 14
17 0 16
28
16 9
16 15
14 18
0 5
2 10
1 9
0 9
14 12
5 17
18 7
9 10
6 5
6 16
11 12
3 10
3 4
5 1
19 14
17 9
18 10
19 10
5 7
14 2
1 12
10 9
13 14
13 3
8 7
