20 20
-15 22 5 2 10 17 2 -5 6 11 0 -24 18 -13 13 -18 13 15 -25 -19 
-3 -24 8 2 17 3 -3 23 2 -25 16 -19 -8 24 2 -12 -3 25 18 -10 
-11 16 15 20 9 7 4 19 12 0 20 -13 -2 11 3 7 9 -25 -9 25 
26 24 -21 1 5 3 17 -2 7 20 11 6 -12 21 -7 2 7 11 10 25 
17 18 -12 3 23 9 26 1 16 18 7 -18 3 18 9 3 16 -15 26 -2 
-25 19 6 -22 9 15 0 26 3 3 25 8 1 -15 6 21 10 23 -18 10 
19 25 20 3 25 18 -8 18 -11 -14 6 -10 9 7 22 -7 -9 18 15 22 
16 8 -1 10 12 15 23 10 -22 5 25 24 -23 17 1 6 -19 2 17 11 
-9 21 15 2 21 6 11 21 8 2 16 10 23 16 7 -10 19 5 5 14 
17 13 10 10 9 24 22 -12 24 14 -4 18 15 5 -3 8 -14 25 23 26 
26 23 25 -14 8 -3 5 15 18 -4 14 24 -12 22 24 9 10 10 13 17 
14 5 5 19 -10 7 16 23 10 16 2 8 21 11 6 21 2 15 21 -9 
11 17 2 -19 6 1 17 -23 24 25 5 -22 10 23 15 12 10 -1 8 16 
22 15 18 -9 -7 22 7 9 -10 6 -14 -11 18 -8 18 25 3 20 25 19 
10 -18 23 10 21 6 -15 1 8 25 3 3 26 0 15 9 -22 6 19 -25 
-2 26 -15 16 3 9 18 3 -18 7 18 16 1 26 9 23 3 -12 18 17 
25 10 11 7 2 -7 21 -12 6 11 20 7 -2 17 3 5 1 -21 24 26 
25 -9 -25 9 7 3 11 -2 -13 20 0 12 19 4 7 9 20 15 16 -11 
-10 18 25 -3 -12 2 24 -8 -19 16 -25 2 23 -3 3 17 2 8 -24 -3 
-19 -25 15 13 -18 13 -13 18 -24 0 11 6 -5 2 17 10 2 5 22 -15 
56
6
3 19
4 9
18 5
1 16
4 10
12 0
16 0
15 10
1 14
18 3
15 9
7 19
10
18 15 9
9 10 13
11 2 12
12 15 15
10 13 11
1 4 9
10 9 13
8 17 12
7 4 15
9 6 11
32
13 1
16 5
7 9
12 18
5 17
16 15
19 12
9 8
2 11
10 1
1 6
1 19
15 0
0 6
12 8
11 12
6 18
3 14
12 10
7 1
14 2
3 4
0 7
10 11
17 8
9 18
18 13
18 0
4 19
19 13
7 11
8 7
