20 20
19 8 -20 14 18 25 -3 -22 30 15 13 25 27 26 -15 10 17 23 11 17 
-26 0 -24 2 -17 13 27 25 1 -17 21 25 23 8 30 10 17 1 19 4 
-5 12 6 -3 25 3 14 22 -4 13 20 12 15 -9 17 9 0 26 9 3 
9 -6 20 -8 25 2 3 30 9 23 6 -17 11 12 25 -27 9 -2 10 9 
15 14 0 -30 14 1 30 18 18 24 29 2 9 0 7 -7 19 30 23 -28 
8 -28 23 25 5 -30 18 6 5 -13 -4 16 19 6 26 5 -30 27 14 7 
17 22 27 9 21 18 25 3 -3 5 30 13 3 -14 7 11 12 -5 20 14 
-5 2 26 26 2 23 26 -29 6 18 7 7 -10 13 14 19 14 1 20 27 
7 20 12 -16 -12 1 -10 -20 2 -27 1 -20 -28 9 25 -24 27 30 20 20 
4 5 13 -7 1 9 27 -29 2 -9 23 27 23 6 -8 0 17 24 -5 16 
16 -5 24 17 0 -8 6 23 27 23 -9 2 -29 27 9 1 -7 13 5 4 
20 20 30 27 -24 25 9 -28 -20 1 -27 2 -20 -10 1 -12 -16 12 20 7 
27 20 1 14 19 14 13 -10 7 7 18 6 -29 26 23 2 26 26 2 -5 
14 20 -5 12 11 7 -14 3 13 30 5 -3 3 25 18 21 9 27 22 17 
7 14 27 -30 5 26 6 19 16 -4 -13 5 6 18 -30 5 25 23 -28 8 
-28 23 30 19 -7 7 0 9 2 29 24 18 18 30 1 14 -30 0 14 15 
9 10 -2 9 -27 25 12 11 -17 6 23 9 30 3 2 25 -8 20 -6 9 
3 9 26 0 9 17 -9 15 12 20 13 -4 22 14 3 25 -3 6 12 -5 
4 19 1 17 10 30 8 23 25 21 -17 1 25 27 13 -17 2 -24 0 -26 
17 11 23 17 10 -15 26 27 25 13 15 30 -22 -3 25 18 14 -20 8 19 
42
4
0 19
19 10
6 9
3 13
19 0
0 9
13 10
16 6
18
15 9 10
15 19 12
2 6 14
18 17 11
11 14 16
2 13 8
18 3 16
14 16 12
17 0 9
4 10 10
4 0 12
17 13 14
1 2 11
8 5 16
17 6 8
1 16 16
5 3 12
2 19 9
28
19 15
16 3
17 9
8 0
6 1
4 18
2 12
10 13
19 4
1 13
19 3
0 5
16 1
3 6
0 4
3 16
2 10
11 19
13 18
15 1
17 7
9 6
0 15
18 6
0 16
19 14
3 18
16 13
