20 20
14 8 3 20 13 2 21 19 10 10 2 6 7 14 -14 -25 16 -18 7 17 
-15 28 20 18 -25 3 25 23 13 -24 -17 11 11 -19 20 16 24 2 -4 -4 
27 25 -11 25 16 13 1 1 -8 9 6 28 24 23 19 -4 28 10 -16 17 
23 -16 19 10 -24 27 15 7 4 0 19 -5 23 3 5 -25 19 -1 -1 13 
24 -6 -1 9 14 21 10 -4 -17 2 26 20 3 19 -25 22 3 4 -21 18 
13 19 12 -8 25 -28 11 -12 3 11 8 -5 28 16 7 7 4 -6 18 8 
11 -8 -23 27 16 18 9 16 6 -3 -24 27 -28 20 -12 16 -6 17 11 21 
9 14 22 26 15 19 -17 -8 16 23 -27 6 22 28 5 18 -4 -12 2 18 
27 22 15 27 14 23 -9 -14 3 0 24 25 10 -22 28 10 24 17 9 -12 
18 3 9 17 25 16 13 5 12 -5 21 28 -18 -24 16 28 13 -5 -8 -5 
-5 -8 -5 13 28 16 -24 -18 28 21 -5 12 5 13 16 25 17 9 3 18 
-12 9 17 24 10 28 -22 10 25 24 0 3 -14 -9 23 14 27 15 22 27 
18 2 -12 -4 18 5 28 22 6 -27 23 16 -8 -17 19 15 26 22 14 9 
21 11 17 -6 16 -12 20 -28 27 -24 -3 6 16 9 18 16 27 -23 -8 11 
8 18 -6 4 7 7 16 28 -5 8 11 3 -12 11 -28 25 -8 12 19 13 
18 -21 4 3 22 -25 19 3 20 26 2 -17 -4 10 21 14 9 -1 -6 24 
13 -1 -1 19 -25 5 3 23 -5 19 0 4 7 15 27 -24 10 19 -16 23 
17 -16 10 28 -4 19 23 24 28 6 9 -8 1 1 13 16 25 -11 25 27 
-4 -4 2 24 16 20 -19 11 11 -17 -24 13 23 25 3 -25 18 20 28 -15 
17 7 -18 16 -25 -14 14 7 6 2 10 10 19 21 2 13 20 3 8 14 
30
4
18 6
1 4
1 17
14 17
1 13
18 15
18 2
5 2
6
14 4 16
6 5 11
1 10 13
5 15 16
13 14 11
18 9 13
38
6 11
12 2
6 3
19 11
5 16
13 7
16 3
19 13
16 17
0 2
11 13
11 18
10 0
12 3
11 4
5 6
8 16
19 15
9 7
13 8
7 17
13 16
0 8
14 3
6 12
3 16
0 6
3 2
19 17
8 6
8 1
9 19
7 16
8 15
14 13
11 3
0 4
10 12
