20 20
-3 3 -4 6 6 12 21 26 25 14 21 25 -1 19 -4 12 -20 13 -17 15 
21 26 24 19 3 7 20 13 17 11 6 19 17 11 -15 23 9 -7 22 -15 
-23 24 -15 3 13 4 -7 25 3 19 24 7 -21 25 22 11 6 19 5 21 
14 4 -26 9 14 18 -3 2 -11 -5 -22 10 -16 24 12 -1 15 15 15 5 
-9 14 26 -14 6 0 3 21 11 -13 3 12 20 19 1 4 25 4 3 8 
26 19 1 18 3 12 0 -9 3 1 22 16 9 4 13 21 11 7 7 2 
21 14 21 0 18 20 0 4 -19 3 6 -19 23 13 11 -19 3 -16 18 8 
6 0 17 -11 1 18 -23 -11 13 7 -16 26 22 8 -13 5 5 23 5 9 
12 -3 2 6 11 1 15 12 15 25 -24 10 4 8 -1 8 3 1 -14 26 
7 23 22 13 25 9 7 16 7 -10 -9 18 -20 -1 26 19 11 26 13 -26 
-26 13 26 11 19 26 -1 -20 18 -9 -10 7 16 7 9 25 13 22 23 7 
26 -14 1 3 8 -1 8 4 10 -24 25 15 12 15 1 11 6 2 -3 12 
9 5 23 5 5 -13 8 22 26 -16 7 13 -11 -23 18 1 -11 17 0 6 
8 18 -16 3 -19 11 13 23 -19 6 3 -19 4 0 20 18 0 21 14 21 
2 7 7 11 21 13 4 9 16 22 1 3 -9 0 12 3 18 1 19 26 
8 3 4 25 4 1 19 20 12 3 -13 11 21 3 0 6 -14 26 14 -9 
5 15 15 15 -1 12 24 -16 10 -22 -5 -11 2 -3 18 14 9 -26 4 14 
21 5 19 6 11 22 25 -21 7 24 19 3 25 -7 4 13 3 -15 24 -23 
-15 22 -7 9 23 -15 11 17 19 6 11 17 13 20 7 3 19 24 26 21 
15 -17 13 -20 12 -4 19 -1 25 21 14 25 26 21 12 6 6 -4 3 -3 
43
8
9 12
11 5
12 6
5 13
0 7
13 2
15 6
17 12
10 7
8 14
7 13
14 6
19 12
6 17
4 13
2 7
12
1 6 15
15 5 13
10 2 9
9 13 11
17 13 16
17 7 14
18 13 15
4 14 13
9 17 9
10 6 11
2 6 16
2 12 14
26
0 8
13 9
15 14
15 4
11 15
19 14
19 3
11 14
16 15
13 7
2 5
4 6
18 7
19 11
6 10
4 5
4 15
8 4
0 5
0 16
8 5
3 4
6 12
17 14
15 13
1 12
