20 20
3 2 3 5 3 -1 6 5 -3 5 -4 5 4 1 -2 1 -4 1 -5 -1 
3 5 4 5 2 2 -6 4 -5 3 6 3 6 1 -4 -3 6 1 6 2 
4 1 1 0 5 0 6 1 -6 3 6 2 3 4 1 1 3 4 1 2 
2 4 6 0 1 0 6 3 3 2 2 1 3 -5 4 -4 -5 -5 6 3 
0 2 2 4 4 1 2 -5 6 0 6 1 4 -2 -3 4 6 6 -3 0 
4 6 3 6 2 6 -6 5 2 -3 2 0 0 2 -6 2 1 -6 -3 3 
-6 4 3 1 6 -4 6 2 -5 -4 1 1 4 -1 4 4 5 6 0 1 
4 -2 5 -1 -6 1 1 3 5 -2 0 6 5 -3 6 -2 6 4 1 3 
-5 5 -1 -3 2 4 -2 4 -1 1 3 4 6 6 6 6 3 4 1 -4 
2 -1 5 1 4 3 2 3 3 6 1 2 5 2 -2 4 1 -1 3 -2 
-2 3 -1 1 4 -2 2 5 2 1 6 3 3 2 3 4 1 5 -1 2 
-4 1 4 3 6 6 6 6 4 3 1 -1 4 -2 4 2 -3 -1 5 -5 
3 1 4 6 -2 6 -3 5 6 0 -2 5 3 1 1 -6 -1 5 -2 4 
1 0 6 5 4 4 -1 4 1 1 -4 -5 2 6 -4 6 1 3 4 -6 
3 -3 -6 1 2 -6 2 0 0 2 -3 2 5 -6 6 2 6 3 6 4 
0 -3 6 6 4 -3 -2 4 1 6 0 6 -5 2 1 4 4 2 2 0 
3 6 -5 -5 -4 4 -5 3 1 2 2 3 3 6 0 1 0 6 4 2 
2 1 4 3 1 1 4 3 2 6 3 -6 1 6 0 5 0 1 1 4 
2 6 1 6 -3 -4 1 6 3 6 3 -5 4 -6 2 2 5 4 5 3 
-1 -5 1 -4 1 -2 1 4 5 -4 5 -3 5 6 -1 3 5 3 2 3 
51
4
17 15
0 18
1 17
6 18
2 4
19 1
18 2
13 1
18
15 18 9
16 3 10
0 14 13
5 4 15
0 11 16
5 7 11
7 19 14
3 14 10
2 15 8
4 1 9
3 16 10
19 5 13
14 15 15
19 8 16
14 12 11
12 0 14
16 5 10
17 4 8
30
3 11
1 2
7 13
2 0
10 11
9 15
19 7
8 16
17 1
19 6
12 11
7 1
19 18
0 9
2 12
16 8
18 17
12 6
17 19
9 8
10 4
0 12
11 3
2 18
0 13
7 8
12 18
0 1
19 10
17 7
