20 20
11 -1 23 13 10 11 4 -11 -1 7 -6 5 18 25 26 15 -6 -14 -22 -24 
-7 11 -16 2 14 16 1 0 -20 2 19 10 2 -3 16 2 -17 -14 25 22 
14 12 12 16 20 9 21 11 7 11 8 20 9 21 22 10 -2 8 22 10 
-19 9 -24 15 25 13 -20 -12 8 2 17 26 10 -12 -7 19 24 15 10 8 
4 27 3 23 9 15 -13 -5 20 21 18 7 -9 3 23 4 19 25 12 6 
-5 -17 5 5 24 -27 0 -8 13 12 1 15 14 14 12 11 9 27 25 11 
-15 -8 -11 11 4 23 4 -14 -11 24 20 16 6 -23 25 4 -10 14 -18 -25 
7 -16 8 5 -24 16 11 5 15 -6 21 -12 11 -18 5 26 27 -9 17 -2 
16 9 13 6 16 19 -9 7 -5 20 6 -10 -15 21 -10 -21 -11 18 1 7 
3 -26 24 3 10 23 21 15 15 9 1 9 5 18 3 18 -9 9 13 5 
5 13 9 -9 18 3 18 5 9 1 9 15 15 21 23 10 3 24 -26 3 
7 1 18 -11 -21 -10 21 -15 -10 6 20 -5 7 -9 19 16 6 13 9 16 
-2 17 -9 27 26 5 -18 11 -12 21 -6 15 5 11 16 -24 5 8 -16 7 
-25 -18 14 -10 4 25 -23 6 16 20 24 -11 -14 4 23 4 11 -11 -8 -15 
11 25 27 9 11 12 14 14 15 1 12 13 -8 0 -27 24 5 5 -17 -5 
6 12 25 19 4 23 3 -9 7 18 21 20 -5 -13 15 9 23 3 27 4 
8 10 15 24 19 -7 -12 10 26 17 2 8 -12 -20 13 25 15 -24 9 -19 
10 22 8 -2 10 22 21 9 20 8 11 7 11 21 9 20 16 12 12 14 
22 25 -14 -17 2 16 -3 2 10 19 2 -20 0 1 16 14 2 -16 11 -7 
-24 -22 -14 -6 15 26 25 18 5 -6 7 -1 -11 4 11 10 13 23 -1 11 
49
3
19 16
17 10
12 16
0 3
2 9
7 3
18
19 1 14
7 15 11
12 8 9
16 18 16
7 1 14
2 7 9
10 18 12
14 18 12
15 1 10
0 18 14
12 4 11
7 11 9
3 1 16
12 18 14
17 12 9
9 1 12
5 1 12
4 18 10
28
5 9
18 10
3 11
9 13
4 1
6 13
8 0
1 19
6 19
5 15
14 9
15 11
7 4
7 14
14 10
1 9
16 8
10 6
15 18
13 6
11 19
18 0
13 0
14 4
5 10
4 8
12 15
12 5
