20 20
-14 3 -5 9 -14 -7 13 2 -17 19 13 11 17 7 5 -12 -1 14 -19 10 
-7 16 9 2 18 18 17 16 13 -1 -13 19 -19 15 14 -7 -13 4 7 19 
-4 -13 18 -10 -4 -7 16 19 9 19 -6 12 -9 11 8 19 -19 17 15 2 
-10 12 -9 -13 13 9 -5 -9 -7 14 14 2 -11 13 -14 10 16 10 16 -5 
2 7 -10 9 13 11 15 10 2 7 12 7 3 16 2 5 5 -5 5 18 
8 15 -4 -4 3 15 1 15 0 18 -12 -2 -7 6 19 9 13 9 4 5 
18 14 -6 4 18 17 1 8 15 11 3 14 6 10 19 14 16 1 9 8 
8 -1 3 -11 -4 9 10 -5 11 18 1 -5 8 -11 0 -9 15 -10 -3 11 
6 15 10 2 2 -10 -10 17 17 0 -1 16 8 11 4 6 -17 12 18 19 
-2 1 -16 10 18 9 -8 2 15 4 6 18 -16 17 13 -13 18 -19 2 -17 
-17 2 -19 18 -13 13 17 -16 18 6 4 15 2 -8 9 18 10 -16 1 -2 
19 18 12 -17 6 4 11 8 16 -1 0 17 17 -10 -10 2 2 10 15 6 
11 -3 -10 15 -9 0 -11 8 -5 1 18 11 -5 10 9 -4 -11 3 -1 8 
8 9 1 16 14 19 10 6 14 3 11 15 8 1 17 18 4 -6 14 18 
5 4 9 13 9 19 6 -7 -2 -12 18 0 15 1 15 3 -4 -4 15 8 
18 5 -5 5 5 2 16 3 7 12 7 2 10 15 11 13 9 -10 7 2 
-5 16 10 16 10 -14 13 -11 2 14 14 -7 -9 -5 9 13 -13 -9 12 -10 
2 15 17 -19 19 8 11 -9 12 -6 19 9 19 16 -7 -4 -10 18 -13 -4 
19 7 4 -13 -7 14 15 -19 19 -13 -1 13 16 17 18 18 2 9 16 -7 
10 -19 14 -1 -12 5 7 17 11 13 19 -17 2 13 -7 -14 9 -5 3 -14 
50
8
2 0
1 8
1 3
5 2
9 14
18 13
12 1
14 7
17 19
18 11
18 16
14 17
10 5
1 6
7 18
5 12
8
3 2 8
11 3 15
1 7 11
13 18 16
16 17 8
8 16 15
18 12 11
6 1 16
30
0 4
4 11
8 5
10 15
8 0
15 2
16 15
12 8
8 15
15 5
0 18
17 12
4 0
7 3
7 2
19 15
15 8
11 14
9 4
11 19
4 17
3 4
7 11
11 4
4 14
19 1
2 7
15 19
12 16
12 17
