20 20
4 3 -6 7 7 2 1 6 2 7 5 -5 7 -3 -3 6 -6 -6 6 -4 
8 3 -1 6 7 6 7 8 2 7 7 1 4 1 7 1 4 8 1 6 
8 7 5 -1 0 0 6 -5 8 1 5 2 6 8 1 -7 8 -8 4 4 
4 1 -3 7 -5 3 -6 3 5 1 -4 6 -8 6 -4 8 3 4 -5 -5 
-8 2 7 -5 3 4 -4 -6 3 5 -6 -8 -5 -7 1 2 -4 5 6 2 
6 -1 -1 0 2 7 7 1 4 -5 7 1 8 0 3 3 1 2 4 1 
-7 -7 1 1 -8 6 -6 6 4 0 2 4 -5 8 8 4 5 1 1 -2 
3 3 3 7 7 2 -8 6 4 3 2 6 3 5 4 0 8 8 -1 8 
2 -1 6 4 -4 5 1 7 3 4 8 4 8 1 7 -8 6 3 6 3 
-2 -5 3 -7 7 -3 1 3 1 2 8 3 -3 2 6 4 -6 3 5 0 
0 5 3 -6 4 6 2 -3 3 8 2 1 3 1 -3 7 -7 3 -5 -2 
3 6 3 6 -8 7 1 8 4 8 4 3 7 1 5 -4 4 6 -1 2 
8 -1 8 8 0 4 5 3 6 2 3 4 6 -8 2 7 7 3 3 3 
-2 1 1 5 4 8 8 -5 4 2 0 4 6 -6 6 -8 1 1 -7 -7 
1 4 2 1 3 3 0 8 1 7 -5 4 1 7 7 2 0 -1 -1 6 
2 6 5 -4 2 1 -7 -5 -8 -6 5 3 -6 -4 4 3 -5 7 2 -8 
-5 -5 4 3 8 -4 6 -8 6 -4 1 5 3 -6 3 -5 7 -3 1 4 
4 4 -8 8 -7 1 8 6 2 5 1 8 -5 6 0 0 -1 5 7 8 
6 1 8 4 1 7 1 4 1 7 7 2 8 7 6 7 6 -1 3 8 
-4 6 -6 -6 6 -3 -3 7 -5 5 7 2 6 1 2 7 7 -6 3 4 
45
7
15 16
14 15
18 1
2 17
19 9
3 16
12 11
4 3
5 4
1 18
17 2
0 10
16 3
7 8
18
7 3 11
12 19 16
1 7 12
18 0 12
15 14 14
2 4 14
1 6 15
1 14 11
14 4 10
12 16 11
7 0 16
18 12 12
1 19 12
4 5 14
17 15 14
18 13 15
18 5 11
5 15 10
28
5 11
4 10
17 0
12 8
13 16
13 2
13 4
19 14
11 0
0 15
6 8
15 6
3 6
8 16
14 8
15 9
2 19
7 11
6 3
6 17
6 15
0 5
8 19
19 4
13 11
4 13
16 13
11 3
