20 20
2 -1 -1 3 -1 3 -3 -3 0 -2 3 0 -2 2 -1 -1 1 1 3 2 
-3 2 3 3 0 1 1 1 2 2 2 3 2 2 2 -2 -1 1 1 1 
2 2 2 0 0 0 3 0 2 2 2 3 3 1 1 2 3 0 -3 -1 
1 3 2 -3 -3 1 2 1 0 3 -3 3 3 1 1 2 -2 1 -3 2 
-1 3 3 0 -3 -3 1 2 1 -2 3 2 3 2 2 3 1 2 2 -2 
-2 0 3 2 3 0 1 2 3 0 3 1 0 3 0 2 0 -3 0 1 
2 1 -2 2 0 0 0 1 -1 -3 1 -2 3 0 3 2 1 -1 -1 1 
3 -2 0 -1 1 2 -1 0 0 1 3 0 3 2 -1 3 -2 1 3 3 
2 -3 -2 0 -1 -1 3 -2 -1 3 2 3 -1 0 1 1 1 1 -3 2 
-3 -3 1 -1 2 2 2 2 2 3 0 0 2 -1 0 0 1 2 -1 2 
2 -1 2 1 0 0 -1 2 0 0 3 2 2 2 2 2 -1 1 -3 -3 
2 -3 1 1 1 1 0 -1 3 2 3 -1 -2 3 -1 -1 0 -2 -3 2 
3 3 1 -2 3 -1 2 3 0 3 1 0 0 -1 2 1 -1 0 -2 3 
1 -1 -1 1 2 3 0 3 -2 1 -3 -1 1 0 0 0 2 -2 1 2 
1 0 -3 0 2 0 3 0 1 3 0 3 2 1 0 3 2 3 0 -2 
-2 2 2 1 3 2 2 3 2 3 -2 1 2 1 -3 -3 0 3 3 -1 
2 -3 1 -2 2 1 1 3 3 -3 3 0 1 2 1 -3 -3 2 3 1 
-1 -3 0 3 2 1 1 3 3 2 2 2 0 3 0 0 0 2 2 2 
1 1 1 -1 -2 2 2 2 3 2 2 2 1 1 1 0 3 3 2 -3 
2 3 1 1 -1 -1 2 -2 0 3 -2 0 -3 -3 3 -1 3 -1 -1 2 
42
6
9 15
10 14
18 17
11 8
16 5
15 8
10 4
9 5
1 2
8 11
3 14
4 11
12
3 7 16
8 7 8
7 4 10
1 10 9
19 4 16
8 10 13
16 12 16
11 12 8
12 15 10
18 9 9
0 15 16
11 9 13
40
1 6
6 7
2 19
13 6
0 16
3 18
7 8
19 12
3 0
8 4
5 3
13 9
0 17
12 3
17 6
1 16
13 0
16 17
0 6
10 8
18 13
13 12
17 0
6 13
19 3
16 1
12 11
0 7
16 19
11 15
14 16
6 10
19 2
7 16
2 13
18 3
6 19
3 2
19 13
9 11
