20 20
1 -1 1 0 3 3 -3 1 2 3 3 3 1 -3 1 1 -2 2 1 3 
-2 -3 2 2 3 0 0 -2 3 3 3 2 -2 2 1 1 2 1 1 3 
-3 1 2 -1 0 -1 -3 2 -2 2 -2 3 -2 0 1 3 3 -1 -2 2 
0 1 0 1 3 1 3 -2 1 0 2 1 1 0 1 3 1 1 -3 0 
2 -2 1 -3 0 0 1 -2 2 -1 3 0 3 3 -3 1 -2 -2 1 -3 
2 2 3 -2 1 -1 2 3 0 1 3 3 -2 2 1 2 1 3 2 1 
2 1 2 0 3 1 2 -3 2 0 3 2 2 2 3 2 1 3 3 3 
1 -3 2 3 3 0 2 2 2 1 -3 1 -3 3 1 1 1 -2 1 1 
3 0 1 2 3 3 1 1 3 1 3 1 -2 2 0 2 1 1 1 1 
3 2 2 3 2 0 1 2 0 3 1 3 -1 2 2 0 0 1 -1 2 
2 -1 1 0 0 2 2 -1 3 1 3 0 2 1 0 2 3 2 2 3 
1 1 1 1 2 0 2 -2 1 3 1 3 1 1 3 3 2 1 0 3 
1 1 -2 1 1 1 3 -3 1 -3 1 2 2 2 0 3 3 2 -3 1 
3 3 3 1 2 3 2 2 2 3 0 2 -3 2 1 3 0 2 1 2 
1 2 3 1 2 1 2 -2 3 3 1 0 3 2 -1 1 -2 3 2 2 
-3 1 -2 -2 1 -3 3 3 0 3 -1 2 -2 1 0 0 -3 1 -2 2 
0 -3 1 1 3 1 0 1 1 2 0 1 -2 3 1 3 1 0 1 0 
2 -2 -1 3 3 1 0 -2 3 -2 2 -2 2 -3 -1 0 -1 2 1 -3 
3 1 1 2 1 1 2 -2 2 3 3 3 -2 0 0 3 2 2 -3 -2 
3 1 2 -2 1 1 -3 1 3 3 3 2 1 -3 3 3 0 1 -1 1 
47
8
15 7
8 11
17 9
7 5
12 1
16 5
0 6
12 13
4 12
11 8
2 10
12 14
7 18
3 14
19 13
7 6
12
5 18 15
11 10 11
9 0 8
11 6 16
18 12 16
13 17 11
14 1 15
8 9 11
10 19 8
8 13 16
1 7 16
6 2 11
34
14 11
14 4
19 15
15 18
12 17
17 5
11 15
14 6
15 1
12 9
12 3
19 17
2 7
1 14
9 12
16 2
4 14
5 8
5 15
0 4
4 1
7 2
2 14
8 4
5 13
4 18
7 10
7 16
0 2
17 12
18 5
10 7
3 17
15 5
