20 20
12 -7 17 5 16 17 19 2 -15 17 7 -13 0 -1 -3 15 4 -19 -13 10 
6 16 4 1 16 7 -13 3 -6 19 -13 -14 -10 -13 9 10 7 -5 13 13 
12 2 18 0 5 3 12 -11 1 19 18 20 -16 -10 10 -6 7 3 14 6 
4 -19 0 -1 4 10 16 2 8 16 19 -3 7 14 -12 -10 6 16 8 17 
17 11 15 16 18 12 16 17 20 16 -14 -8 5 -18 1 5 6 -15 17 -16 
14 13 -6 1 18 -20 2 16 17 13 19 2 5 3 20 3 19 -18 20 13 
1 0 -11 14 3 3 18 20 -2 -1 2 4 15 1 15 11 20 10 7 5 
19 9 12 1 3 10 5 20 2 -12 2 1 3 14 3 9 13 9 -14 -1 
-7 10 -19 -6 2 -4 0 2 5 -19 10 4 20 7 -1 -2 16 3 16 -14 
11 15 1 13 18 -17 9 9 0 19 13 16 4 -10 -8 18 18 -14 -4 -18 
-18 -4 -14 18 18 -8 -10 4 16 13 19 0 9 9 -17 18 13 1 15 11 
-14 16 3 16 -2 -1 7 20 4 10 -19 5 2 0 -4 2 -6 -19 10 -7 
-1 -14 9 13 9 3 14 3 1 2 -12 2 20 5 10 3 1 12 9 19 
5 7 10 20 11 15 1 15 4 2 -1 -2 20 18 3 3 14 -11 0 1 
13 20 -18 19 3 20 3 5 2 19 13 17 16 2 -20 18 1 -6 13 14 
-16 17 -15 6 5 1 -18 5 -8 -14 16 20 17 16 12 18 16 15 11 17 
17 8 16 6 -10 -12 14 7 -3 19 16 8 2 16 10 4 -1 0 -19 4 
6 14 3 7 -6 10 -10 -16 20 18 19 1 -11 12 3 5 0 18 2 12 
13 13 -5 7 10 9 -13 -10 -14 -13 19 -6 3 -13 7 16 1 4 16 6 
10 -13 -19 4 15 -3 -1 0 -13 7 17 -15 2 19 17 16 5 17 -7 12 
39
7
13 14
17 16
12 7
6 0
16 10
14 10
19 1
6 5
2 3
7 12
13 19
3 9
5 9
0 18
12
12 10 8
3 6 13
12 14 8
19 6 13
1 2 14
3 16 9
7 9 8
16 13 13
7 5 8
0 13 13
18 17 14
16 3 9
32
2 19
3 0
6 12
14 8
9 13
15 14
9 8
17 12
19 3
13 9
2 12
9 10
0 9
9 7
11 19
14 6
17 0
16 19
13 7
5 11
10 6
4 5
10 11
2 7
0 16
6 10
17 7
10 9
19 10
10 12
8 0
5 13
