20 20
11 13 0 14 5 15 -13 11 1 5 10 -10 3 -2 -2 2 3 14 -12 13 
5 -1 10 5 15 4 2 11 1 10 -9 13 6 14 6 8 15 15 1 3 
0 -15 6 12 12 4 8 2 14 12 4 8 6 6 5 -6 15 -3 -14 15 
3 -7 0 11 7 -10 12 14 12 10 13 0 12 0 -10 13 -14 14 9 -2 
12 8 15 -9 13 -11 4 6 -12 -10 3 10 3 -2 -7 13 15 -8 10 -14 
-7 -14 -1 8 -1 -7 -1 9 9 -7 -15 -9 -13 10 -9 13 2 13 11 -12 
-7 4 7 11 -4 3 9 -3 -5 1 -12 6 10 13 -3 -13 4 15 14 8 
13 10 6 5 3 6 11 4 -2 8 -10 8 9 2 8 11 3 12 4 0 
2 0 3 4 7 7 -9 -9 8 15 13 -3 7 11 10 -12 -8 15 6 14 
15 15 -6 9 13 4 2 15 -2 0 -1 8 11 3 7 -10 1 7 1 12 
12 1 7 1 -10 7 3 11 8 -1 0 -2 15 2 4 13 9 -6 15 15 
14 6 15 -8 -12 10 11 7 -3 13 15 8 -9 -9 7 7 4 3 0 2 
0 4 12 3 11 8 2 9 8 -10 8 -2 4 11 6 3 5 6 10 13 
8 14 15 4 -13 -3 13 10 6 -12 1 -5 -3 9 3 -4 11 7 4 -7 
-12 11 13 2 13 -9 10 -13 -9 -15 -7 9 9 -1 -7 -1 8 -1 -14 -7 
-14 10 -8 15 13 -7 -2 3 10 3 -10 -12 6 4 -11 13 -9 15 8 12 
-2 9 14 -14 13 -10 0 12 0 13 10 12 14 12 -10 7 11 0 -7 3 
15 -14 -3 15 -6 5 6 6 8 4 12 14 2 8 4 12 12 6 -15 0 
3 1 15 15 8 6 14 6 13 -9 10 1 11 2 4 15 5 10 -1 5 
13 -12 14 3 2 -2 -2 3 -10 10 5 1 11 -13 15 5 14 0 13 11 
47
4
16 10
5 2
17 5
13 7
3 9
14 17
2 14
6 12
12
18 3 13
13 16 10
19 14 13
11 13 12
3 11 8
2 4 15
1 16 13
6 3 10
0 5 13
8 6 12
16 8 8
17 15 15
30
6 18
9 18
13 4
4 3
19 0
7 2
4 5
10 8
14 5
13 5
15 19
17 7
19 17
19 7
7 17
13 1
10 1
6 15
15 16
0 19
12 17
15 14
9 11
5 14
6 14
4 0
2 12
0 2
0 12
12 2
