20 20
1 2 3 1 -1 0 -2 3 1 5 2 2 1 2 4 4 -4 -2 1 5 
1 2 3 0 4 1 2 4 3 1 1 0 0 2 0 1 -1 -3 1 1 
4 4 1 2 -5 5 -4 3 2 -1 5 -1 5 2 1 5 5 5 1 4 
2 4 4 -3 5 -1 2 3 5 -1 -4 3 0 4 0 -2 3 3 -1 -5 
2 1 4 4 0 5 -2 2 -3 2 4 5 4 5 4 0 -2 4 1 3 
-2 4 1 3 2 4 5 2 -4 -4 -1 -3 5 5 1 2 -5 -4 3 3 
-4 3 4 0 -4 0 1 3 5 0 5 3 3 -1 -2 2 4 3 4 5 
-1 3 3 3 0 3 4 -5 1 2 -4 -3 3 -3 -1 1 1 5 2 4 
0 0 2 5 1 1 -4 5 3 3 5 3 2 2 1 -3 2 4 4 5 
3 0 2 4 2 2 0 1 2 -3 1 -3 1 2 5 5 1 3 0 3 
3 0 3 1 5 5 2 1 -3 1 -3 2 1 0 2 2 4 2 0 3 
5 4 4 2 -3 1 2 2 3 5 3 3 5 -4 1 1 5 2 0 0 
4 2 5 1 1 -1 -3 3 -3 -4 2 1 -5 4 3 0 3 3 3 -1 
5 4 3 4 2 -2 -1 3 3 5 0 5 3 1 0 -4 0 4 3 -4 
3 3 -4 -5 2 1 5 5 -3 -1 -4 -4 2 5 4 2 3 1 4 -2 
3 1 4 -2 0 4 5 4 5 4 2 -3 2 -2 5 0 4 4 1 2 
-5 -1 3 3 -2 0 4 0 3 -4 -1 5 3 2 -1 5 -3 4 4 2 
4 1 5 5 5 1 2 5 -1 5 -1 2 3 -4 5 -5 2 1 4 4 
1 1 -3 -1 1 0 2 0 0 1 1 3 4 2 1 4 0 3 2 1 
5 1 -2 -4 4 4 2 1 2 2 5 1 3 -2 0 -1 1 3 2 1 
56
6
14 10
15 9
12 1
6 12
3 15
13 9
5 9
4 10
7 18
13 7
16 4
6 10
20
14 17 8
16 10 8
3 7 15
13 4 11
8 1 11
3 4 16
15 1 14
19 8 12
5 11 11
12 8 10
5 2 8
3 9 8
16 12 15
6 15 11
11 18 11
16 15 16
4 18 14
0 11 12
14 8 11
7 11 10
34
0 18
4 14
8 18
1 17
13 11
17 12
0 12
17 6
12 19
7 1
5 13
19 11
3 17
12 5
13 15
8 15
15 2
19 1
15 5
11 1
18 2
6 8
2 7
19 7
2 13
7 0
12 18
14 6
0 8
16 2
7 14
6 4
11 4
4 17
