20 20
5 0 19 14 0 22 17 10 5 15 2 -7 -14 15 -8 2 15 22 2 12 
3 10 1 23 15 21 -1 8 24 1 -12 1 0 -23 -14 1 9 0 9 10 
-13 6 18 14 24 6 -9 24 13 18 2 23 26 -5 28 12 3 28 25 10 
28 15 13 -8 -19 4 23 28 -20 -17 22 1 26 -11 -22 20 19 -23 -9 1 
6 14 11 -26 28 5 20 22 17 9 22 0 25 -16 -25 8 11 -3 -28 14 
-23 1 25 25 -15 20 10 -28 25 13 -10 15 -15 21 8 17 1 19 27 14 
-8 28 -11 22 4 6 20 5 -3 13 10 -3 3 21 9 0 -4 26 -24 -27 
11 -26 2 -19 26 3 -11 18 10 -21 -3 15 21 19 -20 -14 14 -8 28 9 
23 9 -18 -10 27 16 6 19 -7 3 22 24 12 20 4 20 2 15 5 21 
13 9 4 4 26 18 16 15 3 23 8 19 13 -9 -12 16 -7 5 -17 25 
25 -17 5 -7 16 -12 -9 13 19 8 23 3 15 16 18 26 4 4 9 13 
21 5 15 2 20 4 20 12 24 22 3 -7 19 6 16 27 -10 -18 9 23 
9 28 -8 14 -14 -20 19 21 15 -3 -21 10 18 -11 3 26 -19 2 -26 11 
-27 -24 26 -4 0 9 21 3 -3 10 13 -3 5 20 6 4 22 -11 28 -8 
14 27 19 1 17 8 21 -15 15 -10 13 25 -28 10 20 -15 25 25 1 -23 
14 -28 -3 11 8 -25 -16 25 0 22 9 17 22 20 5 28 -26 11 14 6 
1 -9 -23 19 20 -22 -11 26 1 22 -17 -20 28 23 4 -19 -8 13 15 28 
10 25 28 3 12 28 -5 26 23 2 18 13 24 -9 6 24 14 18 6 -13 
10 9 0 9 1 -14 -23 0 1 -12 1 24 8 -1 21 15 23 1 10 3 
12 2 22 15 2 -8 15 -14 -7 2 15 5 10 17 22 0 14 19 0 5 
58
7
3 11
17 6
1 7
17 8
18 11
3 15
18 13
16 8
2 13
18 12
2 11
1 8
16 4
1 6
18
4 12 13
4 2 11
8 12 13
0 18 10
1 11 12
19 18 14
5 0 9
11 10 11
2 0 12
15 7 13
15 17 11
11 7 13
19 1 10
18 8 12
0 1 14
14 19 9
8 9 11
17 19 12
32
12 5
11 0
15 11
18 9
3 17
8 13
16 9
1 2
17 0
17 1
12 13
9 17
6 5
4 5
17 9
0 19
7 14
8 19
4 8
1 10
16 2
11 6
3 10
18 17
2 19
2 18
7 6
10 2
13 14
15 14
2 10
19 0
