20 20
9 -3 18 11 11 10 6 3 16 5 16 2 -5 17 -5 6 -11 4 21 -18 
10 21 19 -8 -18 18 15 -10 -8 12 -12 -4 23 17 22 -9 2 18 -5 24 
9 11 14 24 1 -23 -15 24 18 4 2 23 3 8 24 20 -15 6 3 8 
5 21 7 15 21 9 20 -2 3 6 5 17 13 -23 17 -2 -13 15 16 -16 
24 19 -8 -13 21 23 6 16 -11 15 19 24 2 1 -8 -18 22 15 9 5 
13 7 -1 17 -19 9 -2 -14 14 6 19 6 21 3 23 -9 24 18 -23 3 
24 24 24 -21 -2 0 10 21 10 4 9 11 4 22 13 22 1 15 15 9 
21 8 22 16 -7 1 0 -23 -9 0 12 -4 18 10 17 22 16 17 -20 2 
-21 16 12 24 19 20 -4 -16 12 22 22 -3 6 8 21 12 3 20 4 15 
0 10 22 -8 22 -12 -23 -19 -18 6 4 1 -1 14 14 6 23 8 10 16 
16 10 8 23 6 14 14 -1 1 4 6 -18 -19 -23 -12 22 -8 22 10 0 
15 4 20 3 12 21 8 6 -3 22 22 12 -16 -4 20 19 24 12 16 -21 
2 -20 17 16 22 17 10 18 -4 12 0 -9 -23 0 1 -7 16 22 8 21 
9 15 15 1 22 13 22 4 11 9 4 10 21 10 0 -2 -21 24 24 24 
3 -23 18 24 -9 23 3 21 6 19 6 14 -14 -2 9 -19 17 -1 7 13 
5 9 15 22 -18 -8 1 2 24 19 15 -11 16 6 23 21 -13 -8 19 24 
-16 16 15 -13 -2 17 -23 13 17 5 6 3 -2 20 9 21 15 7 21 5 
8 3 6 -15 20 24 8 3 23 2 4 18 24 -15 -23 1 24 14 11 9 
24 -5 18 2 -9 22 17 23 -4 -12 12 -8 -10 15 18 -18 -8 19 21 10 
-18 21 4 -11 6 -5 17 -5 2 16 5 16 3 6 10 11 11 18 -3 9 
37
8
13 0
3 19
2 17
0 14
10 19
18 7
4 18
19 1
6 19
16 0
17 2
19 5
9 0
1 12
15 1
0 18
18
10 0 9
0 12 13
7 11 15
19 0 8
15 2 13
6 11 9
1 9 10
18 19 9
1 8 16
9 19 9
19 7 13
12 8 15
0 19 8
4 17 13
13 8 9
18 10 10
1 0 9
18 11 16
34
13 18
10 6
16 15
12 6
17 18
14 4
11 10
4 10
9 6
18 5
16 13
8 7
17 16
7 3
12 18
10 3
0 6
6 1
9 13
3 4
7 13
2 1
5 15
8 9
15 9
10 13
1 14
3 6
11 12
2 3
12 16
7 1
9 16
19 13
