20 20
-17 -3 -22 5 2 24 24 5 -20 13 13 27 -17 1 23 6 2 -17 27 22 
18 9 1 27 -23 -21 15 1 -9 26 24 2 22 12 8 -9 -26 -21 0 8 
22 27 23 24 23 -3 12 -1 24 -16 5 25 19 -20 -18 26 19 14 5 10 
27 9 22 -6 17 1 3 6 1 20 17 8 4 20 14 -1 2 8 1 16 
21 15 19 13 8 18 -8 27 -23 13 22 17 -27 -22 2 12 18 5 23 8 
13 6 27 21 11 -23 14 3 27 -7 14 25 -4 16 17 24 0 7 16 20 
21 7 -27 3 -23 17 23 13 -5 21 25 9 -10 11 -1 -22 3 0 -7 2 
26 -11 4 1 23 15 -8 9 24 19 8 -20 5 7 1 20 13 11 2 -23 
23 -6 26 19 -15 24 7 3 25 11 -3 2 23 24 8 -8 -26 27 4 -6 
-13 6 -3 10 -12 21 19 9 21 16 21 -8 15 -2 8 24 22 -1 -2 27 
27 -2 -1 22 24 8 -2 15 -8 21 16 21 9 19 21 -12 10 -3 6 -13 
-6 4 27 -26 -8 8 24 23 2 -3 11 25 3 7 24 -15 19 26 -6 23 
-23 2 11 13 20 1 7 5 -20 8 19 24 9 -8 15 23 1 4 -11 26 
2 -7 0 3 -22 -1 11 -10 9 25 21 -5 13 23 17 -23 3 -27 7 21 
20 16 7 0 24 17 16 -4 25 14 -7 27 3 14 -23 11 21 27 6 13 
8 23 5 18 12 2 -22 -27 17 22 13 -23 27 -8 18 8 13 19 15 21 
16 1 8 2 -1 14 20 4 8 17 20 1 6 3 1 17 -6 22 9 27 
10 5 14 19 26 -18 -20 19 25 5 -16 24 -1 12 -3 23 24 23 27 22 
8 0 -21 -26 -9 8 12 22 2 24 26 -9 1 15 -21 -23 27 1 9 18 
22 27 -17 2 6 23 1 -17 27 13 13 -20 5 24 24 2 5 -22 -3 -17 
35
8
3 1
8 5
12 7
6 2
0 15
11 0
9 19
5 3
16 18
11 14
7 12
13 17
19 4
8 19
10 0
14 16
16
14 11 12
18 2 10
6 5 13
9 15 8
5 6 8
16 2 11
2 16 11
12 6 13
5 8 12
1 17 10
13 14 13
10 4 8
14 13 8
3 17 11
17 3 11
7 13 13
32
7 14
19 14
12 4
6 15
2 17
2 12
11 6
6 3
3 0
16 1
3 11
6 7
17 9
1 3
18 0
5 18
12 5
0 5
7 15
13 4
17 2
17 7
8 13
13 16
16 19
3 18
16 8
13 12
2 10
18 16
1 19
14 1
