20 20
2 -9 6 -8 22 -7 18 -10 11 -11 8 11 12 3 22 -21 17 7 -13 -15 
11 10 1 15 21 4 11 3 -7 0 11 7 -12 1 1 10 6 10 2 11 
20 12 -21 11 -3 -20 11 2 18 -15 16 -17 2 19 -9 -13 -12 18 -4 5 
20 8 2 11 18 -12 12 9 18 20 -4 -21 19 11 20 17 -5 20 -10 -7 
16 -16 21 22 22 12 8 -16 19 -17 22 -11 0 -16 7 22 -12 -1 16 16 
17 13 11 4 19 19 5 15 19 21 -9 17 -21 13 20 22 18 1 9 7 
7 5 19 19 8 5 17 19 18 8 19 0 14 -21 16 1 12 4 15 7 
22 6 -13 11 14 -1 9 17 -12 -11 21 13 -22 13 18 -9 -2 18 -8 -8 
2 -3 4 -14 3 11 19 16 10 3 11 18 21 16 15 9 22 6 -8 -13 
11 0 -22 15 -10 4 11 13 14 -8 6 13 11 -15 5 8 -2 10 5 -5 
-5 5 10 -2 8 5 -15 11 13 6 -8 14 13 11 4 -10 15 -22 0 11 
-13 -8 6 22 9 15 16 21 18 11 3 10 16 19 11 3 -14 4 -3 2 
-8 -8 18 -2 -9 18 13 -22 13 21 -11 -12 17 9 -1 14 11 -13 6 22 
7 15 4 12 1 16 -21 14 0 19 8 18 19 17 5 8 19 19 5 7 
7 9 1 18 22 20 13 -21 17 -9 21 19 15 5 19 19 4 11 13 17 
16 16 -1 -12 22 7 -16 0 -11 22 -17 19 -16 8 12 22 22 21 -16 16 
-7 -10 20 -5 17 20 11 19 -21 -4 20 18 9 12 -12 18 11 2 8 20 
5 -4 18 -12 -13 -9 19 2 -17 16 -15 18 2 11 -20 -3 11 -21 12 20 
11 2 10 6 10 1 1 -12 7 11 0 -7 3 11 4 21 15 1 10 11 
-15 -13 7 17 -21 22 3 12 11 8 -11 11 -10 18 -7 22 -8 6 -9 2 
45
3
4 19
2 16
12 0
15 0
17 3
7 19
10
19 1 14
17 2 14
18 19 8
14 13 10
18 11 13
0 18 14
2 17 14
1 0 8
5 6 10
1 8 13
32
8 14
9 12
14 2
15 4
5 19
12 2
8 5
6 13
10 5
8 18
19 6
0 8
16 3
18 10
2 13
13 18
11 5
10 7
5 17
4 15
14 0
7 17
11 14
13 6
9 14
11 1
0 13
19 11
3 16
1 9
17 6
6 1
