20 20
-13 1 14 15 -16 -6 15 15 16 3 11 22 8 -10 -15 7 -8 23 6 12 
19 4 -13 16 13 17 6 11 13 -14 23 15 21 -5 12 12 0 -18 20 -7 
11 8 4 12 5 6 12 20 20 0 -1 1 22 18 19 6 6 21 13 2 
11 22 13 -16 -1 14 8 -8 3 8 14 17 21 -19 18 23 14 11 0 7 
3 12 9 5 5 11 7 -2 20 23 -2 11 -4 -19 20 14 -17 -17 12 0 
3 12 14 -5 -19 12 2 21 19 7 -5 6 17 13 14 21 -13 -16 23 13 
0 15 10 17 1 17 -8 20 -14 7 10 2 -19 21 23 22 -20 19 -13 5 
1 15 -11 11 5 3 14 17 14 4 8 0 2 -21 17 5 19 16 21 1 
-4 2 0 3 20 14 -20 -4 12 20 7 -21 11 -20 -9 21 21 17 22 19 
-14 2 11 21 20 -23 23 14 7 9 23 1 13 20 7 14 4 -10 22 -4 
-4 22 -10 4 14 7 20 13 1 23 9 7 14 23 -23 20 21 11 2 -14 
19 22 17 21 21 -9 -20 11 -21 7 20 12 -4 -20 14 20 3 0 2 -4 
1 21 16 19 5 17 -21 2 0 8 4 14 17 14 3 5 11 -11 15 1 
5 -13 19 -20 22 23 21 -19 2 10 7 -14 20 -8 17 1 17 10 15 0 
13 23 -16 -13 21 14 13 17 6 -5 7 19 21 2 12 -19 -5 14 12 3 
0 12 -17 -17 14 20 -19 -4 11 -2 23 20 -2 7 11 5 5 9 12 3 
7 0 11 14 23 18 -19 21 17 14 8 3 -8 8 14 -1 -16 13 22 11 
2 13 21 6 6 19 18 22 1 -1 0 20 20 12 6 5 12 4 8 11 
-7 20 -18 0 12 12 -5 21 15 23 -14 13 11 6 17 13 16 -13 4 19 
12 6 23 -8 7 -15 -10 8 22 11 3 16 15 15 -6 -16 15 14 1 -13 
35
8
0 15
14 19
18 10
10 14
3 4
5 2
4 17
18 6
19 4
5 0
1 9
9 5
16 15
14 17
15 2
1 13
20
5 9 16
1 6 15
13 14 10
2 19 13
5 11 12
1 5 11
9 12 10
18 12 10
6 18 16
13 7 14
14 10 16
18 13 15
6 5 10
17 0 13
14 8 12
18 14 11
10 7 10
1 7 10
13 1 16
6 12 14
38
10 6
7 8
4 19
4 8
11 17
2 7
11 14
16 10
17 19
10 9
4 15
5 14
0 1
8 9
12 15
0 13
15 6
13 16
1 2
9 13
12 11
15 0
15 11
8 2
17 12
8 5
3 9
2 0
9 10
15 4
14 5
19 18
11 10
7 4
19 6
4 13
6 3
18 17
