20 20
26 29 -6 7 -24 13 0 19 24 16 25 1 25 0 3 5 2 -1 23 2 
5 29 8 -15 -5 20 22 2 15 27 14 4 23 13 29 11 -25 7 18 21 
8 25 -7 24 -14 20 14 18 29 -7 8 18 13 0 11 9 15 6 4 5 
9 24 -29 25 17 29 2 -25 -27 8 17 14 29 9 6 9 -1 7 18 21 
-21 0 23 -10 -23 9 1 8 18 20 -18 24 -6 12 -13 7 27 -2 29 -5 
15 -24 23 4 -10 21 26 0 8 -6 -9 13 25 28 12 24 19 -7 25 6 
17 27 -19 19 16 15 26 8 28 18 0 -28 15 15 10 24 17 -11 11 23 
11 10 12 4 8 0 9 17 11 -16 27 27 28 13 2 8 21 28 8 -20 
14 -5 13 12 11 -14 7 10 8 12 4 8 7 7 12 3 8 9 11 29 
23 -25 29 23 -11 18 26 19 24 9 -24 7 13 -24 3 -28 -10 -5 11 10 
10 11 -5 -10 -28 3 -24 13 7 -24 9 24 19 26 18 -11 23 29 -25 23 
29 11 9 8 3 12 7 7 8 4 12 8 10 7 -14 11 12 13 -5 14 
-20 8 28 21 8 2 13 28 27 27 -16 11 17 9 0 8 4 12 10 11 
23 11 -11 17 24 10 15 15 -28 0 18 28 8 26 15 16 19 -19 27 17 
6 25 -7 19 24 12 28 25 13 -9 -6 8 0 26 21 -10 4 23 -24 15 
-5 29 -2 27 7 -13 12 -6 24 -18 20 18 8 1 9 -23 -10 23 0 -21 
21 18 7 -1 9 6 9 29 14 17 8 -27 -25 2 29 17 25 -29 24 9 
5 4 6 15 9 11 0 13 18 8 -7 29 18 14 20 -14 24 -7 25 8 
21 18 7 -25 11 29 13 23 4 14 27 15 2 22 20 -5 -15 8 29 5 
2 23 -1 2 5 3 0 25 1 25 16 24 19 0 13 -24 7 -6 29 26 
49
6
6 0
16 4
16 1
12 7
7 18
15 3
13 19
3 15
3 18
7 12
12 1
4 16
10
10 19 11
8 3 14
17 10 10
1 14 10
16 2 10
9 0 11
11 16 14
2 9 10
18 5 10
3 17 10
38
7 2
15 16
10 13
11 13
17 7
7 17
2 10
17 11
6 3
6 4
7 13
5 18
3 9
2 0
12 5
0 11
0 4
16 7
4 7
12 17
4 3
9 6
8 6
2 12
12 2
17 9
2 8
13 16
13 15
12 6
14 1
16 10
17 19
7 14
19 8
19 15
3 12
15 12
