20 20
-13 10 3 17 14 17 -2 -19 13 -6 19 -18 4 -17 5 10 -15 -15 4 4 
16 -2 4 -19 16 2 17 2 5 -6 11 10 1 -19 -10 -6 8 13 11 -10 
-11 5 3 -4 12 8 -1 -11 -8 17 -6 6 15 3 3 13 14 12 14 3 
0 1 -15 19 -13 18 10 12 -5 19 -4 18 4 19 14 -10 -7 15 2 16 
-19 13 1 7 6 17 8 -12 -13 12 6 3 7 8 -8 16 5 0 7 12 
-19 3 -7 -5 9 1 13 2 2 17 15 -14 12 3 11 17 7 17 4 -11 
6 12 11 10 1 17 7 6 0 19 -17 14 16 6 5 17 4 0 -15 10 
11 2 6 5 -4 3 14 18 7 0 11 14 17 14 7 14 12 0 13 7 
8 16 12 18 9 2 7 -2 18 7 -9 17 19 18 -8 -13 5 -12 16 15 
19 10 2 7 3 -15 1 -17 5 14 7 6 11 8 8 2 16 7 5 -1 
-1 5 7 16 2 8 8 11 6 7 14 5 -17 1 -15 3 7 2 10 19 
15 16 -12 5 -13 -8 18 19 17 -9 7 18 -2 7 2 9 18 12 16 8 
7 13 0 12 14 7 14 17 14 11 0 7 18 14 3 -4 5 6 2 11 
10 -15 0 4 17 5 6 16 14 -17 19 0 6 7 17 1 10 11 12 6 
-11 4 17 7 17 11 3 12 -14 15 17 2 2 13 1 9 -5 -7 3 -19 
12 7 0 5 16 -8 8 7 3 6 12 -13 -12 8 17 6 7 1 13 -19 
16 2 15 -7 -10 14 19 4 18 -4 19 -5 12 10 18 -13 19 -15 1 0 
3 14 12 14 13 3 3 15 6 -6 17 -8 -11 -1 8 12 -4 3 5 -11 
-10 11 13 8 -6 -10 -19 1 10 11 -6 5 2 17 2 16 -19 4 -2 16 
4 4 -15 -15 10 5 -17 4 -18 19 -6 13 -19 -2 17 14 17 3 10 -13 
41
7
2 16
14 5
8 10
0 2
0 15
9 4
12 19
17 3
5 14
11 9
19 17
19 4
10 15
7 0
10
0 12 8
2 1 14
18 16 14
1 6 15
15 14 8
19 7 8
17 18 14
1 3 14
18 13 15
4 5 8
34
19 9
14 7
15 0
0 16
3 16
17 12
17 13
1 16
18 10
2 9
7 17
4 16
1 19
15 19
11 8
2 13
19 8
0 10
5 12
4 19
19 3
16 3
2 7
2 6
18 3
1 9
17 10
12 2
15 3
18 0
4 0
8 11
17 6
0 11
