20 20
1 0 2 0 4 4 3 1 2 4 4 2 -2 1 2 0 -4 -4 2 0 
-3 2 2 2 1 -4 0 1 -3 -2 4 4 3 -3 2 4 -2 2 4 2 
3 2 4 0 1 2 -1 2 -3 3 -1 1 4 3 4 -4 3 -1 -1 -1 
2 4 2 -3 3 -4 2 0 3 1 3 0 4 2 4 0 -3 3 -4 2 
-1 4 2 2 2 0 2 1 2 2 3 4 3 3 -1 3 3 0 -2 0 
-2 1 0 -4 1 2 -2 1 -3 3 4 2 1 4 3 4 2 4 2 3 
1 0 2 3 1 4 3 3 -1 3 1 1 3 2 3 2 3 2 -3 1 
2 -3 -2 2 4 -2 2 -3 3 4 1 4 2 2 -1 4 -4 -3 4 3 
3 -4 -2 3 2 -2 1 1 2 4 1 1 0 4 2 1 1 -4 -1 -4 
-2 2 4 3 2 1 -2 1 0 -1 -1 1 -1 4 -3 4 2 1 0 0 
0 0 1 2 4 -3 4 -1 1 -1 -1 0 1 -2 1 2 3 4 2 -2 
-4 -1 -4 1 1 2 4 0 1 1 4 2 1 1 -2 2 3 -2 -4 3 
3 4 -3 -4 4 -1 2 2 4 1 4 3 -3 2 -2 4 2 -2 -3 2 
1 -3 2 3 2 3 2 3 1 1 3 -1 3 3 4 1 3 2 0 1 
3 2 4 2 4 3 4 1 2 4 3 -3 1 -2 2 1 -4 0 1 -2 
0 -2 0 3 3 -1 3 3 4 3 2 2 1 2 0 2 2 2 4 -1 
2 -4 3 -3 0 4 2 4 0 3 1 3 0 2 -4 3 -3 2 4 2 
-1 -1 -1 3 -4 4 3 4 1 -1 3 -3 2 -1 2 1 0 4 2 3 
2 4 2 -2 4 2 -3 3 4 4 -2 -3 1 0 -4 1 2 2 2 -3 
0 2 -4 -4 0 2 1 -2 2 4 4 2 1 3 4 4 0 2 0 1 
56
8
9 10
14 17
18 1
8 12
8 14
14 10
15 16
12 15
10 9
5 2
1 18
11 7
11 5
5 9
4 3
7 4
14
6 15 10
10 17 10
19 15 14
19 17 14
4 2 12
6 11 9
18 8 12
13 4 10
9 2 10
0 4 14
0 2 14
15 17 12
13 8 9
1 11 12
28
13 6
0 1
5 12
17 3
10 4
3 16
18 14
15 14
14 18
15 0
14 11
0 18
17 0
7 11
6 13
19 18
14 7
2 16
9 15
16 3
1 5
4 5
5 1
4 19
5 8
19 1
2 19
12 8
