20 20
16 -16 -19 23 2 5 3 11 21 14 8 -18 24 -14 24 -6 12 22 18 18 
-6 13 -11 4 19 -11 2 2 13 0 -7 21 7 -8 -3 20 18 -1 -7 11 
6 -15 20 15 12 -14 8 4 0 3 -5 20 2 21 10 17 6 -8 15 21 
14 10 24 24 0 11 20 22 -21 1 12 17 2 22 3 11 -23 -6 -23 -11 
17 22 16 24 24 24 15 22 7 6 11 7 2 8 -3 20 13 3 18 18 
13 21 5 9 21 12 0 -4 1 -24 22 17 -19 -10 0 22 19 -5 20 19 
13 17 1 -4 4 23 -5 12 2 9 11 19 15 16 23 10 16 2 8 8 
24 13 -3 -17 16 13 18 8 9 2 6 8 8 23 -11 5 12 14 18 6 
19 15 20 -23 22 -12 22 21 10 4 -22 10 5 0 11 -21 8 13 9 24 
21 23 20 -20 5 6 18 -12 -12 16 5 11 22 14 1 8 22 -20 10 16 
16 10 -20 22 8 1 14 22 11 5 16 -12 -12 18 6 5 -20 20 23 21 
24 9 13 8 -21 11 0 5 10 -22 4 10 21 22 -12 22 -23 20 15 19 
6 18 14 12 5 -11 23 8 8 6 2 9 8 18 13 16 -17 -3 13 24 
8 8 2 16 10 23 16 15 19 11 9 2 12 -5 23 4 -4 1 17 13 
19 20 -5 19 22 0 -10 -19 17 22 -24 1 -4 0 12 21 9 5 21 13 
18 18 3 13 20 -3 8 2 7 11 6 7 22 15 24 24 24 16 22 17 
-11 -23 -6 -23 11 3 22 2 17 12 1 -21 22 20 11 0 24 24 10 14 
21 15 -8 6 17 10 21 2 20 -5 3 0 4 8 -14 12 15 20 -15 6 
11 -7 -1 18 20 -3 -8 7 21 -7 0 13 2 2 -11 19 4 -11 13 -6 
18 18 22 12 -6 24 -14 24 -18 8 14 21 11 3 5 2 23 -19 -16 16 
34
3
4 9
5 4
12 2
15 10
14 15
7 17
20
3 12 10
17 6 10
4 3 10
0 11 10
4 13 16
11 14 10
1 17 11
13 17 10
7 0 14
17 9 9
16 7 10
2 13 10
15 16 10
19 8 10
15 6 16
8 5 10
18 2 11
6 2 10
12 19 14
2 10 9
28
19 5
16 14
6 0
17 18
2 3
2 18
4 17
0 1
1 18
12 1
7 15
13 16
5 12
14 9
0 14
3 5
13 19
2 1
17 16
17 1
15 2
19 18
18 1
7 18
12 4
6 3
14 7
5 10
