20 20
18 26 25 13 1 24 -15 -27 8 3 -10 21 19 1 14 20 22 21 19 19 
7 -16 5 24 25 13 6 4 1 19 0 7 27 15 8 24 12 22 -12 22 
24 7 20 -5 27 21 -2 11 1 -14 20 -28 19 16 11 28 22 1 10 -17 
6 12 29 21 16 16 16 -4 12 -10 -22 18 1 30 2 -26 24 -28 1 15 
11 20 15 5 -10 8 16 0 16 2 21 8 12 -10 -27 -10 0 27 15 27 
-13 20 16 23 6 6 -5 13 -8 13 13 4 10 22 29 -2 24 -1 16 18 
25 29 -28 -1 -21 -25 11 14 9 26 3 -19 24 29 30 2 4 17 22 -7 
7 17 -11 16 -19 1 6 19 21 19 28 15 -4 26 13 25 12 30 1 -2 
25 -5 -8 -30 16 26 -10 24 2 1 -17 6 1 -8 15 21 30 1 -10 24 
-17 19 19 2 -5 27 1 -19 12 1 27 27 24 7 -20 25 10 0 7 -6 
-6 7 0 10 25 -20 7 24 27 27 1 12 -19 1 27 -5 2 19 19 -17 
24 -10 1 30 21 15 -8 1 6 -17 1 2 24 -10 26 16 -30 -8 -5 25 
-2 1 30 12 25 13 26 -4 15 28 19 21 19 6 1 -19 16 -11 17 7 
-7 22 17 4 2 30 29 24 -19 3 26 9 14 11 -25 -21 -1 -28 29 25 
18 16 -1 24 -2 29 22 10 4 13 13 -8 13 -5 6 6 23 16 20 -13 
27 15 27 0 -10 -27 -10 12 8 21 2 16 0 16 8 -10 5 15 20 11 
15 1 -28 24 -26 2 30 1 18 -22 -10 12 -4 16 16 16 21 29 12 6 
-17 10 1 22 28 11 16 19 -28 20 -14 1 11 -2 21 27 -5 20 7 24 
22 -12 22 12 24 8 15 27 7 0 19 1 4 6 13 25 24 5 -16 7 
19 19 21 22 20 14 1 19 21 -10 3 8 -27 -15 24 1 13 25 26 18 
46
7
11 0
9 12
12 9
12 11
5 10
12 17
18 12
8 19
10 7
7 10
7 8
14 9
7 2
1 7
18
7 15 15
14 12 8
3 8 15
17 16 14
16 0 10
10 13 16
4 18 16
10 19 15
19 2 11
12 4 15
5 7 8
16 11 15
2 3 14
3 19 10
9 6 16
15 1 16
9 0 15
0 17 11
38
4 1
18 17
12 14
10 11
13 8
10 0
18 6
19 8
17 0
7 9
11 13
15 3
9 1
1 11
16 1
5 6
18 4
3 16
5 4
15 18
1 2
7 5
9 8
6 11
9 19
1 13
0 11
2 19
12 10
8 6
4 16
10 18
18 8
3 18
14 13
1 15
16 3
14 15
