20 20
-7 -3 0 0 0 5 -8 6 5 3 11 -1 7 11 1 10 11 -11 4 4 
1 3 2 10 -7 -1 10 1 4 -10 2 10 7 4 2 5 4 5 9 5 
6 6 10 8 9 5 7 2 10 4 6 2 6 10 -10 4 9 4 -5 -7 
3 9 4 -7 10 8 5 8 8 7 7 5 3 -8 7 -9 1 1 1 10 
5 7 0 9 6 3 1 10 7 8 4 6 6 -8 -5 -10 11 -2 8 10 
-1 6 2 -3 5 5 7 0 9 6 -7 5 0 5 2 -11 8 8 9 2 
5 3 10 0 -3 -2 7 9 7 6 5 10 6 -6 0 3 6 -9 6 7 
6 -5 -8 -9 2 6 5 6 7 10 -8 11 8 6 2 4 -11 4 10 7 
-11 9 -10 0 6 -3 -9 6 10 9 9 0 7 4 0 6 1 1 -6 11 
2 10 11 11 -4 11 8 8 9 6 -4 2 5 11 7 4 2 7 7 1 
1 7 7 2 4 7 11 5 2 -4 6 9 8 8 11 -4 11 11 10 2 
11 -6 1 1 6 0 4 7 0 9 9 10 6 -9 -3 6 0 -10 9 -11 
7 10 4 -11 4 2 6 8 11 -8 10 7 6 5 6 2 -9 -8 -5 6 
7 6 -9 6 3 0 -6 6 10 5 6 7 9 7 -2 -3 0 10 3 5 
2 9 8 8 -11 2 5 0 5 -7 6 9 0 7 5 5 -3 2 6 -1 
10 8 -2 11 -10 -5 -8 6 6 4 8 7 10 1 3 6 9 0 7 5 
10 1 1 1 -9 7 -8 3 5 7 7 8 8 5 8 10 -7 4 9 3 
-7 -5 4 9 4 -10 10 6 2 6 4 10 2 7 5 9 8 10 6 6 
5 9 5 4 5 2 4 7 10 2 -10 4 1 10 -1 -7 10 2 3 1 
4 4 -11 11 10 1 11 7 -1 11 3 5 6 -8 5 0 0 0 -3 -7 
39
3
1 15
15 18
14 18
18 4
4 1
5 1
14
19 3 16
12 8 14
16 7 14
0 17 13
11 18 11
15 11 13
7 18 14
0 16 16
7 11 14
3 12 14
19 2 13
8 1 11
4 8 13
12 1 14
28
2 12
5 9
0 5
18 14
13 4
12 14
12 16
2 9
6 4
18 11
1 13
10 11
14 13
17 12
17 7
14 10
19 14
1 5
6 15
7 5
7 3
17 10
13 15
1 8
18 6
9 8
5 6
2 7
