20 20
1 -2 5 -5 -5 -4 -3 2 4 2 1 -1 3 4 2 5 2 -3 -5 -4 
1 1 2 4 2 4 3 -5 -5 3 2 -4 0 0 0 5 0 5 3 -4 
1 3 2 -1 5 1 5 3 -5 -1 3 2 3 2 2 2 -3 2 -3 4 
1 2 2 1 2 0 4 -3 -2 4 3 -2 4 4 1 5 2 5 0 5 
1 5 1 0 -3 2 2 4 2 4 4 0 -1 1 1 0 1 5 -2 4 
-3 5 3 4 -2 2 -2 1 2 5 3 -3 3 0 0 4 4 4 2 -1 
3 5 2 4 -3 5 3 5 4 2 -4 0 2 3 -1 5 4 2 1 4 
-3 4 2 2 5 4 -4 2 3 -4 -4 4 5 -1 3 -4 3 -5 1 3 
-5 -4 4 -4 1 5 -2 4 -5 -5 -1 -1 3 2 4 4 -1 -4 1 1 
2 -3 2 -4 1 -3 1 1 2 0 4 0 1 1 5 3 1 5 1 4 
4 1 5 1 3 5 1 1 0 4 0 2 1 1 -3 1 -4 2 -3 2 
1 1 -4 -1 4 4 2 3 -1 -1 -5 -5 4 -2 5 1 -4 4 -4 -5 
3 1 -5 3 -4 3 -1 5 4 -4 -4 3 2 -4 4 5 2 2 4 -3 
4 1 2 4 5 -1 3 2 0 -4 2 4 5 3 5 -3 4 2 5 3 
-1 2 4 4 4 0 0 3 -3 3 5 2 1 -2 2 -2 4 3 5 -3 
4 -2 5 1 0 1 1 -1 0 4 4 2 4 2 2 -3 0 1 5 1 
5 0 5 2 5 1 4 4 -2 3 4 -2 -3 4 0 2 1 2 2 1 
4 -3 2 -3 2 2 2 3 2 3 -1 -5 3 5 1 5 -1 2 3 1 
-4 3 5 0 5 0 0 0 -4 2 3 -5 -5 3 4 2 4 2 1 1 
-4 -5 -3 2 5 2 4 3 -1 1 2 4 2 -3 -4 -5 -5 5 -2 1 
44
2
8 4
4 18
11 15
15 1
12
6 15 12
6 4 9
19 6 16
12 14 12
13 6 10
1 7 11
13 4 12
13 15 9
0 13 16
7 5 12
6 13 10
18 12 11
30
7 17
14 7
0 12
17 8
16 1
17 16
4 2
1 16
11 7
9 1
0 17
12 5
13 9
3 8
11 8
12 2
5 12
19 7
2 11
3 18
2 3
15 17
18 3
8 12
10 18
19 2
7 14
6 10
16 11
8 11
