20 20
15 19 -9 19 0 -14 12 6 8 10 5 10 3 20 14 12 4 16 11 18 
-20 -2 9 -19 -20 1 19 20 10 9 1 7 19 9 18 2 9 3 18 11 
7 -15 18 20 -5 14 -13 1 7 -13 2 -10 5 -10 6 20 6 0 13 -4 
11 20 -19 10 0 -16 18 16 -2 17 17 2 17 20 -4 13 -16 1 2 -3 
-14 9 9 5 20 14 9 -5 1 -11 19 16 -10 2 17 1 -19 15 17 -18 
9 18 19 7 -5 15 11 3 -2 10 9 11 17 -19 -3 9 4 13 16 5 
4 -15 13 5 0 -4 12 14 13 6 1 10 10 9 12 -6 -4 7 -7 7 
-18 1 16 18 13 16 2 6 18 9 8 4 -8 11 13 -3 6 -13 12 -1 
0 13 17 14 14 5 15 4 14 -8 16 -16 -6 20 2 2 14 18 8 5 
-17 8 -5 -13 5 -19 11 -14 3 19 15 13 -13 7 2 9 9 2 -19 2 
2 -19 2 9 9 2 7 -13 13 15 19 3 -14 11 -19 5 -13 -5 8 -17 
5 8 18 14 2 2 20 -6 -16 16 -8 14 4 15 5 14 14 17 13 0 
-1 12 -13 6 -3 13 11 -8 4 8 9 18 6 2 16 13 18 16 1 -18 
7 -7 7 -4 -6 12 9 10 10 1 6 13 14 12 -4 0 5 13 -15 4 
5 16 13 4 9 -3 -19 17 11 9 10 -2 3 11 15 -5 7 19 18 9 
-18 17 15 -19 1 17 2 -10 16 19 -11 1 -5 9 14 20 5 9 9 -14 
-3 2 1 -16 13 -4 20 17 2 17 17 -2 16 18 -16 0 10 -19 20 11 
-4 13 0 6 20 6 -10 5 -10 2 -13 7 1 -13 14 -5 20 18 -15 7 
11 18 3 9 2 18 9 19 7 1 9 10 20 19 1 -20 -19 9 -2 -20 
18 11 16 4 12 14 20 3 10 5 10 8 6 12 -14 0 19 -9 19 15 
59
2
6 16
16 10
13 3
3 9
20
17 8 16
11 14 10
15 4 16
2 15 10
14 8 9
12 13 9
11 7 15
19 11 13
19 10 8
0 12 12
2 11 16
8 5 10
4 15 16
17 4 10
5 11 9
7 6 9
8 12 15
0 8 13
0 9 8
19 7 12
32
16 13
5 13
7 2
4 2
17 13
2 18
5 16
8 11
10 11
3 8
1 6
17 18
1 3
16 18
10 16
1 15
3 6
14 6
12 17
15 17
2 6
17 1
14 3
11 8
9 8
16 11
18 13
2 1
18 16
3 1
9 3
18 4
