20 20
12 14 14 5 -11 6 14 12 15 2 9 -10 12 9 10 8 14 7 5 3 
8 6 2 0 15 12 13 14 15 17 -12 -3 -14 -7 3 12 2 15 -7 11 
11 9 0 7 7 17 17 2 8 11 11 16 17 17 8 11 -14 -9 12 6 
0 7 15 -16 2 2 9 9 1 -4 17 -14 1 15 6 -5 -16 14 -5 5 
4 17 3 -12 2 17 3 2 14 -16 -5 4 -14 8 4 -17 -13 10 16 0 
11 14 3 -11 -15 4 0 -6 7 11 0 16 3 5 -7 9 13 2 15 4 
10 9 -3 14 -12 12 2 15 5 -3 10 4 2 1 7 11 11 -14 2 -11 
-13 15 15 14 3 6 12 3 4 8 16 6 11 0 4 15 7 4 1 3 
6 1 15 -10 13 2 15 11 17 4 0 8 12 8 14 7 -15 7 10 6 
-8 -2 6 10 3 2 16 -5 1 -11 17 7 -16 -4 -8 12 1 -4 15 16 
16 15 -4 1 12 -8 -4 -16 7 17 -11 1 -5 16 2 3 10 6 -2 -8 
6 10 7 -15 7 14 8 12 8 0 4 17 11 15 2 13 -10 15 1 6 
3 1 4 7 15 4 0 11 6 16 8 4 3 12 6 3 14 15 15 -13 
-11 2 -14 11 11 7 1 2 4 10 -3 5 15 2 12 -12 14 -3 9 10 
4 15 2 13 9 -7 5 3 16 0 11 7 -6 0 4 -15 -11 3 14 11 
0 16 10 -13 -17 4 8 -14 4 -5 -16 14 2 3 17 2 -12 3 17 4 
5 -5 14 -16 -5 6 15 1 -14 17 -4 1 9 9 2 2 -16 15 7 0 
6 12 -9 -14 11 8 17 17 16 11 11 8 2 17 17 7 7 0 9 11 
11 -7 15 2 12 3 -7 -14 -3 -12 17 15 14 13 12 15 0 2 6 8 
3 5 7 14 8 10 9 12 -10 9 2 15 12 14 6 -11 5 14 14 12 
52
3
4 0
19 5
5 16
15 19
0 14
14 3
18
9 0 9
15 6 16
1 10 11
15 8 9
8 5 13
12 10 12
13 9 11
0 3 8
4 17 12
10 19 9
4 13 16
18 9 11
4 11 9
11 14 13
7 9 12
6 10 11
19 16 8
15 2 12
28
18 16
1 18
8 13
16 1
7 16
6 16
10 14
3 9
0 4
13 18
6 11
17 1
10 18
18 14
1 3
18 1
11 6
3 18
12 3
13 3
9 5
16 10
19 15
6 1
13 8
2 18
9 1
1 5
