20 20
4 1 -2 0 1 1 3 4 2 2 2 -4 0 1 -3 3 3 2 -2 3 
3 3 4 0 3 4 -1 4 2 3 4 2 -1 0 1 2 0 -3 4 3 
0 3 4 3 3 1 1 1 2 2 0 0 -4 1 -3 3 -1 -1 1 0 
1 4 3 1 3 4 1 2 4 0 4 -4 -2 4 2 1 1 1 4 -3 
2 -4 3 4 2 4 1 2 1 -4 -4 4 0 2 1 -1 3 3 1 0 
-2 3 1 3 -3 4 3 -3 2 3 1 2 4 -1 1 2 4 1 3 4 
1 3 2 -1 1 2 -2 4 2 3 1 0 3 2 -2 4 -3 3 -3 4 
-4 0 2 2 -1 4 2 1 -3 0 4 0 4 4 1 2 3 -4 3 3 
4 3 1 -4 3 1 1 -1 4 2 -1 -1 2 2 4 0 4 2 3 4 
-4 0 -3 2 -4 2 4 2 1 0 3 3 -1 4 1 1 2 2 1 3 
3 1 2 2 1 1 4 -1 3 3 0 1 2 4 2 -4 2 -3 0 -4 
4 3 2 4 0 4 2 2 -1 -1 2 4 -1 1 1 3 -4 1 3 4 
3 3 -4 3 2 1 4 4 0 4 0 -3 1 2 4 -1 2 2 0 -4 
4 -3 3 -3 4 -2 2 3 0 1 3 2 4 -2 2 1 -1 2 3 1 
4 3 1 4 2 1 -1 4 2 1 3 2 -3 3 4 -3 3 1 3 -2 
0 1 3 3 -1 1 2 0 4 -4 -4 1 2 1 4 2 4 3 -4 2 
-3 4 1 1 1 2 4 -2 -4 4 0 4 2 1 4 3 1 3 4 1 
0 1 -1 -1 3 -3 1 -4 0 0 2 2 1 1 1 3 3 4 3 0 
3 4 -3 0 2 1 0 -1 2 4 3 2 4 -1 4 3 0 4 3 3 
3 -2 2 3 3 -3 1 0 -4 2 2 2 4 3 1 1 0 -2 1 4 
57
6
7 3
1 11
19 4
15 19
10 12
10 2
12 16
18 8
0 15
4 0
9 7
9 17
6
9 18 14
6 10 11
17 14 9
10 1 14
13 9 11
2 5 9
30
12 1
2 10
17 4
18 7
16 18
14 1
1 17
1 18
13 6
18 13
7 11
7 15
1 10
4 5
17 7
7 18
17 9
2 15
1 12
3 1
5 18
18 2
18 1
6 13
1 6
12 8
12 4
18 9
15 14
2 12
