20 20
-2 4 3 8 6 3 -10 10 9 6 1 -5 4 6 -6 1 10 -10 0 4 
4 4 7 7 3 4 10 5 6 -2 5 8 9 10 6 0 8 8 7 -10 
6 7 -7 4 10 10 8 -8 9 8 6 -4 1 -8 -7 6 10 -3 2 -1 
9 7 9 1 -6 -6 5 -2 9 1 1 2 1 6 8 8 8 10 10 -8 
1 -8 2 1 1 -9 3 10 -6 9 3 -8 5 8 10 0 10 10 9 -8 
10 3 10 4 3 2 8 5 1 7 8 5 -3 -1 -4 3 -10 2 -5 3 
6 -10 4 5 6 6 3 10 7 3 -1 4 5 7 7 4 8 6 8 -6 
10 5 7 8 7 7 2 3 -3 4 -1 -9 5 9 -4 2 -10 -5 1 9 
0 2 9 7 -1 -7 7 2 2 -7 5 4 6 7 4 10 9 9 7 -9 
3 6 -4 6 10 5 1 2 4 8 7 6 -4 7 2 1 10 2 1 7 
7 1 2 10 1 2 7 -4 6 7 8 4 2 1 5 10 6 -4 6 3 
-9 7 9 9 10 4 7 6 4 5 -7 2 2 7 -7 -1 7 9 2 0 
9 1 -5 -10 2 -4 9 5 -9 -1 4 -3 3 2 7 7 8 7 5 10 
-6 8 6 8 4 7 7 5 4 -1 3 7 10 3 6 6 5 4 -10 6 
3 -5 2 -10 3 -4 -1 -3 5 8 7 1 5 8 2 3 4 10 3 10 
-8 9 10 10 0 10 8 5 -8 3 9 -6 10 3 -9 1 1 2 -8 1 
-8 10 10 8 8 8 6 1 2 1 1 9 -2 5 -6 -6 1 9 7 9 
-1 2 -3 10 6 -7 -8 1 -4 6 8 9 -8 8 10 10 4 -7 7 6 
-10 7 8 8 0 6 10 9 8 5 -2 6 5 10 4 3 7 7 4 4 
4 0 -10 10 1 -6 6 4 -5 1 6 9 10 -10 3 6 8 3 4 -2 
30
3
15 18
11 15
2 13
4 1
8 4
17 6
12
19 9 16
5 15 10
9 4 11
4 14 13
3 17 14
3 19 10
0 10 16
14 4 10
10 15 11
15 5 13
16 2 14
16 0 10
38
6 15
8 1
2 4
0 2
11 9
12 11
18 16
11 3
10 4
2 8
19 10
3 4
16 5
14 17
11 4
14 7
0 18
14 16
5 0
13 4
11 18
17 15
19 17
8 10
7 8
1 3
8 16
9 15
17 11
0 9
16 15
3 14
5 2
8 15
5 12
19 1
5 3
14 19
