20 20
19 8 23 24 5 22 22 17 1 5 12 19 19 -6 20 27 -2 2 23 -10 
26 4 25 26 -27 -7 3 10 10 20 24 12 -24 14 18 -4 27 19 14 -19 
19 14 -14 -22 -26 5 7 -15 16 -19 10 25 5 18 16 21 10 -5 18 25 
27 18 -18 19 -27 2 15 3 17 6 21 -3 25 9 24 15 -17 -11 0 13 
26 -3 19 21 15 2 23 11 8 22 27 20 27 7 13 10 12 14 10 9 
11 22 15 25 -5 17 13 11 -20 14 15 3 1 20 -16 -10 16 4 -21 18 
25 14 24 14 8 20 12 5 25 25 2 2 12 16 17 5 18 0 -23 7 
-19 10 13 18 12 8 15 24 3 -11 3 20 8 6 3 15 10 27 17 -5 
9 -26 -20 3 -27 6 5 -26 6 12 26 3 -9 23 -2 -24 6 13 14 7 
23 4 23 7 26 19 18 23 -3 9 21 26 -13 13 9 27 22 21 5 -2 
-2 5 21 22 27 9 13 -13 26 21 9 -3 23 18 19 26 7 23 4 23 
7 14 13 6 -24 -2 23 -9 3 26 12 6 -26 5 6 -27 3 -20 -26 9 
-5 17 27 10 15 3 6 8 20 3 -11 3 24 15 8 12 18 13 10 -19 
7 -23 0 18 5 17 16 12 2 2 25 25 5 12 20 8 14 24 14 25 
18 -21 4 16 -10 -16 20 1 3 15 14 -20 11 13 17 -5 25 15 22 11 
9 10 14 12 10 13 7 27 20 27 22 8 11 23 2 15 21 19 -3 26 
13 0 -11 -17 15 24 9 25 -3 21 6 17 3 15 2 -27 19 -18 18 27 
25 18 -5 10 21 16 18 5 25 10 -19 16 -15 7 5 -26 -22 -14 14 19 
-19 14 19 27 -4 18 14 -24 12 24 20 10 10 3 -7 -27 26 25 4 26 
-10 23 2 -2 27 20 -6 19 19 12 5 1 17 22 22 5 24 23 8 19 
58
2
5 13
16 10
14 6
3 9
14
7 4 16
5 4 9
3 2 8
8 4 10
2 9 8
1 9 8
14 19 16
12 15 16
14 15 9
16 17 8
11 15 10
17 10 8
18 10 8
5 0 16
34
2 6
5 17
8 5
5 3
11 9
3 12
0 1
17 3
16 6
7 13
0 16
0 17
10 16
17 9
0 12
18 1
7 1
17 13
14 2
11 14
14 16
8 10
16 7
19 18
2 16
3 13
12 6
19 3
19 2
9 3
2 10
19 7
1 18
12 18
