20 20
13 15 10 -1 8 16 1 9 7 -9 -5 17 9 3 15 12 -9 4 3 3 
9 10 3 -5 4 15 6 -5 -7 5 2 -3 15 0 3 8 2 11 -8 17 
4 0 -14 16 0 -11 13 7 -3 16 13 6 12 14 -2 16 11 -15 17 -2 
-11 3 17 10 14 4 -4 15 -17 2 1 5 16 4 -11 15 7 3 -3 -12 
15 14 14 -10 8 -6 -13 12 9 -8 -17 14 -17 7 13 5 1 15 -10 6 
4 -7 10 -16 12 15 10 2 15 11 1 7 16 6 7 17 12 8 13 16 
-10 -9 13 3 -11 8 -2 0 -14 -7 3 2 -6 7 -14 16 -13 1 4 7 
1 4 7 7 -10 4 14 13 -15 15 -8 -11 9 1 17 6 -12 -10 -16 4 
-3 15 10 2 -15 -17 -17 5 12 9 12 -2 15 -2 -14 -14 16 9 3 16 
4 -17 17 -10 -17 4 0 -7 9 -15 -10 3 -6 5 -11 4 -11 -15 9 -17 
-17 9 -15 -11 4 -11 5 -6 3 -10 -15 9 -7 0 4 -17 -10 17 -17 4 
16 3 9 16 -14 -14 -2 15 -2 12 9 12 5 -17 -17 -15 2 10 15 -3 
4 -16 -10 -12 6 17 1 9 -11 -8 15 -15 13 14 4 -10 7 7 4 1 
7 4 1 -13 16 -14 7 -6 2 3 -7 -14 0 -2 8 -11 3 13 -9 -10 
16 13 8 12 17 7 6 16 7 1 11 15 2 10 15 12 -16 10 -7 4 
6 -10 15 1 5 13 7 -17 14 -17 -8 9 12 -13 -6 8 -10 14 14 15 
-12 -3 3 7 15 -11 4 16 5 1 2 -17 15 -4 4 14 10 17 3 -11 
-2 17 -15 11 16 -2 14 12 6 13 16 -3 7 13 -11 0 16 -14 0 4 
17 -8 11 2 8 3 0 15 -3 2 5 -7 -5 6 15 4 -5 3 10 9 
3 3 4 -9 12 15 3 9 17 -5 -9 7 9 1 16 8 -1 10 15 13 
57
6
10 1
17 9
16 15
9 12
19 4
16 3
9 18
2 10
3 4
10 7
0 15
3 16
8
10 4 14
7 11 16
18 5 11
17 14 13
9 15 14
12 8 16
1 14 11
2 5 13
30
0 12
3 17
7 18
19 15
8 12
14 11
14 7
1 3
0 5
12 10
4 12
17 3
17 19
2 12
8 16
19 7
16 2
12 1
0 4
11 7
5 8
5 12
18 16
19 14
7 9
15 7
2 16
2 0
17 7
11 3
