20 20
11 0 15 0 8 7 7 12 -18 5 -11 2 16 -5 -13 -16 8 13 -9 4 
-2 17 1 12 6 9 -17 6 10 2 -9 2 2 1 16 7 17 14 -4 16 
0 -9 3 3 -6 12 10 -8 -10 18 7 1 12 2 15 -12 -11 -17 -5 -9 
-6 15 16 10 1 2 12 11 2 13 -6 -17 2 16 3 -1 -5 12 10 17 
2 7 12 10 16 -10 7 17 -3 6 17 2 7 8 -17 -8 3 9 18 7 
7 -14 16 17 2 14 -6 -18 14 -16 13 12 13 12 -8 4 5 -14 0 -18 
3 9 12 14 15 15 11 12 -7 -3 8 9 0 -3 5 8 18 2 16 15 
6 2 -5 2 15 8 8 15 5 -13 3 -14 13 9 18 13 18 15 12 18 
-2 -16 17 13 -2 8 17 -7 8 17 8 17 16 1 -3 5 6 13 4 7 
3 1 9 -8 14 14 3 12 17 17 16 -8 15 15 12 -8 1 3 11 1 
1 11 3 1 -8 12 15 15 -8 16 17 17 12 3 14 14 -8 9 1 3 
7 4 13 6 5 -3 1 16 17 8 17 8 -7 17 8 -2 13 17 -16 -2 
18 12 15 18 13 18 9 13 -14 3 -13 5 15 8 8 15 2 -5 2 6 
15 16 2 18 8 5 -3 0 9 8 -3 -7 12 11 15 15 14 12 9 3 
-18 0 -14 5 4 -8 12 13 12 13 -16 14 -18 -6 14 2 17 16 -14 7 
7 18 9 3 -8 -17 8 7 2 17 6 -3 17 7 -10 16 10 12 7 2 
17 10 12 -5 -1 3 16 2 -17 -6 13 2 11 12 2 1 10 16 15 -6 
-9 -5 -17 -11 -12 15 2 12 1 7 18 -10 -8 10 12 -6 3 3 -9 0 
16 -4 14 17 7 16 1 2 2 -9 2 10 6 -17 9 6 12 1 17 -2 
4 -9 13 8 -16 -13 -5 16 2 -11 5 -18 12 7 7 8 0 15 0 11 
46
3
19 12
6 12
16 13
0 7
13 7
3 6
18
4 1 15
19 8 16
16 2 12
11 13 13
17 5 9
2 4 8
3 0 12
1 16 10
3 19 16
15 18 15
0 11 16
3 17 12
8 6 13
2 14 9
17 15 8
16 19 12
18 3 10
16 0 16
26
12 1
9 8
11 5
5 19
8 1
7 0
5 16
5 4
13 4
3 5
14 4
0 13
5 0
7 18
10 11
8 14
14 0
11 18
12 19
14 3
14 15
6 15
16 14
5 15
19 6
14 19
