20 20
3 10 5 -4 1 7 12 21 11 0 23 5 16 -9 23 -5 5 15 -21 23 
19 15 -22 21 5 22 -16 -21 5 -10 3 8 10 9 -21 -15 5 -15 6 5 
22 20 -16 16 7 -15 5 0 19 -6 12 11 13 -22 18 -16 2 17 -24 18 
23 -20 16 2 7 12 15 5 10 3 -2 5 20 5 -11 7 17 2 8 18 
14 -6 14 18 1 5 23 1 22 3 23 0 5 5 -21 16 3 -7 24 -10 
23 20 8 24 -7 -19 -18 -24 -12 10 2 15 3 1 15 -7 23 -18 20 -21 
1 6 13 3 17 -21 22 -24 23 -10 3 -7 23 20 21 11 8 -12 21 15 
0 9 1 14 6 10 -15 8 9 24 14 13 1 12 -21 4 -6 -12 -3 -3 
17 24 21 11 15 -5 19 4 -13 17 13 11 5 -13 22 13 6 22 11 21 
17 22 5 12 3 -12 8 16 14 13 1 -5 1 3 19 0 7 6 7 -13 
-13 7 6 7 0 19 3 1 -5 1 13 14 16 8 -12 3 12 5 22 17 
21 11 22 6 13 22 -13 5 11 13 17 -13 4 19 -5 15 11 21 24 17 
-3 -3 -12 -6 4 -21 12 1 13 14 24 9 8 -15 10 6 14 1 9 0 
15 21 -12 8 11 21 20 23 -7 3 -10 23 -24 22 -21 17 3 13 6 1 
-21 20 -18 23 -7 15 1 3 15 2 10 -12 -24 -18 -19 -7 24 8 20 23 
-10 24 -7 3 16 -21 5 5 0 23 3 22 1 23 5 1 18 14 -6 14 
18 8 2 17 7 -11 5 20 5 -2 3 10 5 15 12 7 2 16 -20 23 
18 -24 17 2 -16 18 -22 13 11 12 -6 19 0 5 -15 7 16 -16 20 22 
5 6 -15 5 -15 -21 9 10 8 3 -10 5 -21 -16 22 5 21 -22 15 19 
23 -21 15 5 -5 23 -9 16 5 23 0 11 21 12 7 1 -4 5 10 3 
57
5
19 9
3 7
5 4
10 16
19 11
0 10
16 12
14 15
9 3
0 8
14
2 10 11
3 2 8
11 2 13
7 8 16
3 18 12
3 4 9
8 6 13
17 9 11
16 17 8
8 17 13
12 11 16
16 1 12
16 15 9
11 13 13
28
7 6
11 10
13 6
1 9
15 4
3 5
15 9
17 16
9 11
11 16
10 18
8 15
6 1
7 4
12 13
8 9
6 13
18 10
4 15
16 14
4 10
2 3
10 8
8 3
9 1
11 4
13 18
12 15
