20 20
12 19 15 16 -1 2 -13 10 7 8 -17 7 15 15 6 8 19 16 12 17 
-17 15 7 3 2 6 19 12 16 2 0 3 -3 0 -18 4 7 -17 6 -19 
7 10 13 2 3 18 15 14 1 5 11 18 2 -1 16 17 9 1 10 13 
1 18 -1 2 -8 14 -11 14 -9 -19 1 12 2 -18 -10 9 1 7 16 12 
-1 9 9 -10 16 18 -4 19 0 13 10 3 15 15 3 -9 8 17 -6 7 
18 2 15 2 -19 18 19 0 0 -2 6 7 -14 0 7 6 2 7 19 -5 
10 6 -12 14 15 9 9 14 5 -12 2 3 -12 -5 19 15 9 2 11 -14 
3 -19 -12 -17 10 0 8 15 7 -15 15 5 9 16 3 6 1 1 -8 15 
8 14 10 6 6 18 9 18 6 18 1 8 -13 10 7 7 -15 5 12 -9 
-1 2 -9 9 5 15 9 19 19 6 12 -13 12 11 -7 -19 12 -2 12 -3 
-3 12 -2 12 -19 -7 11 12 -13 12 6 19 19 9 15 5 9 -9 2 -1 
-9 12 5 -15 7 7 10 -13 8 1 18 6 18 9 18 6 6 10 14 8 
15 -8 1 1 6 3 16 9 5 15 -15 7 15 8 0 10 -17 -12 -19 3 
-14 11 2 9 15 19 -5 -12 3 2 -12 5 14 9 9 15 14 -12 6 10 
-5 19 7 2 6 7 0 -14 7 6 -2 0 0 19 18 -19 2 15 2 18 
7 -6 17 8 -9 3 15 15 3 10 13 0 19 -4 18 16 -10 9 9 -1 
12 16 7 1 9 -10 -18 2 12 1 -19 -9 14 -11 14 -8 2 -1 18 1 
13 10 1 9 17 16 -1 2 18 11 5 1 14 15 18 3 2 13 10 7 
-19 6 -17 7 4 -18 0 -3 3 0 2 16 12 19 6 2 3 7 15 -17 
17 12 16 19 8 6 15 15 7 -17 8 7 10 -13 2 -1 16 15 19 12 
39
4
8 0
18 6
5 0
8 9
11 19
1 13
14 19
11 10
14
16 19 10
7 14 8
11 1 10
4 18 15
7 6 8
15 0 11
1 0 14
3 0 10
12 5 8
8 18 10
15 1 15
12 13 8
4 19 11
18 19 14
38
5 12
10 5
14 10
18 12
9 6
1 6
13 2
17 3
11 16
3 4
5 19
18 4
17 13
14 18
5 18
12 4
9 8
5 8
17 19
14 7
9 14
5 9
1 7
10 13
18 13
6 17
2 16
8 3
16 15
14 0
1 15
2 6
5 1
14 1
7 15
10 11
14 11
2 0
