20 20
-18 14 10 20 18 0 15 -24 7 2 25 -25 16 19 8 15 -7 24 5 6 
-11 6 -15 1 20 7 4 15 3 18 6 16 23 -24 5 -1 15 -12 18 7 
20 24 6 24 2 7 4 -7 -22 8 20 -16 0 -15 -24 8 15 -19 22 25 
11 14 6 23 6 -4 -22 7 24 14 14 -22 9 15 13 24 -6 11 0 1 
22 2 25 -20 0 1 8 10 18 2 1 19 -20 1 -13 2 2 0 5 -25 
-19 8 -23 14 18 23 -7 20 24 -4 24 -17 24 14 -2 1 15 19 7 5 
4 13 24 6 9 16 2 -7 20 -15 12 25 12 5 4 -4 15 1 12 22 
24 24 16 -4 23 10 18 19 -20 -11 3 4 21 0 3 22 6 3 8 25 
4 21 16 21 3 6 4 21 9 14 16 25 17 14 13 20 19 -18 5 21 
20 1 25 18 15 11 4 23 2 17 3 13 -12 24 2 -12 21 -6 8 18 
18 8 -6 21 -12 2 24 -12 13 3 17 2 23 4 11 15 18 25 1 20 
21 5 -18 19 20 13 14 17 25 16 14 9 21 4 6 3 21 16 21 4 
25 8 3 6 22 3 0 21 4 3 -11 -20 19 18 10 23 -4 16 24 24 
22 12 1 15 -4 4 5 12 25 12 -15 20 -7 2 16 9 6 24 13 4 
5 7 19 15 1 -2 14 24 -17 24 -4 24 20 -7 23 18 14 -23 8 -19 
-25 5 0 2 2 -13 1 -20 19 1 2 18 10 8 1 0 -20 25 2 22 
1 0 11 -6 24 13 15 9 -22 14 14 24 7 -22 -4 6 23 6 14 11 
25 22 -19 15 8 -24 -15 0 -16 20 8 -22 -7 4 7 2 24 6 24 20 
7 18 -12 15 -1 5 -24 23 16 6 18 3 15 4 7 20 1 -15 6 -11 
6 5 24 -7 15 8 19 16 -25 25 2 7 -24 15 0 18 20 10 14 -18 
31
4
18 1
15 5
12 3
16 11
1 18
4 14
7 16
3 8
8
13 2 9
10 2 11
17 5 8
19 8 16
6 17 9
9 17 11
2 14 8
0 11 16
26
2 17
7 4
16 2
3 16
10 15
19 4
19 16
13 3
1 10
0 13
0 16
7 8
19 10
17 2
12 15
3 17
16 3
9 4
0 15
0 3
6 16
18 9
19 6
19 3
12 11
0 9
