20 20
5 5 1 4 3 -5 0 0 2 4 -3 -3 1 4 4 0 2 -3 5 4 
4 5 2 4 -4 3 1 3 0 -3 2 3 -5 4 5 4 0 2 2 5 
3 0 3 1 3 3 -3 -4 -2 4 5 5 1 4 -1 -5 3 0 3 3 
0 4 0 4 4 3 0 -1 -1 2 4 -3 2 2 5 5 1 1 5 3 
2 2 2 5 1 1 4 5 4 5 4 3 5 3 -3 5 4 5 1 2 
1 -2 4 -4 4 4 1 1 5 4 -2 3 4 1 1 5 -4 3 5 -2 
3 4 5 -1 4 1 4 -4 2 4 4 2 5 5 2 2 -1 1 4 4 
3 1 1 -5 5 -3 1 0 -3 3 4 3 -2 4 1 3 2 3 -3 0 
-4 1 4 -1 3 -1 1 2 0 -3 3 0 2 5 3 2 3 5 2 -2 
4 4 5 2 0 5 -5 1 -1 4 0 1 3 1 0 -2 1 0 1 3 
3 1 0 1 -2 0 1 3 1 0 4 -1 1 -5 5 0 2 5 4 4 
-2 2 5 3 2 3 5 2 0 3 -3 0 2 1 -1 3 -1 4 1 -4 
0 -3 3 2 3 1 4 -2 3 4 3 -3 0 1 -3 5 -5 1 1 3 
4 4 1 -1 2 2 5 5 2 4 4 2 -4 4 1 4 -1 5 4 3 
-2 5 3 -4 5 1 1 4 3 -2 4 5 1 1 4 4 -4 4 -2 1 
2 1 5 4 5 -3 3 5 3 4 5 4 5 4 1 1 5 2 2 2 
3 5 1 1 5 5 2 2 -3 4 2 -1 -1 0 3 4 4 0 4 0 
3 3 0 3 -5 -1 4 1 5 5 4 -2 -4 -3 3 3 1 3 0 3 
5 2 2 0 4 5 4 -5 3 2 -3 0 3 1 3 -4 4 2 5 4 
4 5 -3 2 0 4 4 1 -3 -3 4 2 0 0 -5 3 4 1 5 5 
52
5
1 4
14 3
7 4
12 19
1 16
18 15
5 16
12 15
7 0
18 3
20
10 18 13
11 5 16
8 11 9
10 4 12
6 9 16
8 6 10
18 17 13
3 0 13
17 16 8
13 2 13
9 1 13
8 14 16
11 8 9
9 15 12
13 10 16
11 13 10
1 2 13
16 19 13
2 3 8
6 17 13
32
13 4
2 11
13 8
13 9
4 18
14 10
10 9
0 9
19 3
16 12
11 2
3 8
18 1
1 11
10 8
4 19
6 15
17 8
6 11
6 10
15 1
5 9
9 10
19 10
0 16
3 7
8 17
16 11
1 18
18 8
9 11
15 0
