20 20
15 11 -12 2 2 1 13 -22 28 -21 15 14 -17 21 16 17 2 12 -8 30 
22 21 8 17 9 7 5 5 20 25 -16 9 4 -19 -28 14 13 4 22 3 
19 13 30 8 10 6 3 7 -9 18 22 -20 6 27 28 10 20 -7 25 -11 
28 16 2 12 -23 2 5 4 30 6 -23 7 21 16 24 24 -28 27 8 20 
-2 19 12 4 16 -18 19 -29 20 4 27 13 12 30 -24 16 7 3 8 6 
1 -29 16 27 28 17 -14 10 19 22 -28 -16 -30 27 18 -27 15 28 6 12 
1 -22 2 18 1 4 0 4 -6 -12 20 6 16 7 20 26 29 18 25 1 
-8 12 -28 -23 9 6 17 8 27 -15 6 -8 8 7 30 10 -4 -5 15 26 
4 27 23 26 17 30 3 -25 17 18 -27 23 27 12 7 6 13 18 10 1 
25 6 -19 5 17 14 27 21 26 3 11 17 -10 28 22 14 8 24 -10 22 
22 -10 24 8 14 22 28 -10 17 11 3 26 21 27 14 17 5 -19 6 25 
1 10 18 13 6 7 12 27 23 -27 18 17 -25 3 30 17 26 23 27 4 
26 15 -5 -4 10 30 7 8 -8 6 -15 27 8 17 6 9 -23 -28 12 -8 
1 25 18 29 26 20 7 16 6 20 -12 -6 4 0 4 1 18 2 -22 1 
12 6 28 15 -27 18 27 -30 -16 -28 22 19 10 -14 17 28 27 16 -29 1 
6 8 3 7 16 -24 30 12 13 27 4 20 -29 19 -18 16 4 12 19 -2 
20 8 27 -28 24 24 16 21 7 -23 6 30 4 5 2 -23 12 2 16 28 
-11 25 -7 20 10 28 27 6 -20 22 18 -9 7 3 6 10 8 30 13 19 
3 22 4 13 14 -28 -19 4 9 -16 25 20 5 5 7 9 17 8 21 22 
30 -8 12 2 17 16 21 -17 14 15 -21 28 -22 13 1 2 2 -12 11 15 
54
4
9 17
14 4
7 15
0 9
10 2
5 15
12 4
19 10
14
0 14 16
4 10 15
11 19 10
18 19 12
10 8 8
7 2 12
3 8 8
19 5 16
15 9 15
8 0 10
1 0 12
9 11 8
12 17 12
16 11 8
26
5 17
16 7
11 8
2 14
19 12
5 1
10 13
0 5
17 11
6 16
18 3
0 4
11 12
14 2
3 12
8 11
17 5
0 7
14 18
9 6
19 14
2 8
13 3
1 16
19 15
8 7
