20 20
2 3 3 3 -1 -3 0 0 -2 1 1 -2 3 4 -3 -4 2 4 -1 4 
3 -4 1 3 4 0 1 4 2 -1 4 -4 4 0 -4 4 -1 1 2 1 
-2 4 1 0 3 0 0 3 -1 3 0 3 -3 -4 4 -1 -4 4 3 3 
2 2 4 0 3 4 -4 0 2 -3 0 2 -4 1 3 3 4 4 1 4 
3 -1 -4 4 2 1 4 -3 4 3 4 -4 4 2 0 3 4 4 1 1 
-1 3 2 4 3 1 -2 4 -4 0 2 4 -4 4 4 1 2 4 1 4 
0 0 1 -1 -1 -4 4 2 1 -3 1 3 3 -2 2 3 1 2 2 1 
2 1 -4 3 -3 0 2 3 1 4 -1 4 4 4 -2 1 4 4 -1 3 
2 3 4 2 -4 2 -2 0 0 4 1 4 3 3 -3 1 2 -3 4 0 
4 1 -4 0 -3 4 4 -2 2 3 -3 -4 2 1 3 1 3 3 1 4 
4 1 3 3 1 3 1 2 -4 -3 3 2 -2 4 4 -3 0 -4 1 4 
0 4 -3 2 1 -3 3 3 4 1 4 0 0 -2 2 -4 2 4 3 2 
3 -1 4 4 1 -2 4 4 4 -1 4 1 3 2 0 -3 3 -4 1 2 
1 2 2 1 3 2 -2 3 3 1 -3 1 2 4 -4 -1 -1 1 0 0 
4 1 4 2 1 4 4 -4 4 2 0 -4 4 -2 1 3 4 2 3 -1 
1 1 4 4 3 0 2 4 -4 4 3 4 -3 4 1 2 4 -4 -1 3 
4 1 4 4 3 3 1 -4 2 0 -3 2 0 -4 4 3 0 4 2 2 
3 3 4 -4 -1 4 -4 -3 3 0 3 -1 3 0 0 3 0 1 4 -2 
1 2 1 -1 4 -4 0 4 -4 4 -1 2 4 1 0 4 3 1 -4 3 
4 -1 4 2 -4 -3 4 3 -2 1 1 -2 0 0 -3 -1 3 3 3 2 
48
7
4 7
16 1
11 18
8 14
4 3
14 7
5 13
15 12
3 18
8 1
11 5
15 16
5 12
14 6
6
15 4 10
15 10 15
17 19 12
4 15 10
4 9 15
2 0 12
26
3 0
19 4
11 7
13 18
11 19
8 9
4 13
3 15
11 0
5 3
9 3
2 4
10 0
16 19
0 15
8 12
6 1
8 0
11 10
15 6
16 4
8 19
14 16
10 16
17 15
9 19
