20 20
17 17 -2 -21 9 7 19 21 -19 -30 22 20 17 18 24 -22 16 20 2 -11 
14 12 10 10 24 -18 13 6 19 10 22 19 5 -18 22 4 -30 8 25 14 
20 6 5 21 3 -1 30 -21 -21 15 -7 2 -6 29 15 13 19 20 28 -9 
4 20 -15 9 -19 -14 -30 0 27 25 26 -8 -3 -17 28 21 22 18 4 3 
4 12 -29 -5 7 8 -10 1 25 1 -6 30 23 15 -23 -20 2 8 12 17 
5 15 10 18 3 6 19 16 -28 28 -11 5 -25 12 9 30 27 -14 -19 21 
21 1 -13 -13 29 2 19 6 17 -4 27 19 14 19 15 21 4 6 27 7 
21 22 1 12 15 -5 30 27 10 -11 -4 29 -8 -28 24 13 26 -7 4 11 
2 -24 -24 7 17 28 19 4 8 10 18 14 13 16 -5 7 19 9 -7 29 
-15 -4 24 -1 -15 30 0 27 27 10 1 21 -23 18 -21 -21 12 4 24 16 
16 24 4 12 -21 -21 18 -23 21 1 10 27 27 0 30 -15 -1 24 -4 -15 
29 -7 9 19 7 -5 16 13 14 18 10 8 4 19 28 17 7 -24 -24 2 
11 4 -7 26 13 24 -28 -8 29 -4 -11 10 27 30 -5 15 12 1 22 21 
7 27 6 4 21 15 19 14 19 27 -4 17 6 19 2 29 -13 -13 1 21 
21 -19 -14 27 30 9 12 -25 5 -11 28 -28 16 19 6 3 18 10 15 5 
17 12 8 2 -20 -23 15 23 30 -6 1 25 1 -10 8 7 -5 -29 12 4 
3 4 18 22 21 28 -17 -3 -8 26 25 27 0 -30 -14 -19 9 -15 20 4 
-9 28 20 19 13 15 29 -6 2 -7 15 -21 -21 30 -1 3 21 5 6 20 
14 25 8 -30 4 22 -18 5 19 22 10 19 6 13 -18 24 10 10 12 14 
-11 2 20 16 -22 24 18 17 20 22 -30 -19 21 19 7 9 -21 -2 17 17 
41
5
19 9
10 7
14 11
2 17
0 18
0 10
9 12
5 8
17 2
19 1
12
9 6 15
5 10 9
14 12 13
3 1 14
3 12 15
15 2 9
10 13 15
14 9 9
5 7 13
16 18 14
16 7 15
4 17 9
34
18 3
18 4
16 1
10 5
2 1
1 9
13 7
0 15
1 13
9 18
10 14
11 0
15 3
13 14
14 6
11 2
7 10
1 16
1 15
3 18
9 14
17 18
18 10
6 12
19 4
18 6
10 1
9 5
8 19
4 16
6 5
5 13
8 17
12 9
