20 20
10 1 9 -1 6 2 10 10 15 12 13 4 -8 1 6 -1 12 7 -12 15 
9 9 1 7 12 8 -1 -10 -15 -6 7 0 6 7 -8 5 12 5 16 4 
-1 -4 15 10 2 7 -3 13 13 10 14 15 6 -15 13 -4 6 -8 -10 1 
3 14 -12 6 -6 8 -1 -11 16 -9 5 9 12 1 -10 -4 3 4 9 9 
11 2 -1 13 14 12 9 10 -2 -2 7 12 -15 -1 4 2 3 -2 4 6 
6 6 8 3 5 2 -15 1 -15 14 0 7 13 9 -14 6 1 -4 4 16 
3 15 -8 16 13 -12 -14 -5 5 6 9 11 7 -15 -15 -10 -10 10 16 -7 
1 13 11 16 16 3 8 6 5 -9 -4 16 3 15 13 14 14 0 -16 1 
7 3 12 14 16 13 15 9 3 -10 13 16 15 -16 13 -8 14 14 5 9 
-10 -13 -11 12 16 14 -16 -13 8 6 12 2 6 9 14 8 0 -8 2 3 
3 2 -8 0 8 14 9 6 2 12 6 8 -13 -16 14 16 12 -11 -13 -10 
9 5 14 14 -8 13 -16 15 16 13 -10 3 9 15 13 16 14 12 3 7 
1 -16 0 14 14 13 15 3 16 -4 -9 5 6 8 3 16 16 11 13 1 
-7 16 10 -10 -10 -15 -15 7 11 9 6 5 -5 -14 -12 13 16 -8 15 3 
16 4 -4 1 6 -14 9 13 7 0 14 -15 1 -15 2 5 3 8 6 6 
6 4 -2 3 2 4 -1 -15 12 7 -2 -2 10 9 12 14 13 -1 2 11 
9 9 4 3 -4 -10 1 12 9 5 -9 16 -11 -1 8 -6 6 -12 14 3 
1 -10 -8 6 -4 13 -15 6 15 14 10 13 13 -3 7 2 10 15 -4 -1 
4 16 5 12 5 -8 7 6 0 7 -6 -15 -10 -1 8 12 7 1 9 9 
15 -12 7 12 -1 6 1 -8 4 13 12 15 10 10 2 6 -1 9 1 10 
30
8
11 2
18 13
18 0
6 18
11 4
9 3
12 1
3 17
8 17
1 6
1 19
13 1
8 15
10 16
7 18
16 2
12
15 16 8
9 8 14
12 15 10
2 19 14
12 17 16
8 7 15
4 3 8
10 11 14
7 4 10
17 0 14
7 2 16
11 12 15
26
5 9
14 15
18 3
9 5
12 14
4 17
13 11
11 14
10 19
16 11
7 17
19 14
8 18
14 10
5 4
1 16
10 14
7 5
15 2
6 8
8 5
9 0
3 8
12 2
0 5
11 1
