20 20
17 17 11 13 15 16 26 16 21 12 2 19 26 22 23 -14 23 5 -3 0 
8 -5 -3 -16 23 -2 19 3 18 11 5 -18 7 17 8 -22 20 -12 22 3 
12 21 -26 -19 6 7 21 4 -14 2 16 8 14 13 8 6 -25 6 -23 16 
-12 16 -23 -9 -1 -21 16 -2 21 7 -26 -4 11 -17 -5 5 5 18 15 2 
23 -2 -18 -4 1 -21 22 4 2 23 26 22 8 6 19 -13 6 8 12 25 
14 8 23 -3 11 18 17 -13 8 4 25 14 11 6 24 4 -3 25 23 23 
26 4 -1 -1 8 -5 14 -2 26 5 12 -20 3 -7 -8 -23 5 10 9 8 
10 3 -5 23 19 -23 4 9 5 -2 -12 25 -21 11 24 15 -5 -11 22 -5 
12 5 23 23 21 -10 2 17 -12 17 24 2 15 17 8 4 7 9 1 2 
3 16 25 12 -3 -16 21 12 23 19 0 -1 17 13 15 -7 23 -26 10 -20 
-20 10 -26 23 -7 15 13 17 -1 0 19 23 12 21 -16 -3 12 25 16 3 
2 1 9 7 4 8 17 15 2 24 17 -12 17 2 -10 21 23 23 5 12 
-5 22 -11 -5 15 24 11 -21 25 -12 -2 5 9 4 -23 19 23 -5 3 10 
8 9 10 5 -23 -8 -7 3 -20 12 5 26 -2 14 -5 8 -1 -1 4 26 
23 23 25 -3 4 24 6 11 14 25 4 8 -13 17 18 11 -3 23 8 14 
25 12 8 6 -13 19 6 8 22 26 23 2 4 22 -21 1 -4 -18 -2 23 
2 15 18 5 5 -5 -17 11 -4 -26 7 21 -2 16 -21 -1 -9 -23 16 -12 
16 -23 6 -25 6 8 13 14 8 16 2 -14 4 21 7 6 -19 -26 21 12 
3 22 -12 20 -22 8 17 7 -18 5 11 18 3 19 -2 23 -16 -3 -5 8 
0 -3 5 23 -14 23 22 26 19 2 12 21 16 26 16 15 13 11 17 17 
51
8
7 15
3 17
2 8
6 12
5 12
9 11
4 17
11 15
12 4
16 2
17 11
13 7
14 7
10 8
15 2
8 4
20
14 19 9
14 1 9
10 12 14
4 9 9
19 2 11
12 14 10
12 9 11
11 7 8
15 6 10
16 10 10
5 0 9
5 18 9
9 7 14
15 10 9
0 17 11
7 5 10
7 10 11
8 12 8
4 13 10
3 9 10
40
12 11
8 13
3 15
14 15
9 13
8 11
3 4
18 13
2 18
13 3
13 16
19 3
3 5
11 16
13 17
19 13
16 1
6 11
7 4
2 5
7 8
11 6
16 4
5 4
10 6
11 8
16 15
1 6
17 1
6 16
6 3
0 16
16 14
8 3
6 2
0 6
3 18
13 8
12 15
17 14
