20 20
2 14 12 11 -4 10 7 2 12 10 2 -8 14 14 12 1 13 6 -5 0 
8 5 10 -9 4 10 5 9 10 -1 2 8 -13 9 5 -3 2 4 5 -8 
-12 3 12 2 5 6 -6 6 -3 11 2 6 -10 2 6 6 10 0 12 7 
7 -11 13 0 0 12 -3 7 1 -8 7 4 -7 9 11 13 9 14 5 -7 
5 -2 5 5 1 10 0 -1 13 -12 5 13 3 14 11 0 0 1 12 -7 
7 1 8 4 7 14 6 14 -14 12 -11 9 -5 11 12 -8 7 9 -2 4 
11 -9 0 7 14 14 14 11 -2 -10 -10 3 13 8 13 9 2 11 4 9 
7 4 14 8 8 8 7 8 11 10 8 6 1 13 10 -10 14 6 10 13 
2 -12 -3 2 -10 9 1 1 12 5 3 -11 10 11 -2 11 11 -4 9 14 
-9 -8 2 -13 0 0 -10 14 11 -8 4 -13 10 5 0 -5 2 3 3 0 
0 3 3 2 -5 0 5 10 -13 4 -8 11 14 -10 0 0 -13 2 -8 -9 
14 9 -4 11 11 -2 11 10 -11 3 5 12 1 1 9 -10 2 -3 -12 2 
13 10 6 14 -10 10 13 1 6 8 10 11 8 7 8 8 8 14 4 7 
9 4 11 2 9 13 8 13 3 -10 -10 -2 11 14 14 14 7 0 -9 11 
4 -2 9 7 -8 12 11 -5 9 -11 12 -14 14 6 14 7 4 8 1 7 
-7 12 1 0 0 11 14 3 13 5 -12 13 -1 0 10 1 5 5 -2 5 
-7 5 14 9 13 11 9 -7 4 7 -8 1 7 -3 12 0 0 13 -11 7 
7 12 0 10 6 6 2 -10 6 2 11 -3 6 -6 6 5 2 12 3 -12 
-8 5 4 2 -3 5 9 -13 8 2 -1 10 9 5 10 4 -9 10 5 8 
0 -5 6 13 1 12 14 14 -8 2 10 12 2 7 10 -4 11 12 14 2 
57
8
10 17
14 13
0 3
0 10
15 5
18 10
12 19
13 10
9 2
5 6
19 16
19 9
4 14
1 9
7 0
6 9
8
16 18 13
18 4 12
6 1 13
9 4 13
3 1 13
1 15 12
13 18 13
10 15 13
40
14 12
3 6
7 6
14 10
19 18
16 0
10 18
17 16
11 3
16 8
8 15
2 6
3 8
15 19
8 14
6 10
19 7
10 16
1 16
13 5
5 7
16 13
12 13
5 9
0 1
3 19
9 1
2 3
8 16
3 11
11 4
17 13
16 11
4 0
11 5
13 9
0 12
9 3
18 3
6 14
