20 20
9 3 19 21 -5 12 10 8 -21 -8 -6 9 -22 11 10 15 22 21 14 16 
9 15 2 -21 -7 9 3 17 12 3 19 11 7 1 5 15 21 15 -16 15 
-17 7 8 7 -10 19 -8 18 5 13 4 14 18 12 14 17 2 3 13 19 
22 3 0 19 14 10 2 14 2 22 -5 9 17 -18 10 19 21 -19 17 21 
4 12 14 13 19 16 15 13 9 -7 13 3 19 21 13 16 15 7 15 18 
11 3 -6 14 -15 -4 0 16 7 19 -4 3 10 21 18 18 -18 18 18 14 
-22 13 22 2 9 20 2 -20 -9 -8 18 19 15 17 10 14 19 20 7 18 
-8 2 7 14 2 1 19 -6 17 -10 18 6 15 -18 4 7 5 22 -16 4 
20 17 10 16 -10 12 12 16 -2 17 -8 7 -2 6 13 12 -18 -9 22 16 
8 -17 0 22 21 16 2 3 5 0 22 17 -19 6 14 18 -9 18 7 6 
6 7 18 -9 18 14 6 -19 17 22 0 5 3 2 16 21 22 0 -17 8 
16 22 -9 -18 12 13 6 -2 7 -8 17 -2 16 12 12 -10 16 10 17 20 
4 -16 22 5 7 4 -18 15 6 18 -10 17 -6 19 1 2 14 7 2 -8 
18 7 20 19 14 10 17 15 19 18 -8 -9 -20 2 20 9 2 22 13 -22 
14 18 18 -18 18 18 21 10 3 -4 19 7 16 0 -4 -15 14 -6 3 11 
18 15 7 15 16 13 21 19 3 13 -7 9 13 15 16 19 13 14 12 4 
21 17 -19 21 19 10 -18 17 9 -5 22 2 14 2 10 14 19 0 3 22 
19 13 3 2 17 14 12 18 14 4 13 5 18 -8 19 -10 7 8 7 -17 
15 -16 15 21 15 5 1 7 11 19 3 12 17 3 9 -7 -21 2 15 9 
16 14 21 22 15 10 11 -22 9 -6 -8 -21 8 10 12 -5 21 19 3 9 
39
2
15 1
16 10
4 18
3 9
16
17 11 10
19 6 10
5 19 10
4 9 14
4 14 9
3 17 13
13 8 16
3 19 16
2 8 10
0 13 10
14 0 10
15 10 14
15 5 9
16 2 13
6 11 16
16 0 16
32
8 12
6 15
0 8
6 5
12 17
18 9
12 6
17 6
6 19
0 4
14 6
15 12
3 11
4 0
8 6
16 5
11 7
13 4
19 11
13 14
7 2
1 10
7 13
2 13
13 0
19 15
5 13
4 7
16 8
15 19
11 13
3 14
