20 20
15 -2 18 5 -15 14 22 -3 10 17 8 -23 25 20 23 -8 -12 -7 15 -11 
20 15 14 23 7 13 1 -13 3 18 26 21 3 -14 4 -12 20 -5 17 -13 
12 -5 17 4 4 11 0 5 14 24 15 25 20 8 13 6 -10 25 7 -13 
27 19 -17 26 5 -12 7 0 -13 12 16 1 27 10 15 18 25 15 8 -21 
18 3 10 4 27 15 -10 27 18 -4 2 25 -19 9 19 8 14 -15 -17 23 
27 26 -11 -15 -20 -12 -14 13 6 5 -20 19 26 -21 19 20 1 18 19 14 
17 7 22 21 -14 13 -7 2 -10 27 8 8 18 22 11 -25 -12 -16 9 22 
24 -9 5 12 18 1 5 24 5 14 7 21 -11 20 -23 26 9 19 24 14 
2 17 22 10 -15 6 14 15 25 -12 11 15 20 -2 26 3 13 22 26 -3 
13 10 0 24 8 1 19 -5 -23 -12 23 -19 18 11 -25 27 22 24 26 -20 
-20 26 24 22 27 -25 11 18 -19 23 -12 -23 -5 19 1 8 24 0 10 13 
-3 26 22 13 3 26 -2 20 15 11 -12 25 15 14 6 -15 10 22 17 2 
14 24 19 9 26 -23 20 -11 21 7 14 5 24 5 1 18 12 5 -9 24 
22 9 -16 -12 -25 11 22 18 8 8 27 -10 2 -7 13 -14 21 22 7 17 
14 19 18 1 20 19 -21 26 19 -20 5 6 13 -14 -12 -20 -15 -11 26 27 
23 -17 -15 14 8 19 9 -19 25 2 -4 18 27 -10 15 27 4 10 3 18 
-21 8 15 25 18 15 10 27 1 16 12 -13 0 7 -12 5 26 -17 19 27 
-13 7 25 -10 6 13 8 20 25 15 24 14 5 0 11 4 4 17 -5 12 
-13 17 -5 20 -12 4 -14 3 21 26 18 3 -13 1 13 7 23 14 15 20 
-11 15 -7 -12 -8 23 20 25 -23 8 17 10 -3 22 14 -15 5 18 -2 15 
42
7
6 5
10 12
19 7
13 8
10 2
3 17
17 5
13 14
9 7
0 12
6 11
9 17
16 2
2 14
12
9 10 11
0 8 13
5 9 8
13 11 14
18 12 15
8 3 12
10 9 11
19 11 13
14 10 8
6 8 14
1 7 15
11 16 12
38
13 18
9 4
4 7
19 6
15 16
1 13
5 19
11 0
16 9
15 18
16 0
18 3
18 14
2 0
17 18
3 15
8 5
8 18
4 18
6 1
10 15
15 12
0 13
4 3
18 6
14 0
8 19
3 10
4 1
3 19
1 16
1 5
17 19
2 1
16 4
11 14
11 1
15 1
