20 20
10 13 7 19 -22 5 -8 -22 4 -13 21 9 17 -1 12 -16 -12 20 14 21 
-6 6 2 -5 -10 3 0 4 -1 12 -16 16 9 -17 -22 13 2 1 13 -18 
7 21 22 16 -1 -10 4 21 10 19 14 19 6 -6 -1 -9 12 -12 1 11 
0 18 -13 17 12 1 14 12 8 10 9 2 0 9 6 6 8 20 8 15 
6 12 19 -17 -8 18 -13 10 -6 12 21 0 21 11 1 -8 3 -9 -19 -17 
-20 9 7 19 7 13 21 -20 10 1 3 -13 5 -10 4 13 12 0 18 18 
12 6 12 -9 -21 19 4 1 -22 11 1 6 -9 -7 -7 13 -18 -14 15 13 
-22 5 8 -10 -17 22 8 4 18 16 1 20 -4 -7 -20 7 0 -9 18 4 
18 9 13 18 1 20 -16 -14 14 20 -10 13 -7 12 20 2 -21 16 14 20 
-10 5 1 4 22 15 -2 21 4 14 19 -2 16 -4 13 3 18 8 20 12 
12 20 8 18 3 13 -4 16 -2 19 14 4 21 -2 15 22 4 1 5 -10 
20 14 16 -21 2 20 12 -7 13 -10 20 14 -14 -16 20 1 18 13 9 18 
4 18 -9 0 7 -20 -7 -4 20 1 16 18 4 8 22 -17 -10 8 5 -22 
13 15 -14 -18 13 -7 -7 -9 6 1 11 -22 1 4 19 -21 -9 12 6 12 
18 18 0 12 13 4 -10 5 -13 3 1 10 -20 21 13 7 19 7 9 -20 
-17 -19 -9 3 -8 1 11 21 0 21 12 -6 10 -13 18 -8 -17 19 12 6 
15 8 20 8 6 6 9 0 2 9 10 8 12 14 1 12 17 -13 18 0 
11 1 -12 12 -9 -1 -6 6 19 14 19 10 21 4 -10 -1 16 22 21 7 
-18 13 1 2 13 -22 -17 9 16 -16 12 -1 4 0 3 -10 -5 2 6 -6 
21 14 20 -12 -16 12 -1 17 9 21 -13 4 -22 -8 5 -22 19 7 13 10 
31
6
17 0
12 2
3 14
10 0
14 13
14 4
2 19
7 17
16 5
9 19
5 6
5 15
10
11 19 8
15 11 16
0 5 15
11 0 13
12 17 9
8 0 8
4 8 16
19 14 15
8 19 13
7 2 9
28
11 9
16 9
6 16
16 13
15 4
19 13
16 15
17 4
11 1
9 4
2 16
11 12
15 17
9 7
8 10
3 10
13 3
3 6
4 15
0 6
3 4
2 15
8 18
10 15
17 3
8 7
4 2
10 12
