20 20
-4 19 1 3 8 9 10 11 7 6 16 -5 13 13 18 16 3 -23 5 -17 
21 -22 -16 10 1 -18 8 8 13 6 -10 23 2 20 4 10 1 4 6 8 
6 7 6 20 9 -11 2 -2 19 18 7 6 20 17 16 18 -15 -20 8 1 
2 6 1 23 19 13 2 20 -2 11 -22 -22 -6 17 3 -23 11 16 9 11 
19 13 19 15 12 6 -1 -23 10 10 -11 5 15 -15 9 -16 15 -20 0 17 
10 12 9 19 -15 -1 10 -2 -3 10 -4 6 1 1 19 10 16 14 7 -15 
-14 -18 -8 14 -3 23 -21 10 -23 6 13 -7 5 3 5 -19 -16 8 11 17 
7 -3 13 12 -11 9 -1 20 10 12 19 17 15 22 17 -7 -17 23 8 6 
1 23 20 -14 13 -22 2 15 -4 20 13 12 2 10 15 9 -10 7 9 6 
-4 15 14 23 15 6 10 -4 19 3 3 16 11 14 10 -4 4 -19 0 9 
9 0 -19 4 -4 10 14 11 16 3 3 19 -4 10 6 15 23 14 15 -4 
6 9 7 -10 9 15 10 2 12 13 20 -4 15 2 -22 13 -14 20 23 1 
6 8 23 -17 -7 17 22 15 17 19 12 10 20 -1 9 -11 12 13 -3 7 
17 11 8 -16 -19 5 3 5 -7 13 6 -23 10 -21 23 -3 14 -8 -18 -14 
-15 7 14 16 10 19 1 1 6 -4 10 -3 -2 10 -1 -15 19 9 12 10 
17 0 -20 15 -16 9 -15 15 5 -11 10 10 -23 -1 6 12 15 19 13 19 
11 9 16 11 -23 3 17 -6 -22 -22 11 -2 20 2 13 19 23 1 6 2 
1 8 -20 -15 18 16 17 20 6 7 18 19 -2 2 -11 9 20 6 7 6 
8 6 4 1 10 4 20 2 23 -10 6 13 8 8 -18 1 10 -16 -22 21 
-17 5 -23 3 16 18 13 13 -5 16 6 7 11 10 9 8 3 1 19 -4 
59
7
3 5
6 11
18 8
5 3
14 9
15 17
9 13
16 14
13 8
1 11
14 16
5 10
4 2
10 6
12
1 9 11
5 7 16
18 9 16
16 0 15
0 16 9
0 10 11
18 10 11
14 12 16
1 10 16
3 19 15
19 3 9
19 9 11
30
11 18
4 6
19 15
4 8
5 12
17 6
2 17
7 2
19 11
0 15
14 0
9 12
6 7
5 17
7 13
8 1
15 13
0 4
15 11
14 7
2 13
17 2
12 17
0 8
19 4
5 19
10 7
13 12
14 2
12 6
