20 20
7 2 7 0 15 5 -2 10 4 1 6 10 13 -9 10 15 7 -6 1 12 
2 7 12 1 -1 12 12 -6 -1 1 8 15 7 11 13 5 -10 -11 9 11 
2 -12 7 4 15 -15 -3 12 7 -1 13 8 4 -14 -1 15 -14 1 15 5 
1 4 3 -14 13 -6 15 14 9 15 9 9 7 -7 12 1 1 -15 -10 3 
13 1 13 -7 -10 2 7 10 2 13 2 3 9 13 13 13 -5 -6 5 15 
13 -8 9 7 7 -6 10 -10 -8 -15 0 0 2 7 7 13 10 3 4 2 
-2 1 -5 14 -3 -13 14 -14 -14 -15 15 15 14 15 2 -9 3 8 -8 1 
2 15 11 12 8 5 2 13 1 10 7 1 4 -5 10 -5 7 5 1 7 
-13 -12 -11 3 3 15 -2 5 2 7 0 8 0 2 14 12 9 -6 3 -2 
6 7 14 5 11 -13 -6 3 12 8 -11 11 3 -11 13 8 11 1 5 -11 
-11 5 1 11 8 13 -11 3 11 -11 8 12 3 -6 -13 11 5 14 7 6 
-2 3 -6 9 12 14 2 0 8 0 7 2 5 -2 15 3 3 -11 -12 -13 
7 1 5 7 -5 10 -5 4 1 7 10 1 13 2 5 8 12 11 15 2 
1 -8 8 3 -9 2 15 14 15 15 -15 -14 -14 14 -13 -3 14 -5 1 -2 
2 4 3 10 13 7 7 2 0 0 -15 -8 -10 10 -6 7 7 9 -8 13 
15 5 -6 -5 13 13 13 9 3 2 13 2 10 7 2 -10 -7 13 1 13 
3 -10 -15 1 1 12 -7 7 9 9 15 9 14 15 -6 13 -14 3 4 1 
5 15 1 -14 15 -1 -14 4 8 13 -1 7 12 -3 -15 15 4 7 -12 2 
11 9 -11 -10 5 13 11 7 15 8 1 -1 -6 12 12 -1 1 12 7 2 
12 1 -6 7 15 10 -9 13 10 6 1 4 10 -2 5 15 0 7 2 7 
32
2
4 0
13 1
15 19
6 18
10
3 2 13
4 18 10
7 15 10
15 9 15
0 5 13
16 17 13
15 1 10
12 4 10
4 10 15
19 14 13
28
13 15
5 9
1 4
8 3
13 7
19 17
13 6
18 11
3 4
0 13
19 18
18 14
18 16
14 2
6 4
14 10
18 15
11 16
6 12
0 2
6 13
1 8
16 15
19 6
0 1
1 5
1 3
5 17
