20 20
-5 -6 24 4 19 24 16 -3 9 12 24 8 21 12 8 -13 8 3 5 9 
1 16 23 -5 13 2 -12 6 2 4 -8 -21 9 24 -17 14 -9 15 -18 15 
-15 8 -12 19 12 -13 -23 5 6 10 2 -5 13 20 -14 22 14 10 -16 -5 
-24 -6 10 15 -14 9 -16 -16 23 8 3 22 5 13 15 19 -20 -17 -13 4 
3 4 3 8 14 2 0 4 19 6 9 17 2 24 -13 1 24 9 13 2 
-20 14 24 15 3 9 9 17 -6 -3 -11 6 10 -23 8 24 12 22 1 -8 
15 20 -24 13 18 1 12 22 9 -16 3 12 14 -9 -6 -18 7 18 -11 15 
3 1 -11 13 8 24 -1 -18 7 23 22 18 -8 14 21 19 9 -23 -11 9 
-9 -12 19 22 12 17 18 14 15 24 7 13 23 -3 4 22 15 -24 0 -8 
-14 10 9 -16 7 19 19 11 23 24 -11 14 14 -2 7 12 2 -23 23 16 
16 23 -23 2 12 7 -2 14 14 -11 24 23 11 19 19 7 -16 9 10 -14 
-8 0 -24 15 22 4 -3 23 13 7 24 15 14 18 17 12 22 19 -12 -9 
9 -11 -23 9 19 21 14 -8 18 22 23 7 -18 -1 24 8 13 -11 1 3 
15 -11 18 7 -18 -6 -9 14 12 3 -16 9 22 12 1 18 13 -24 20 15 
-8 1 22 12 24 8 -23 10 6 -11 -3 -6 17 9 9 3 15 24 14 -20 
2 13 9 24 1 -13 24 2 17 9 6 19 4 0 2 14 8 3 4 3 
4 -13 -17 -20 19 15 13 5 22 3 8 23 -16 -16 9 -14 15 10 -6 -24 
-5 -16 10 14 22 -14 20 13 -5 2 10 6 5 -23 -13 12 19 -12 8 -15 
15 -18 15 -9 14 -17 24 9 -21 -8 4 2 6 -12 2 13 -5 23 16 1 
9 5 3 8 -13 8 12 21 8 24 12 9 -3 16 24 19 4 24 -6 -5 
32
5
7 13
8 1
8 3
2 19
6 17
12 6
11 18
11 16
17 0
13 2
10
18 17 12
7 18 14
10 3 12
8 18 16
19 9 8
1 2 12
12 1 14
9 16 12
11 1 16
0 10 8
34
1 16
9 8
19 14
1 4
5 4
6 2
17 6
16 14
8 0
4 10
5 15
2 17
19 3
2 8
15 19
3 14
8 19
18 3
10 11
0 5
18 15
14 15
13 17
2 13
3 5
11 19
15 9
14 4
17 2
0 16
17 11
4 0
16 5
11 0
