20 20
3 3 2 -2 -2 0 -1 1 -2 2 1 2 1 0 -3 0 0 0 3 1 
3 1 3 -2 -3 3 -1 -1 2 2 2 2 -3 1 3 3 2 -3 -1 2 
3 2 0 3 -1 2 2 1 -3 2 3 2 3 2 0 1 2 3 -1 3 
0 2 3 3 3 3 0 0 0 1 1 -3 1 1 1 3 2 3 0 -2 
3 -2 1 1 1 -2 0 1 -2 1 2 0 0 0 3 -2 3 -3 1 1 
1 2 -3 -1 3 0 1 3 -2 1 3 2 1 1 3 2 3 3 2 2 
-2 3 3 3 2 -1 2 0 0 1 1 0 3 0 3 1 2 2 3 -3 
3 -2 3 0 0 3 2 0 2 1 2 1 0 1 -1 2 1 3 2 3 
-1 1 2 2 2 -3 3 3 3 -3 0 3 0 -1 2 1 1 3 0 3 
-1 1 2 0 1 -1 0 0 3 2 0 2 0 -1 3 2 -2 0 1 3 
3 1 0 -2 2 3 -1 0 2 0 2 3 0 0 -1 1 0 2 1 -1 
3 0 3 1 1 2 -1 0 3 0 -3 3 3 3 -3 2 2 2 1 -1 
3 2 3 1 2 -1 1 0 1 2 1 2 0 2 3 0 0 3 -2 3 
-3 3 2 2 1 3 0 3 0 1 1 0 0 2 -1 2 3 3 3 -2 
2 2 3 3 2 3 1 1 2 3 1 -2 3 1 0 3 -1 -3 2 1 
1 1 -3 3 -2 3 0 0 0 2 1 -2 1 0 -2 1 1 1 -2 3 
-2 0 3 2 3 1 1 1 -3 1 1 0 0 0 3 3 3 3 2 0 
3 -1 3 2 1 0 2 3 2 3 2 -3 1 2 2 -1 3 0 2 3 
2 -1 -3 2 3 3 1 -3 2 2 2 2 -1 -1 3 -3 -2 3 1 3 
1 3 0 0 0 -3 0 1 2 1 2 -2 1 -1 0 -2 -2 2 3 3 
57
4
8 10
0 19
11 6
10 19
11 9
19 0
8 13
9 0
18
14 10 13
3 15 14
19 3 9
9 12 16
1 7 16
12 8 9
1 3 16
12 7 15
1 0 10
5 9 13
16 4 14
0 16 9
10 7 16
18 12 16
7 11 9
18 16 16
7 12 15
18 19 10
40
1 14
2 12
3 5
5 19
5 12
13 10
10 8
0 12
6 4
6 3
10 12
18 9
6 14
13 7
3 19
4 19
1 4
14 5
11 5
7 2
18 5
17 7
16 14
14 0
14 7
6 9
9 11
19 7
13 15
13 16
9 7
1 10
13 5
6 12
16 0
15 0
18 15
5 14
8 14
12 17
