20 20
10 -5 3 4 21 3 17 12 16 25 -1 -16 21 13 -21 25 4 20 22 25 
12 2 8 6 17 -4 11 22 17 22 12 22 1 -15 2 21 21 24 12 24 
-11 -8 3 8 -25 7 18 -9 21 -19 -20 1 10 7 22 -1 10 -18 16 3 
6 5 11 25 6 12 -17 15 0 -19 15 -20 21 4 2 2 23 11 -1 1 
-14 -17 25 3 19 4 0 5 1 24 15 5 8 -11 8 2 19 -7 1 -6 
25 2 15 2 4 11 11 21 15 4 9 20 20 -2 -17 -10 1 16 10 2 
-24 10 7 3 -7 23 23 1 9 18 24 5 -13 13 6 -9 9 10 19 4 
8 14 19 3 11 17 -24 24 -2 10 -4 21 17 20 20 15 16 0 17 -16 
13 17 -7 12 25 19 23 11 12 -23 23 1 24 8 10 24 -7 18 18 4 
14 12 4 7 -2 -10 -6 4 11 -5 -19 -24 -6 8 13 11 2 -13 12 23 
23 12 -13 2 11 13 8 -6 -24 -19 -5 11 4 -6 -10 -2 7 4 12 14 
4 18 18 -7 24 10 8 24 1 23 -23 12 11 23 19 25 12 -7 17 13 
-16 17 0 16 15 20 20 17 21 -4 10 -2 24 -24 17 11 3 19 14 8 
4 19 10 9 -9 6 13 -13 5 24 18 9 1 23 23 -7 3 7 10 -24 
2 10 16 1 -10 -17 -2 20 20 9 4 15 21 11 11 4 2 15 2 25 
-6 1 -7 19 2 8 -11 8 5 15 24 1 5 0 4 19 3 25 -17 -14 
1 -1 11 23 2 2 4 21 -20 15 -19 0 15 -17 12 6 25 11 5 6 
3 16 -18 10 -1 22 7 10 1 -20 -19 21 -9 18 7 -25 8 3 -8 -11 
24 12 24 21 21 2 -15 1 22 12 22 17 22 11 -4 17 6 8 2 12 
25 22 20 4 25 -21 13 21 -16 -1 25 16 12 17 3 21 4 3 -5 10 
55
5
18 16
9 19
6 18
8 2
0 7
1 3
10 0
13 1
11 17
19 12
10
12 15 8
12 10 10
15 0 14
8 0 15
11 3 9
7 4 8
7 9 10
4 19 14
11 19 15
8 16 9
34
15 10
3 6
19 11
12 0
6 8
4 12
7 17
3 9
0 15
6 5
19 13
7 1
16 5
16 2
12 8
0 3
5 18
4 9
16 13
0 8
7 19
13 11
15 7
12 2
16 10
19 4
13 14
0 6
12 18
3 14
3 17
7 11
19 16
14 1
