20 20
8 12 10 14 -17 5 17 -17 9 3 10 7 7 10 -2 0 16 -2 2 2 
-11 8 8 -6 15 0 12 8 17 -4 9 10 14 13 1 -17 1 4 3 -3 
6 -4 3 11 17 3 5 2 12 2 16 8 -8 -7 -3 5 -13 -1 13 8 
2 -3 -17 7 17 10 6 15 8 -15 -12 5 14 4 3 1 16 18 -4 8 
1 13 -17 11 -3 13 10 -4 4 14 10 5 -8 3 15 -18 5 3 6 9 
7 10 6 -12 -7 8 10 -2 1 6 -18 4 1 10 9 3 15 3 -7 17 
6 17 7 16 -4 16 -1 -4 3 7 9 16 14 6 -3 1 1 -2 16 2 
-2 13 13 7 17 -15 -1 3 18 13 -9 10 15 8 9 5 11 1 14 -7 
14 18 -10 6 4 -17 9 -16 3 11 12 -6 6 9 1 -12 -3 1 -8 6 
12 2 2 11 -14 16 -16 9 -12 -8 8 12 14 13 6 13 14 8 11 9 
9 11 8 14 13 6 13 14 12 8 -8 -12 9 -16 16 -14 11 2 2 12 
6 -8 1 -3 -12 1 9 6 -6 12 11 3 -16 9 -17 4 6 -10 18 14 
-7 14 1 11 5 9 8 15 10 -9 13 18 3 -1 -15 17 7 13 13 -2 
2 16 -2 1 1 -3 6 14 16 9 7 3 -4 -1 16 -4 16 7 17 6 
17 -7 3 15 3 9 10 1 4 -18 6 1 -2 10 8 -7 -12 6 10 7 
9 6 3 5 -18 15 3 -8 5 10 14 4 -4 10 13 -3 11 -17 13 1 
8 -4 18 16 1 3 4 14 5 -12 -15 8 15 6 10 17 7 -17 -3 2 
8 13 -1 -13 5 -3 -7 -8 8 16 2 12 2 5 3 17 11 3 -4 6 
-3 3 4 1 -17 1 13 14 10 9 -4 17 8 12 0 15 -6 8 8 -11 
2 2 -2 16 0 -2 10 7 7 10 3 9 -17 17 5 -17 14 10 12 8 
39
5
16 0
15 17
14 1
12 3
6 17
3 19
4 2
5 18
7 16
13 2
6
3 2 10
18 3 9
2 14 12
16 17 10
1 16 9
17 5 12
30
14 10
19 8
17 8
6 2
14 9
15 18
9 8
16 19
1 9
9 7
4 15
19 15
14 6
2 16
13 9
5 9
0 11
2 11
13 17
5 10
4 1
10 11
3 0
18 10
10 12
15 4
0 4
5 13
17 3
6 10
