20 20
14 1 -18 21 1 -18 6 5 -5 0 2 21 11 -16 7 12 5 -10 5 18 
16 12 -12 -20 -19 10 18 -6 -6 7 -17 16 20 17 10 19 6 3 -8 17 
1 0 -4 16 9 -7 21 16 20 20 17 18 -17 18 -13 -19 8 -7 1 20 
1 7 20 -13 19 21 14 14 19 -4 3 -13 9 11 19 -4 8 13 15 -21 
8 7 1 16 4 16 18 16 5 10 -2 8 10 12 -3 1 0 6 17 0 
3 9 -9 4 3 14 -9 -17 19 -6 16 15 8 0 -19 7 -4 14 21 9 
-19 19 17 18 17 0 -10 5 16 16 -13 -18 12 19 19 2 0 13 5 -10 
7 20 20 -15 21 5 -5 0 9 -12 9 14 10 21 3 -13 17 6 0 21 
-13 -3 -9 16 -17 -2 6 17 -10 -4 20 17 9 -8 5 13 12 19 11 21 
16 -9 8 -8 17 6 20 1 13 19 21 -1 -5 16 20 21 2 3 7 5 
5 7 3 2 21 20 16 -5 -1 21 19 13 1 20 6 17 -8 8 -9 16 
21 11 19 12 13 5 -8 9 17 20 -4 -10 17 6 -2 -17 16 -9 -3 -13 
21 0 6 17 -13 3 21 10 14 9 -12 9 0 -5 5 21 -15 20 20 7 
-10 5 13 0 2 19 19 12 -18 -13 16 16 5 -10 0 17 18 17 19 -19 
9 21 14 -4 7 -19 0 8 15 16 -6 19 -17 -9 14 3 4 -9 9 3 
0 17 6 0 1 -3 12 10 8 -2 10 5 16 18 16 4 16 1 7 8 
-21 15 13 8 -4 19 11 9 -13 3 -4 19 14 14 21 19 -13 20 7 1 
20 1 -7 8 -19 -13 18 -17 18 17 20 20 16 21 -7 9 16 -4 0 1 
17 -8 3 6 19 10 17 20 16 -17 7 -6 -6 18 10 -19 -20 -12 12 16 
18 5 -10 5 12 7 -16 11 21 2 0 -5 5 6 -18 1 21 -18 1 14 
48
4
18 9
3 17
17 16
0 15
1 10
16 2
2 3
19 4
18
14 10 10
15 6 15
12 8 14
15 7 10
6 18 14
10 5 16
13 19 16
14 13 11
19 12 8
5 9 10
4 13 15
7 11 14
4 12 10
13 1 14
9 14 16
6 0 16
5 6 11
0 7 8
30
12 11
13 11
15 10
0 17
19 17
17 11
18 19
11 19
17 12
19 6
9 4
2 12
14 9
7 4
14 11
7 8
6 8
4 9
19 2
0 2
2 8
1 0
8 0
2 7
0 13
10 15
17 7
5 10
12 15
5 8
