20 20
10 3 3 19 23 8 2 -9 13 -21 4 1 6 11 13 1 17 7 -21 -19 
-23 11 -3 23 7 5 18 24 9 22 2 12 9 -7 1 16 -20 -10 24 18 
6 -8 -6 22 -19 20 12 24 23 -19 11 11 16 -2 3 -9 20 -11 23 24 
19 9 4 -5 1 14 -5 10 17 16 19 22 -6 12 22 -23 13 23 11 7 
-23 14 12 19 11 5 -1 -17 6 16 19 -23 -21 5 16 9 19 24 10 -20 
11 21 15 9 -12 8 12 -2 10 7 24 -7 18 4 11 9 1 11 14 -23 
0 -19 22 -13 10 8 4 -3 12 -24 3 0 -10 14 5 12 15 10 -12 -24 
10 -15 11 22 24 -4 11 18 24 21 6 11 20 19 24 12 10 -7 4 16 
2 22 -14 -14 7 12 -16 9 3 17 16 8 20 18 -4 2 15 0 9 23 
16 24 -5 3 -3 -22 13 -15 0 20 6 -14 7 6 11 -4 14 23 15 -10 
-10 15 23 14 -4 11 6 7 -14 6 20 0 -15 13 -22 -3 3 -5 24 16 
23 9 0 15 2 -4 18 20 8 16 17 3 9 -16 12 7 -14 -14 22 2 
16 4 -7 10 12 24 19 20 11 6 21 24 18 11 -4 24 22 11 -15 10 
-24 -12 10 15 12 5 14 -10 0 3 -24 12 -3 4 8 10 -13 22 -19 0 
-23 14 11 1 9 11 4 18 -7 24 7 10 -2 12 8 -12 9 15 21 11 
-20 10 24 19 9 16 5 -21 -23 19 16 6 -17 -1 5 11 19 12 14 -23 
7 11 23 13 -23 22 12 -6 22 19 16 17 10 -5 14 1 -5 4 9 19 
24 23 -11 20 -9 3 -2 16 11 11 -19 23 24 12 20 -19 22 -6 -8 6 
18 24 -10 -20 16 1 -7 9 12 2 22 9 24 18 5 7 23 -3 11 -23 
-19 -21 7 17 1 13 11 6 1 4 -21 13 -9 2 8 23 19 3 3 10 
42
5
3 2
7 4
0 6
6 16
8 9
16 17
12 15
19 13
13 3
11 10
8
11 4 14
8 5 16
3 9 13
15 7 9
8 15 14
11 14 16
16 10 13
4 12 9
40
5 4
7 8
17 15
10 9
15 6
4 16
7 12
19 5
19 4
11 3
4 1
10 14
10 5
1 10
8 13
10 19
6 4
9 6
10 11
18 11
14 15
12 11
2 4
9 10
4 13
15 3
12 7
0 14
0 15
8 16
15 18
9 5
9 14
18 9
11 6
9 0
13 15
10 13
9 8
1 8
