20 20
9 -20 19 -21 13 22 18 14 28 -6 18 8 16 -16 4 27 6 23 1 21 
7 0 3 28 30 4 3 -13 29 -30 2 29 -23 17 -19 12 20 -29 29 20 
10 29 25 19 4 -28 12 13 14 -29 8 2 26 12 8 -17 -12 9 -4 30 
20 -29 -11 19 -4 16 26 -24 -13 27 -29 16 19 9 16 -13 25 29 -28 28 
10 29 5 20 -28 22 16 10 1 28 16 27 -24 5 27 -8 13 22 18 28 
6 15 8 6 20 3 3 12 14 -22 23 18 -19 14 6 -21 16 13 10 -5 
-16 -14 28 23 19 10 -13 25 -12 11 18 -29 30 -22 17 0 7 23 -3 21 
-19 15 10 16 -17 -4 -6 14 22 -27 7 -11 4 18 28 -9 13 6 -21 24 
25 28 -30 -17 3 9 17 24 21 13 -21 8 -28 -27 27 26 17 13 29 2 
27 -25 24 3 6 28 -27 25 6 26 14 15 13 13 -1 6 -22 -25 22 26 
26 22 -25 -22 6 -1 13 13 15 14 26 6 25 -27 28 6 3 24 -25 27 
2 29 13 17 26 27 -27 -28 8 -21 13 21 24 17 9 3 -17 -30 28 25 
24 -21 6 13 -9 28 18 4 -11 7 -27 22 14 -6 -4 -17 16 10 15 -19 
21 -3 23 7 0 17 -22 30 -29 18 11 -12 25 -13 10 19 23 28 -14 -16 
-5 10 13 16 -21 6 14 -19 18 23 -22 14 12 3 3 20 6 8 15 6 
28 18 22 13 -8 27 5 -24 27 16 28 1 10 16 22 -28 20 5 29 10 
28 -28 29 25 -13 16 9 19 16 -29 27 -13 -24 26 16 -4 19 -11 -29 20 
30 -4 9 -12 -17 8 12 26 2 8 -29 14 13 12 -28 4 19 25 29 10 
20 29 -29 20 12 -19 17 -23 29 2 -30 29 -13 3 4 30 28 3 0 7 
21 1 23 6 27 4 -16 16 8 18 -6 28 14 18 22 13 -21 19 -20 9 
37
4
17 5
14 17
13 15
2 17
2 14
5 2
6 4
17 2
6
11 18 13
11 8 10
18 1 16
8 1 13
8 11 10
1 18 16
30
12 3
17 7
13 5
11 7
19 18
10 9
13 11
8 3
17 16
11 12
12 13
3 14
2 13
10 14
8 0
7 16
2 12
6 14
8 12
0 1
9 10
6 8
11 16
2 3
8 7
7 6
16 5
17 6
9 5
11 19
