20 20
-9 13 16 -5 6 8 -2 1 5 0 -3 1 5 13 4 7 12 15 -16 5 
6 14 -16 15 13 9 15 10 -10 -5 6 10 2 9 4 7 -4 5 8 8 
2 -11 7 0 15 5 -16 11 10 3 5 -4 -12 16 5 1 6 1 15 12 
8 6 13 10 -2 -7 2 -12 3 -9 8 8 13 16 -1 6 -11 14 10 2 
-16 0 3 5 14 12 -2 13 3 7 -6 13 -10 16 14 3 11 -15 -3 14 
3 -8 5 3 15 16 15 1 14 -4 -6 -9 14 16 4 6 14 14 10 -3 
-2 -2 15 -3 15 9 7 16 16 12 8 14 -10 -8 9 -1 0 10 4 11 
7 12 3 -6 -8 -11 5 8 10 2 5 -16 6 6 -2 -6 -7 9 -2 0 
7 10 3 -3 -6 14 11 1 14 8 1 2 16 -6 5 7 15 7 2 16 
-7 -4 8 14 -9 7 5 11 15 7 -11 9 12 1 4 0 2 -10 13 8 
8 13 -10 2 0 4 1 12 9 -11 7 15 11 5 7 -9 14 8 -4 -7 
16 2 7 15 7 5 -6 16 2 1 8 14 1 11 14 -6 -3 3 10 7 
0 -2 9 -7 -6 -2 6 6 -16 5 2 10 8 5 -11 -8 -6 3 12 7 
11 4 10 0 -1 9 -8 -10 14 8 12 16 16 7 9 15 -3 15 -2 -2 
-3 10 14 14 6 4 16 14 -9 -6 -4 14 1 15 16 15 3 5 -8 3 
14 -3 -15 11 3 14 16 -10 13 -6 7 3 13 -2 12 14 5 3 0 -16 
2 10 14 -11 6 -1 16 13 8 8 -9 3 -12 2 -7 -2 10 13 6 8 
12 15 1 6 1 5 16 -12 -4 5 3 10 11 -16 5 15 0 7 -11 2 
8 8 5 -4 7 4 9 2 10 6 -5 -10 10 15 9 13 15 -16 14 6 
5 -16 15 12 7 4 13 5 1 -3 0 5 1 -2 8 6 -5 16 13 -9 
36
4
14 19
7 1
6 5
2 16
5 0
12 18
13 14
17 3
20
10 3 15
9 18 11
4 10 12
9 1 9
5 16 8
11 4 12
3 1 9
17 16 14
10 16 12
14 1 15
9 16 15
10 1 11
15 9 12
10 18 9
14 3 8
8 15 12
16 18 9
2 3 14
9 3 12
5 18 15
36
5 17
13 0
13 2
0 13
12 3
13 4
14 10
8 12
8 2
19 2
4 0
8 5
2 5
12 6
19 4
5 8
18 3
4 9
14 2
6 19
6 17
19 6
7 16
6 15
5 9
11 7
11 17
0 17
15 19
11 14
17 14
7 13
0 15
14 11
1 16
15 10
