20 20
-10 -8 6 10 1 4 1 -11 1 8 8 9 -2 3 7 1 -11 -11 0 -2 
10 1 2 7 0 9 -1 6 9 -6 7 11 9 6 -1 -1 0 1 3 7 
-10 0 7 6 0 -9 3 0 6 9 -1 1 -7 1 5 2 10 4 2 10 
4 7 -2 2 4 4 8 11 9 -4 4 -1 2 2 2 7 -1 7 7 0 
7 -7 5 -5 5 -10 0 9 5 8 -8 4 3 -4 -11 11 1 7 1 11 
-8 7 4 8 -1 4 0 1 2 -8 6 8 7 8 2 1 0 2 -1 10 
9 -9 11 3 11 2 -4 3 5 6 7 3 -9 5 6 7 5 10 8 8 
7 1 8 4 7 6 1 -7 6 3 7 4 6 3 -11 2 2 3 8 -5 
8 3 -6 3 -8 7 1 9 5 11 4 11 9 -10 8 5 11 -2 2 2 
8 5 0 4 2 -3 0 9 -8 9 7 8 11 11 -9 6 0 8 3 11 
11 3 8 0 6 -9 11 11 8 7 9 -8 9 0 -3 2 4 0 5 8 
2 2 -2 11 5 8 -10 9 11 4 11 5 9 1 7 -8 3 -6 3 8 
-5 8 3 2 2 -11 3 6 4 7 3 6 -7 1 6 7 4 8 1 7 
8 8 10 5 7 6 5 -9 3 7 6 5 3 -4 2 11 3 11 -9 9 
10 -1 2 0 1 2 8 7 8 6 -8 2 1 0 4 -1 8 4 7 -8 
11 1 7 1 11 -11 -4 3 4 -8 8 5 9 0 -10 5 -5 5 -7 7 
0 7 7 -1 7 2 2 2 -1 4 -4 9 11 8 4 4 2 -2 7 4 
10 2 4 10 2 5 1 -7 1 -1 9 6 0 3 -9 0 6 7 0 -10 
7 3 1 0 -1 -1 6 9 11 7 -6 9 6 -1 9 0 7 2 1 10 
-2 0 -11 -11 1 7 3 -2 9 8 8 1 -11 1 4 1 10 6 -8 -10 
47
3
15 17
10 0
19 14
4 2
9 19
0 5
14
9 5 11
17 1 13
11 13 16
17 0 15
6 8 10
8 5 14
11 7 16
10 14 11
2 18 13
8 6 16
2 19 15
13 11 10
11 14 14
8 12 16
26
15 3
18 19
12 4
11 18
8 4
13 18
9 0
6 13
16 9
13 0
6 9
16 17
14 0
4 16
1 0
7 15
8 1
11 15
6 1
10 19
13 6
3 10
6 19
13 10
3 2
5 19
