20 20
10 8 -4 -13 5 5 6 10 11 0 -5 -3 -5 2 12 12 3 11 4 -8 
-1 3 4 10 8 4 13 -3 -5 5 -7 3 11 -5 13 11 5 11 -4 13 
1 9 3 6 8 6 13 13 -3 13 2 -2 -4 0 10 1 8 7 0 -11 
-10 9 8 13 12 12 7 7 7 4 4 11 -2 10 6 13 11 3 11 10 
-13 5 -6 1 -9 3 6 6 8 1 1 -12 10 5 12 13 0 7 4 5 
9 10 13 1 -10 3 11 5 5 7 8 -3 10 13 7 2 3 7 7 4 
1 11 10 7 13 2 2 8 13 5 5 6 2 -13 7 3 10 -9 10 0 
-6 -8 1 6 4 7 -4 3 8 8 10 6 -3 -6 3 9 11 10 6 3 
12 10 7 11 -9 8 -9 1 -1 9 13 12 8 5 5 -3 6 13 4 4 
10 9 7 6 4 3 11 -2 10 5 8 4 -4 2 8 -4 11 -13 13 5 
5 13 -13 11 -4 8 2 -4 4 8 5 10 -2 11 3 4 6 7 9 10 
4 4 13 6 -3 5 5 8 12 13 9 -1 1 -9 8 -9 11 7 10 12 
3 6 10 11 9 3 -6 -3 6 10 8 8 3 -4 7 4 6 1 -8 -6 
0 10 -9 10 3 7 -13 2 6 5 5 13 8 2 2 13 7 10 11 1 
4 7 7 3 2 7 13 10 -3 8 7 5 5 11 3 -10 1 13 10 9 
5 4 7 0 13 12 5 10 -12 1 1 8 6 6 3 -9 1 -6 5 -13 
10 11 3 11 13 6 10 -2 11 4 4 7 7 7 12 12 13 8 9 -10 
-11 0 7 8 1 10 0 -4 -2 2 13 -3 13 13 6 8 6 3 9 1 
13 -4 11 5 11 13 -5 11 3 -7 5 -5 -3 13 4 8 10 4 3 -1 
-8 4 11 3 12 12 2 -5 -3 -5 0 11 10 6 5 5 -13 -4 8 10 
30
2
18 15
3 18
1 4
16 1
16
2 16 8
4 15 8
15 11 11
6 16 12
13 11 14
9 15 13
1 2 15
16 10 12
17 3 8
15 4 8
4 8 11
13 3 12
6 8 14
10 4 13
18 17 15
3 9 12
32
2 5
2 3
1 13
12 11
14 1
4 11
7 1
12 10
0 19
7 17
12 0
14 12
10 14
2 7
1 17
3 13
17 14
17 16
18 6
7 8
5 18
15 8
12 18
7 9
19 0
12 2
7 19
5 7
9 5
17 12
18 2
16 6
