20 20
10 17 1 19 -8 -17 7 8 19 13 15 16 13 6 6 5 -3 8 12 18 
1 4 -8 2 0 1 13 0 -1 8 18 10 -13 -2 10 14 5 17 -17 17 
2 10 -17 1 -10 17 14 3 -7 3 -8 2 5 17 3 3 4 -6 10 8 
8 16 17 19 14 -5 17 10 19 -9 8 16 -1 14 -2 17 14 12 5 4 
2 4 10 -6 -14 7 -6 11 14 -4 1 2 2 4 12 15 18 8 10 -18 
11 -2 13 -1 6 4 5 7 13 0 3 12 6 8 2 2 0 16 5 18 
12 15 5 -3 1 6 12 3 2 11 4 -7 -11 4 7 8 18 2 17 -17 
-6 -8 16 15 1 4 15 11 18 -2 3 -8 0 -18 5 -1 -6 3 17 -11 
12 3 1 2 1 -13 5 16 3 6 18 16 1 19 8 19 3 17 13 18 
-18 12 17 2 5 -18 -8 11 9 13 -16 17 -13 14 12 10 9 19 14 5 
5 14 19 9 10 12 14 -13 17 -16 13 9 11 -8 -18 5 2 17 12 -18 
18 13 17 3 19 8 19 1 16 18 6 3 16 5 -13 1 2 1 3 12 
-11 17 3 -6 -1 5 -18 0 -8 3 -2 18 11 15 4 1 15 16 -8 -6 
-17 17 2 18 8 7 4 -11 -7 4 11 2 3 12 6 1 -3 5 15 12 
18 5 16 0 2 2 8 6 12 3 0 13 7 5 4 6 -1 13 -2 11 
-18 10 8 18 15 12 4 2 2 1 -4 14 11 -6 7 -14 -6 10 4 2 
4 5 12 14 17 -2 14 -1 16 8 -9 19 10 17 -5 14 19 17 16 8 
8 10 -6 4 3 3 17 5 2 -8 3 -7 3 14 17 -10 1 -17 10 2 
17 -17 17 5 14 10 -2 -13 10 18 8 -1 0 13 1 0 2 -8 4 1 
18 12 8 -3 5 6 6 13 16 15 13 19 8 7 -17 -8 19 1 17 10 
38
6
12 10
4 2
13 15
12 16
11 3
17 15
7 9
15 17
6 4
7 3
8 16
2 4
12
8 12 11
13 5 12
12 18 16
11 2 13
18 11 8
10 7 10
11 7 11
6 14 12
7 1 16
8 17 13
1 8 8
9 12 10
30
8 11
19 14
14 11
7 0
5 0
14 9
1 0
1 3
15 14
17 5
1 14
6 5
14 2
12 15
18 17
11 8
0 5
5 8
12 19
14 19
5 10
18 19
18 16
4 5
2 14
18 5
13 14
5 17
7 4
1 2
