20 20
1 21 27 7 24 5 -16 28 24 -17 -21 10 18 20 23 4 7 11 16 -19 
0 -7 5 -22 4 -9 15 1 6 26 20 11 -23 12 28 -26 15 -3 14 23 
23 23 6 14 -8 22 27 -25 18 17 1 14 3 -2 24 -17 21 18 16 14 
17 19 24 20 15 4 11 -18 2 -27 -15 -26 -6 13 0 16 13 24 -20 23 
9 9 20 24 21 23 15 10 10 13 -22 8 11 13 16 7 20 19 25 16 
16 8 22 19 -25 17 -14 4 -22 28 -25 22 -5 -28 6 12 -19 2 16 10 
24 26 7 22 23 28 0 24 24 11 -24 10 23 5 -19 16 -27 12 24 22 
22 -11 9 24 17 27 16 7 27 12 27 -9 21 8 19 25 20 20 -5 13 
13 -24 -2 -20 -3 11 11 4 23 -3 10 10 7 23 12 17 -23 -7 9 28 
9 7 25 16 11 -17 -20 21 -15 22 0 -19 8 -4 -15 22 2 -8 21 -14 
-14 21 -8 2 22 -15 -4 8 -19 0 22 -15 21 -20 -17 11 16 25 7 9 
28 9 -7 -23 17 12 23 7 10 10 -3 23 4 11 11 -3 -20 -2 -24 13 
13 -5 20 20 25 19 8 21 -9 27 12 27 7 16 27 17 24 9 -11 22 
22 24 12 -27 16 -19 5 23 10 -24 11 24 24 0 28 23 22 7 26 24 
10 16 2 -19 12 6 -28 -5 22 -25 28 -22 4 -14 17 -25 19 22 8 16 
16 25 19 20 7 16 13 11 8 -22 13 10 10 15 23 21 24 20 9 9 
23 -20 24 13 16 0 13 -6 -26 -15 -27 2 -18 11 4 15 20 24 19 17 
14 16 18 21 -17 24 -2 3 14 1 17 18 -25 27 22 -8 14 6 23 23 
23 14 -3 15 -26 28 12 -23 11 20 26 6 1 15 -9 4 -22 5 -7 0 
-19 16 11 7 4 23 20 18 10 -21 -17 24 28 -16 5 24 7 27 21 1 
52
8
15 1
12 8
3 17
0 11
8 17
13 6
11 0
13 7
4 18
7 11
16 2
19 8
11 2
6 13
8 19
6 12
18
4 0 10
5 9 16
10 6 16
18 15 10
15 11 13
19 2 8
15 16 10
0 4 11
12 16 16
15 19 10
14 10 16
9 13 16
1 4 10
4 8 13
0 17 8
4 3 10
19 15 11
7 3 16
32
8 12
19 1
16 6
2 8
3 1
13 3
18 7
10 9
3 16
3 9
4 19
13 11
19 18
11 8
7 6
16 7
11 7
0 18
3 13
17 11
16 18
6 16
1 12
9 10
16 3
16 10
15 0
6 8
0 1
8 11
12 13
3 12
