20 20
0 5 -8 11 2 3 1 10 -14 -4 12 5 -13 10 16 -11 7 9 6 11 
7 4 6 9 14 -7 14 -4 -11 8 -16 4 5 0 4 11 -13 -10 16 -5 
2 11 6 11 2 1 14 2 16 5 7 7 5 15 -1 -4 15 -1 3 7 
-11 -6 8 2 14 9 8 5 9 7 -3 -13 11 1 -14 9 9 1 -7 13 
15 5 3 8 12 4 5 4 1 -2 -13 4 -4 -2 3 -9 -14 5 16 -3 
-7 14 5 7 -13 10 15 4 1 8 -16 13 12 9 9 13 0 1 10 1 
4 -11 5 8 14 3 10 10 16 4 16 2 4 -7 0 7 16 6 8 -16 
15 13 8 9 11 0 16 14 -15 12 -4 6 16 10 12 0 -8 12 13 -6 
16 14 -9 5 15 -15 -14 13 -16 7 0 15 12 1 4 12 -7 -13 3 10 
7 5 1 0 3 3 10 12 1 2 0 14 -6 1 4 9 1 -2 7 -4 
-4 7 -2 1 9 4 1 -6 14 0 2 1 12 10 3 3 0 1 5 7 
10 3 -13 -7 12 4 1 12 15 0 7 -16 13 -14 -15 15 5 -9 14 16 
-6 13 12 -8 0 12 10 16 6 -4 12 -15 14 16 0 11 9 8 13 15 
-16 8 6 16 7 0 -7 4 2 16 4 16 10 10 3 14 8 5 -11 4 
1 10 1 0 13 9 9 12 13 -16 8 1 4 15 10 -13 7 5 14 -7 
-3 16 5 -14 -9 3 -2 -4 4 -13 -2 1 4 5 4 12 8 3 5 15 
13 -7 1 9 9 -14 1 11 -13 -3 7 9 5 8 9 14 2 8 -6 -11 
7 3 -1 15 -4 -1 15 5 7 7 5 16 2 14 1 2 11 6 11 2 
-5 16 -10 -13 11 4 0 5 4 -16 8 -11 -4 14 -7 14 9 6 4 7 
11 6 9 7 -11 16 10 -13 5 12 -4 -14 10 1 3 2 11 -8 5 0 
60
6
10 9
12 16
18 5
7 19
19 14
16 13
9 10
7 3
1 14
12 0
0 5
3 6
8
19 3 16
16 18 10
1 17 12
12 6 16
0 16 16
3 1 10
18 2 12
7 13 16
38
18 14
9 6
16 19
19 7
8 4
2 12
10 17
17 0
16 7
18 3
1 3
8 5
15 4
9 4
5 8
4 18
0 4
10 4
3 13
1 5
10 13
3 0
0 12
11 15
17 7
9 2
2 19
3 12
1 16
18 16
11 14
4 15
10 15
14 11
15 1
19 15
9 15
16 6
