20 20
3 2 0 -1 0 -2 1 2 2 2 -1 1 1 0 0 1 2 0 -1 2 
-1 1 0 3 3 1 3 -3 1 3 2 3 -2 3 -3 3 -1 -1 3 2 
1 1 2 1 3 3 -3 2 1 2 1 -1 0 0 3 3 2 1 3 1 
3 -1 1 1 2 3 -3 -1 2 3 0 -3 0 0 3 0 -2 -2 1 2 
-2 -2 2 -2 1 2 2 2 0 2 0 2 3 2 2 0 2 2 0 2 
3 -3 1 1 1 1 -1 2 3 -2 2 1 -2 0 3 3 3 3 0 3 
-1 2 3 1 1 3 0 -2 -1 3 -3 1 1 2 1 3 3 0 3 0 
2 0 1 3 -2 2 3 3 1 2 3 2 3 -2 -1 0 2 1 0 1 
2 2 -2 0 1 3 -3 0 1 -3 1 -3 2 3 0 0 0 -1 2 -2 
1 1 3 2 3 3 3 0 0 -1 1 -2 0 2 -2 0 -1 -3 2 3 
3 2 -3 -1 0 -2 2 0 -2 1 -1 0 0 3 3 3 2 3 1 1 
-2 2 -1 0 0 0 3 2 -3 1 -3 1 0 -3 3 1 0 -2 2 2 
1 0 1 2 0 -1 -2 3 2 3 2 1 3 3 2 -2 3 1 0 2 
0 3 0 3 3 1 2 1 1 -3 3 -1 -2 0 3 1 1 3 2 -1 
3 0 3 3 3 3 0 -2 1 2 -2 3 2 -1 1 1 1 1 -3 3 
2 0 2 2 0 2 2 3 2 0 2 0 2 2 2 1 -2 2 -2 -2 
2 1 -2 -2 0 3 0 0 -3 0 3 2 -1 -3 3 2 1 1 -1 3 
1 3 1 2 3 3 0 0 -1 1 2 1 2 -3 3 3 1 2 1 1 
2 3 -1 -1 3 -3 3 -2 3 2 3 1 -3 3 1 3 3 0 1 -1 
2 -1 0 2 1 0 0 1 1 -1 2 2 2 1 -2 0 -1 0 2 3 
37
5
8 9
7 10
13 18
4 8
0 12
11 10
12 9
6 1
15 11
19 7
10
19 16 13
4 1 16
5 2 9
9 8 16
17 16 16
0 3 13
15 18 16
14 17 9
10 11 16
2 3 16
38
6 3
13 0
0 7
4 7
11 8
3 12
9 17
17 12
1 15
5 14
0 16
15 0
16 15
18 1
15 17
7 9
6 14
18 5
5 16
13 16
6 19
19 12
15 12
8 11
16 7
10 2
2 7
18 4
14 5
19 3
4 19
3 4
1 18
4 2
12 10
13 5
1 14
14 3
