20 20
-11 2 2 11 3 5 2 2 2 10 13 -8 12 13 -9 -3 1 7 14 3 
-12 14 13 5 -11 -13 9 3 0 8 8 -7 2 -10 6 -8 6 13 3 13 
5 13 14 2 11 7 13 2 6 2 -13 -5 2 7 11 1 14 11 -3 3 
6 5 0 3 6 12 1 7 6 3 14 6 1 -2 -7 10 14 9 14 -6 
13 -9 12 -9 -11 14 3 -1 11 12 -7 2 7 1 0 5 1 14 -4 11 
11 9 8 -9 8 10 13 1 11 11 1 0 0 -9 5 6 -1 0 12 -11 
11 1 1 12 -2 14 2 9 9 2 2 14 9 -12 9 8 -13 9 4 -3 
13 1 2 9 -13 5 4 14 10 7 10 -11 5 -9 1 -10 13 7 8 9 
-13 13 0 9 10 5 12 12 -9 13 10 1 -4 13 2 2 8 10 2 4 
7 1 0 0 2 1 5 10 13 -1 -4 -2 4 -5 8 11 3 -11 11 13 
13 11 -11 3 11 8 -5 4 -2 -4 -1 13 10 5 1 2 0 0 1 7 
4 2 10 8 2 2 13 -4 1 10 13 -9 12 12 5 10 9 0 13 -13 
9 8 7 13 -10 1 -9 5 -11 10 7 10 14 4 5 -13 9 2 1 13 
-3 4 9 -13 8 9 -12 9 14 2 2 9 9 2 14 -2 12 1 1 11 
-11 12 0 -1 6 5 -9 0 0 1 11 11 1 13 10 8 -9 8 9 11 
11 -4 14 1 5 0 1 7 2 -7 12 11 -1 3 14 -11 -9 12 -9 13 
-6 14 9 14 10 -7 -2 1 6 14 3 6 7 1 12 6 3 0 5 6 
3 -3 11 14 1 11 7 2 -5 -13 2 6 2 13 7 11 2 14 13 5 
13 3 13 6 -8 6 -10 2 -7 8 8 0 3 9 -13 -11 5 13 14 -12 
3 14 7 1 -3 -9 13 12 -8 13 10 2 2 2 5 3 11 2 2 -11 
36
7
3 4
5 10
5 7
11 4
16 8
9 14
19 13
16 15
14 9
14 12
8 15
3 11
10 5
0 6
18
3 6 15
17 9 13
18 1 12
6 10 11
5 8 9
19 0 9
2 8 13
1 10 8
8 2 9
16 13 15
2 10 13
1 18 12
13 9 11
14 11 9
0 19 9
17 11 13
18 9 8
11 17 9
26
0 2
5 13
9 11
12 8
2 4
1 13
13 16
1 4
7 9
1 0
7 4
3 10
14 17
19 17
14 6
10 8
7 11
17 15
18 6
6 3
18 15
12 10
18 19
12 15
16 9
5 2
