20 20
0 -4 -4 0 -2 3 4 -1 4 -3 1 -3 2 2 -2 2 4 4 4 1 
1 1 4 2 3 1 2 2 -2 -4 3 1 4 -2 4 4 2 3 -3 0 
0 4 -1 1 2 3 0 4 0 3 -3 3 2 0 2 1 0 -1 4 -1 
1 -4 1 4 3 -3 -2 1 1 -1 -3 4 3 -4 2 1 1 3 -4 2 
-4 2 3 1 3 -2 0 2 4 -3 4 4 -2 1 3 -3 -1 1 -2 4 
2 1 -4 4 3 1 -2 1 1 -1 1 3 1 3 -4 0 -1 -4 1 4 
0 1 3 -1 3 -2 3 3 -4 1 4 2 2 2 0 -1 2 3 -4 -3 
1 2 2 3 1 3 0 -2 -4 2 0 0 3 2 0 -2 0 2 -3 3 
-2 0 2 1 4 1 -3 3 4 3 1 3 0 3 3 -2 -4 4 2 4 
2 1 -1 0 2 2 2 2 -3 2 0 3 -2 2 4 0 3 2 2 4 
4 2 2 3 0 4 2 -2 3 0 2 -3 2 2 2 2 0 -1 1 2 
4 2 4 -4 -2 3 3 0 3 1 3 4 3 -3 1 4 1 2 0 -2 
3 -3 2 0 -2 0 2 3 0 0 2 -4 -2 0 3 1 3 2 2 1 
-3 -4 3 2 -1 0 2 2 2 4 1 -4 3 3 -2 3 -1 3 1 0 
4 1 -4 -1 0 -4 3 1 3 1 -1 1 1 -2 1 3 4 -4 1 2 
4 -2 1 -1 -3 3 1 -2 4 4 -3 4 2 0 -2 3 1 3 2 -4 
2 -4 3 1 1 2 -4 3 4 -3 -1 1 1 -2 -3 3 4 1 -4 1 
-1 4 -1 0 1 2 0 2 3 -3 3 0 4 0 3 2 1 -1 4 0 
0 -3 3 2 4 4 -2 4 1 3 -4 -2 2 2 1 3 2 4 1 1 
1 4 4 4 2 -2 2 2 -3 1 -3 4 -1 4 3 -2 0 -4 -4 0 
60
4
4 3
19 1
14 10
19 6
15 16
0 18
5 9
0 13
10
3 13 8
15 11 13
5 16 14
13 18 13
11 13 14
16 6 8
4 8 13
14 3 14
6 1 13
8 6 14
26
7 4
3 14
14 11
4 10
7 16
4 11
7 11
10 5
0 15
15 17
17 1
11 16
6 4
12 15
16 5
5 8
15 9
12 3
15 8
12 8
9 14
19 4
4 2
2 18
8 3
13 15
