20 20
6 5 1 3 0 1 8 5 3 -4 8 7 8 4 2 9 1 -5 7 6 
4 2 8 6 -8 3 6 6 8 5 5 8 8 9 9 2 -5 5 4 5 
4 8 6 2 9 4 -4 1 1 -4 1 6 0 2 -8 9 3 5 3 9 
9 5 4 4 8 -5 5 7 -2 2 2 6 1 5 -8 9 4 7 0 5 
5 3 4 5 0 6 2 5 6 2 9 -1 5 -5 2 -3 3 6 0 -9 
1 -6 9 -9 4 -5 -5 -9 4 2 3 4 2 2 -1 1 7 -9 4 -3 
9 3 7 4 -9 6 4 3 -7 -6 5 8 -9 -5 6 7 7 5 6 -7 
-5 -3 8 4 7 -3 6 2 4 6 5 3 3 2 -6 -9 3 0 5 6 
2 2 6 -5 5 6 9 4 5 1 2 2 5 -3 2 8 2 2 -7 2 
8 2 4 1 -8 4 -4 -2 8 4 -6 4 -3 9 3 2 2 4 -2 4 
4 -2 4 2 2 3 9 -3 4 -6 4 8 -2 -4 4 -8 1 4 2 8 
2 -7 2 2 8 2 -3 5 2 2 1 5 4 9 6 5 -5 6 2 2 
6 5 0 3 -9 -6 2 3 3 5 6 4 2 6 -3 7 4 8 -3 -5 
-7 6 5 7 7 6 -5 -9 8 5 -6 -7 3 4 6 -9 4 7 3 9 
-3 4 -9 7 1 -1 2 2 4 3 2 4 -9 -5 -5 4 -9 9 -6 1 
-9 0 6 3 -3 2 -5 5 -1 9 2 6 5 2 6 0 5 4 3 5 
5 0 7 4 9 -8 5 1 6 2 2 -2 7 5 -5 8 4 4 5 9 
9 3 5 3 9 -8 2 0 6 1 -4 1 1 -4 4 9 2 6 8 4 
5 4 5 -5 2 9 9 8 8 5 5 8 6 6 3 -8 6 8 2 4 
6 7 -5 1 9 2 4 8 7 8 -4 3 5 8 1 0 3 1 5 6 
52
7
18 6
3 7
8 1
11 16
18 8
6 13
2 1
1 13
16 12
11 18
8 3
1 11
13 6
17 18
6
11 19 8
12 1 14
5 2 13
8 0 8
7 18 14
14 17 13
26
10 3
9 18
5 10
6 5
13 2
14 1
2 5
3 10
19 14
13 17
16 14
2 8
10 18
9 16
10 1
14 9
13 14
6 17
5 18
17 14
16 9
0 5
6 2
3 5
17 11
9 1
