20 20
0 1 1 -4 -1 -12 15 12 16 19 17 10 14 12 7 -15 13 18 -15 -15 
3 -13 8 20 16 3 10 14 16 6 1 12 10 1 -5 1 -13 11 2 12 
19 20 -16 1 10 5 10 -4 10 6 12 1 -5 9 4 18 5 18 6 6 
19 14 19 -8 15 -15 -20 -4 1 19 9 -3 18 -15 14 13 6 7 3 7 
5 -19 11 6 -1 7 13 -14 1 -18 18 7 -2 4 1 9 -1 8 13 15 
5 -2 13 0 -20 11 14 -1 19 4 -8 -16 10 20 13 15 -14 -15 -16 13 
3 7 3 1 14 2 9 15 17 17 11 -8 -10 0 -11 0 4 19 6 -20 
11 20 11 19 16 1 18 13 3 4 8 8 15 4 -14 11 19 19 -6 19 
-1 2 10 14 -5 -4 4 7 19 2 7 18 -1 3 12 8 6 15 8 5 
20 11 2 7 3 -3 -13 -1 2 -5 5 3 9 10 -6 10 19 7 -7 2 
2 -7 7 19 10 -6 10 9 3 5 -5 2 -1 -13 -3 3 7 2 11 20 
5 8 15 6 8 12 3 -1 18 7 2 19 7 4 -4 -5 14 10 2 -1 
19 -6 19 19 11 -14 4 15 8 8 4 3 13 18 1 16 19 11 20 11 
-20 6 19 4 0 -11 0 -10 -8 11 17 17 15 9 2 14 1 3 7 3 
13 -16 -15 -14 15 13 20 10 -16 -8 4 19 -1 14 11 -20 0 13 -2 5 
15 13 8 -1 9 1 4 -2 7 18 -18 1 -14 13 7 -1 6 11 -19 5 
7 3 7 6 13 14 -15 18 -3 9 19 1 -4 -20 -15 15 -8 19 14 19 
6 6 18 5 18 4 9 -5 1 12 6 10 -4 10 5 10 1 -16 20 19 
12 2 11 -13 1 -5 1 10 12 1 6 16 14 10 3 16 20 8 -13 3 
-15 -15 18 13 -15 7 12 14 10 17 19 16 12 15 -12 -1 -4 1 1 0 
40
4
10 12
7 5
4 13
6 2
9 7
12 14
15 6
13 17
8
4 5 14
12 18 13
15 13 13
10 13 10
15 14 14
7 1 13
4 6 13
9 6 10
38
12 9
9 2
4 9
14 4
2 7
3 17
10 1
9 4
0 18
15 18
11 15
2 6
19 11
2 15
0 3
19 13
14 17
12 8
7 0
7 10
10 17
15 10
5 15
17 12
16 2
9 18
10 15
19 1
4 1
8 4
17 13
0 8
17 4
19 16
0 6
5 2
7 11
12 19
