20 20
14 22 -10 13 14 18 15 1 -24 13 15 16 -16 6 13 4 4 -21 12 6 
11 7 4 1 -1 -18 6 11 7 -13 8 -24 -23 -11 -22 4 7 4 26 15 
21 23 1 0 5 21 22 0 18 -23 -12 23 16 -24 -15 -18 19 12 8 22 
18 8 -5 11 -23 22 -3 19 -21 6 11 12 9 23 15 14 18 18 8 11 
24 -3 20 15 2 25 -26 14 26 16 26 18 23 17 -3 20 9 16 17 13 
19 24 13 12 -2 24 20 11 5 25 15 22 1 24 26 2 11 23 17 2 
12 11 1 22 12 23 19 -3 8 8 13 20 -8 17 -10 6 -1 17 1 16 
-16 10 -9 3 12 -23 17 8 22 12 10 13 24 4 5 23 -6 9 3 11 
22 16 23 -4 25 6 -21 21 -23 25 -21 20 9 3 26 12 11 14 -24 16 
9 -4 -1 9 -13 19 -7 3 19 12 2 21 7 17 0 -9 -1 -23 -26 -12 
-12 -26 -23 -1 -9 0 17 7 21 2 12 19 3 -7 19 -13 9 -1 -4 9 
16 -24 14 11 12 26 3 9 20 -21 25 -23 21 -21 6 25 -4 23 16 22 
11 3 9 -6 23 5 4 24 13 10 12 22 8 17 -23 12 3 -9 10 -16 
16 1 17 -1 6 -10 17 -8 20 13 8 8 -3 19 23 12 22 1 11 12 
2 17 23 11 2 26 24 1 22 15 25 5 11 20 24 -2 12 13 24 19 
13 17 16 9 20 -3 17 23 18 26 16 26 14 -26 25 2 15 20 -3 24 
11 8 18 18 14 15 23 9 12 11 6 -21 19 -3 22 -23 11 -5 8 18 
22 8 12 19 -18 -15 -24 16 23 -12 -23 18 0 22 21 5 0 1 23 21 
15 26 4 7 4 -22 -11 -23 -24 8 -13 7 11 6 -18 -1 1 4 7 11 
6 12 -21 4 4 13 6 -16 16 15 13 -24 1 15 18 14 13 -10 22 14 
47
4
0 7
17 9
5 9
4 2
19 12
2 10
14 10
15 17
12
2 17 16
3 12 16
6 15 12
15 18 15
18 9 9
1 18 15
17 2 16
16 7 16
13 4 12
4 1 15
1 10 9
18 1 15
32
3 14
6 18
10 15
7 4
15 5
15 13
18 10
19 15
9 13
7 12
1 0
2 3
5 3
1 13
5 4
4 13
16 5
13 1
9 4
12 15
4 14
4 6
1 9
0 4
10 6
12 7
18 19
17 16
14 16
18 6
14 15
15 6
