20 20
6 -9 0 -17 8 14 2 8 6 14 3 2 -12 2 12 4 -17 5 -8 10 
13 -10 -4 17 -7 1 -2 14 -8 15 7 10 16 0 -4 2 -11 9 14 14 
14 6 -3 11 8 -14 10 7 9 5 2 15 8 -13 13 6 -5 13 8 14 
10 9 10 11 5 -2 11 16 8 6 15 14 -16 17 7 -15 2 1 -10 1 
13 -14 6 10 14 8 17 2 6 15 10 13 16 5 2 15 3 1 -17 -9 
4 7 -13 0 17 14 -10 9 -13 8 -13 -5 10 10 -5 -8 13 17 10 10 
-2 -4 2 6 7 10 3 1 13 8 15 -10 3 3 4 -15 10 -10 0 10 
10 9 0 16 17 -6 -10 -6 -16 3 15 -9 16 6 -10 -12 1 2 1 11 
-13 13 8 6 16 -13 10 -10 -4 1 17 15 9 6 -5 15 5 12 14 -16 
-1 2 13 10 17 3 1 5 9 1 13 -3 11 -3 16 6 11 9 17 3 
3 17 9 11 6 16 -3 11 -3 13 1 9 5 1 3 17 10 13 2 -1 
-16 14 12 5 15 -5 6 9 15 17 1 -4 -10 10 -13 16 6 8 13 -13 
11 1 2 1 -12 -10 6 16 -9 15 3 -16 -6 -10 -6 17 16 0 9 10 
10 0 -10 10 -15 4 3 3 -10 15 8 13 1 3 10 7 6 2 -4 -2 
10 10 17 13 -8 -5 10 10 -5 -13 8 -13 9 -10 14 17 0 -13 7 4 
-9 -17 1 3 15 2 5 16 13 10 15 6 2 17 8 14 10 6 -14 13 
1 -10 1 2 -15 7 17 -16 14 15 6 8 16 11 -2 5 11 10 9 10 
14 8 13 -5 6 13 -13 8 15 2 5 9 7 10 -14 8 11 -3 6 14 
14 14 9 -11 2 -4 0 16 10 7 15 -8 14 -2 1 -7 17 -4 -10 13 
10 -8 5 -17 4 12 2 -12 2 3 14 6 8 2 14 8 -17 0 -9 6 
43
8
3 10
2 14
2 17
2 15
14 18
18 4
14 5
6 5
16 9
17 5
17 2
17 4
5 1
1 15
5 14
13 14
8
15 17 11
16 19 14
6 19 12
1 11 16
4 2 11
3 0 14
13 0 12
18 8 16
36
18 14
17 8
2 9
13 1
0 3
4 7
16 11
10 5
16 7
8 1
11 6
5 7
0 13
12 8
14 16
11 16
12 9
16 8
1 5
2 11
17 10
6 18
19 16
15 12
3 8
9 14
3 12
11 18
8 13
14 12
19 6
7 11
5 3
8 3
7 10
3 11
