20 20
-2 7 -7 -1 4 9 4 -7 9 6 9 5 -1 9 -2 5 -8 7 0 4 
-5 -2 -6 8 9 6 1 7 5 1 4 -7 3 3 2 -4 1 -3 -5 5 
9 -8 3 6 7 3 6 -8 -4 7 2 -3 7 7 3 7 -9 1 1 7 
-7 5 -8 -5 8 8 -4 -3 4 7 -2 -6 3 3 -5 2 7 8 0 8 
7 -9 1 1 -8 8 7 9 9 -3 4 -7 7 6 -8 -9 8 8 0 9 
9 8 7 -4 9 -2 6 -8 0 -1 0 -2 0 5 7 0 3 3 7 9 
-1 4 -5 -4 1 3 -5 2 5 7 -2 7 3 9 1 1 1 -6 5 2 
-6 -3 -4 2 -9 6 3 9 9 8 8 2 0 2 2 -5 3 -7 3 9 
-4 8 3 0 6 -7 -6 1 -5 1 4 5 2 5 4 -2 0 -5 -3 9 
1 4 8 6 5 3 1 8 8 8 7 6 4 -2 3 5 3 7 2 -7 
-7 2 7 3 5 3 -2 4 6 7 8 8 8 1 3 5 6 8 4 1 
9 -3 -5 0 -2 4 5 2 5 4 1 -5 1 -6 -7 6 0 3 8 -4 
9 3 -7 3 -5 2 2 0 2 8 8 9 9 3 6 -9 2 -4 -3 -6 
2 5 -6 1 1 1 9 3 7 -2 7 5 2 -5 3 1 -4 -5 4 -1 
9 7 3 3 0 7 5 0 -2 0 -1 0 -8 6 -2 9 -4 7 8 9 
9 0 8 8 -9 -8 6 7 -7 4 -3 9 9 7 8 -8 1 1 -9 7 
8 0 8 7 2 -5 3 3 -6 -2 7 4 -3 -4 8 8 -5 -8 5 -7 
7 1 1 -9 7 3 7 7 -3 2 7 -4 -8 6 3 7 6 3 -8 9 
5 -5 -3 1 -4 2 3 3 -7 4 1 5 7 1 6 9 8 -6 -2 -5 
4 0 7 -8 5 -2 9 -1 5 9 6 9 -7 4 9 4 -1 -7 7 -2 
59
8
10 3
13 7
5 18
6 17
8 16
10 0
5 4
8 18
9 16
6 12
14 1
13 2
11 3
9 19
14 15
11 1
16
16 15 10
7 17 13
2 17 8
5 6 13
18 19 9
16 13 13
19 6 11
14 5 8
3 4 10
12 2 13
17 2 8
14 13 13
1 0 9
3 6 13
0 13 11
5 14 8
34
16 1
0 3
18 16
0 18
18 9
14 16
9 7
6 5
1 11
7 6
3 8
2 9
4 11
16 12
17 7
6 2
3 19
3 18
19 16
1 3
19 1
1 10
5 3
10 12
13 14
18 8
12 13
16 11
17 10
15 8
3 7
2 12
13 17
16 0
