20 20
-16 18 -7 2 5 5 -6 18 -17 10 -3 17 -10 0 10 1 1 7 0 8 
2 -7 0 -19 7 17 -12 -15 -2 11 -5 -2 16 -4 14 9 13 17 13 13 
5 9 -13 15 10 18 -3 5 19 -11 4 -12 6 3 -6 -6 -18 11 4 13 
2 12 18 11 13 8 13 -15 7 19 13 14 15 -16 11 -12 15 11 -13 3 
6 -12 -12 8 4 2 1 14 1 -3 3 19 4 -1 -8 13 -15 16 15 -6 
6 -15 14 9 5 18 10 7 -3 -14 10 5 -18 15 14 -17 4 2 -10 1 
1 5 -11 14 19 17 12 19 5 18 4 -9 4 4 11 1 5 0 5 9 
10 6 8 14 -8 4 16 -13 0 1 3 4 -12 -13 17 -19 4 14 7 -2 
3 15 9 18 7 1 18 13 -16 11 1 -4 16 1 13 -17 -2 3 5 14 
10 17 1 17 15 3 -3 12 -18 12 -17 9 17 6 16 7 4 -18 3 2 
2 3 -18 4 7 16 6 17 9 -17 12 -18 12 -3 3 15 17 1 17 10 
14 5 3 -2 -17 13 1 16 -4 1 11 -16 13 18 1 7 18 9 15 3 
-2 7 14 4 -19 17 -13 -12 4 3 1 0 -13 16 4 -8 14 8 6 10 
9 5 0 5 1 11 4 4 -9 4 18 5 19 12 17 19 14 -11 5 1 
1 -10 2 4 -17 14 15 -18 5 10 -14 -3 7 10 18 5 9 14 -15 6 
-6 15 16 -15 13 -8 -1 4 19 3 -3 1 14 1 2 4 8 -12 -12 6 
3 -13 11 15 -12 11 -16 15 14 13 19 7 -15 13 8 13 11 18 12 2 
13 4 11 -18 -6 -6 3 6 -12 4 -11 19 5 -3 18 10 15 -13 9 5 
13 13 17 13 9 14 -4 16 -2 -5 11 -2 -15 -12 17 7 -19 0 -7 2 
8 0 7 1 1 10 0 -10 17 -3 10 -17 18 -6 5 5 2 -7 18 -16 
53
5
5 9
4 19
13 3
13 10
18 0
14 10
15 0
6 16
6 9
1 19
10
9 12 8
19 0 16
5 19 10
0 14 16
19 8 11
10 7 8
0 19 16
14 0 10
19 5 16
0 11 11
32
0 13
6 5
4 5
2 3
14 3
14 6
8 1
10 11
15 10
6 1
1 5
3 14
10 2
17 2
7 17
5 14
19 6
13 14
15 14
17 16
5 16
5 13
11 18
9 8
4 9
13 18
18 14
16 5
9 17
2 17
12 2
14 5
