20 20
4 7 -17 4 21 -5 9 -13 3 13 -15 -11 1 21 4 -19 13 21 18 -4 
7 10 -20 -18 -10 -3 -2 -15 3 4 13 5 10 15 10 3 7 -4 15 14 
-8 3 7 16 21 20 -4 -18 5 9 18 6 0 16 1 -3 11 9 1 -13 
11 21 13 21 3 6 8 19 -17 15 -17 -20 13 -2 14 -15 1 -19 -21 12 
17 -20 17 9 -9 -21 13 2 9 19 -11 12 20 -21 19 -9 1 -6 -13 4 
12 -7 18 11 5 -21 16 18 17 -10 11 2 1 6 4 9 12 -6 1 21 
5 7 5 11 17 -9 3 12 19 2 3 7 -20 11 1 -16 13 15 4 5 
-17 5 11 16 -14 -8 17 -5 14 -19 21 -20 21 -5 15 17 18 -20 5 12 
6 19 17 4 3 8 -9 9 -11 -20 3 6 -9 18 -17 5 -16 20 16 -12 
14 17 21 18 4 16 -18 14 -8 -15 6 9 1 16 9 -12 -21 7 6 11 
11 6 7 -21 -12 9 16 1 9 6 -15 -8 14 -18 16 4 18 21 17 14 
-12 16 20 -16 5 -17 18 -9 6 3 -20 -11 9 -9 8 3 4 17 19 6 
12 5 -20 18 17 15 -5 21 -20 21 -19 14 -5 17 -8 -14 16 11 5 -17 
5 4 15 13 -16 1 11 -20 7 3 2 19 12 3 -9 17 11 5 7 5 
21 1 -6 12 9 4 6 1 2 11 -10 17 18 16 -21 5 11 18 -7 12 
4 -13 -6 1 -9 19 -21 20 12 -11 19 9 2 13 -21 -9 9 17 -20 17 
12 -21 -19 1 -15 14 -2 13 -20 -17 15 -17 19 8 6 3 21 13 21 11 
-13 1 9 11 -3 1 16 0 6 18 9 5 -18 -4 20 21 16 7 3 -8 
14 15 -4 7 3 10 15 10 5 13 4 3 -15 -2 -3 -10 -18 -20 10 7 
-4 18 21 13 -19 4 21 1 -11 -15 13 3 -13 9 -5 21 4 -17 7 4 
60
6
13 3
18 7
15 1
5 7
4 15
4 3
6 16
1 12
4 18
14 12
15 4
15 16
6
15 14 16
8 19 8
1 6 16
4 5 16
11 0 8
18 13 16
34
7 4
5 17
13 2
7 12
19 7
1 0
10 18
14 11
11 19
16 9
18 4
1 11
8 5
11 5
16 8
17 16
7 19
12 15
14 2
6 17
12 7
0 12
18 19
9 1
5 8
8 0
3 10
1 15
18 8
11 14
8 14
3 11
2 3
12 0
