20 20
22 19 -13 25 24 -11 15 -8 -21 2 8 21 -4 -7 -6 9 22 -10 9 8 
25 9 -9 16 -2 7 12 -25 0 17 -3 -6 10 3 0 -14 -13 3 6 12 
26 10 -26 5 -12 3 -14 -18 21 2 24 -14 22 7 -13 6 -8 22 17 22 
10 -23 7 9 17 1 22 24 25 6 14 8 25 22 20 18 1 -11 25 22 
-24 14 4 11 25 18 16 7 -5 -18 24 17 10 -13 -20 0 26 0 26 -16 
-18 -24 11 -16 25 20 -20 -14 11 13 4 3 1 24 14 23 5 16 18 -24 
18 1 -8 -1 17 -16 21 4 1 19 17 17 -18 -13 25 2 -4 24 -14 9 
13 25 22 -18 -25 13 22 -1 -19 17 0 7 0 26 18 9 12 -12 5 22 
-20 1 10 3 11 26 21 14 13 -9 10 15 19 12 0 14 5 3 -18 18 
8 -6 -2 7 6 7 -18 -8 17 20 24 23 1 24 7 24 -26 23 4 8 
8 4 23 -26 24 7 24 1 23 24 20 17 -8 -18 7 6 7 -2 -6 8 
18 -18 3 5 14 0 12 19 15 10 -9 13 14 21 26 11 3 10 1 -20 
22 5 -12 12 9 18 26 0 7 0 17 -19 -1 22 13 -25 -18 22 25 13 
9 -14 24 -4 2 25 -13 -18 17 17 19 1 4 21 -16 17 -1 -8 1 18 
-24 18 16 5 23 14 24 1 3 4 13 11 -14 -20 20 25 -16 11 -24 -18 
-16 26 0 26 0 -20 -13 10 17 24 -18 -5 7 16 18 25 11 4 14 -24 
22 25 -11 1 18 20 22 25 8 14 6 25 24 22 1 17 9 7 -23 10 
22 17 22 -8 6 -13 7 22 -14 24 2 21 -18 -14 3 -12 5 -26 10 26 
12 6 3 -13 -14 0 3 10 -6 -3 17 0 -25 12 7 -2 16 -9 9 25 
8 9 -10 22 9 -6 -7 -4 21 8 2 -21 -8 15 -11 24 25 -13 19 22 
39
3
13 15
0 16
4 0
6 4
19 3
15 19
10
16 6 15
18 10 10
10 3 11
3 11 16
12 0 15
3 13 15
1 9 10
9 16 11
16 8 16
7 19 15
38
17 3
18 3
17 11
10 9
9 14
12 17
7 4
12 1
7 10
19 13
12 2
18 14
4 17
13 6
6 3
8 19
16 3
19 11
16 18
2 16
1 16
2 8
9 10
10 5
7 2
12 15
7 18
12 9
0 6
7 17
1 5
15 2
6 13
13 16
11 0
3 16
0 8
3 1
