20 20
23 15 -24 17 1 21 14 -3 21 -3 8 8 7 15 17 11 20 -14 16 12 
20 15 15 3 -17 13 -9 -16 0 7 24 9 -15 -23 19 22 -5 -18 20 22 
3 15 -24 24 -18 -20 -14 19 0 -24 23 -3 21 13 4 19 22 -11 -10 1 
23 1 14 1 19 -19 7 10 7 -14 -13 17 0 10 15 18 7 8 22 16 
-16 7 -8 -16 6 -2 21 3 3 19 16 17 15 9 23 16 6 14 17 -19 
23 -17 -23 12 -19 17 14 -4 12 17 16 23 15 -2 13 2 11 7 21 -14 
21 14 7 -3 -12 -20 6 1 24 6 15 2 -1 7 18 3 10 -22 13 5 
16 23 -15 21 -15 -2 2 0 11 0 -5 5 21 2 21 7 11 -14 21 1 
9 23 -2 -15 9 5 -23 22 8 -16 1 0 7 13 14 -13 0 18 15 10 
7 1 19 -11 -3 20 11 9 19 8 19 17 -9 15 18 9 -19 19 4 10 
10 4 19 -19 9 18 15 -9 17 19 8 19 9 11 20 -3 -11 19 1 7 
10 15 18 0 -13 14 13 7 0 1 -16 8 22 -23 5 9 -15 -2 23 9 
1 21 -14 11 7 21 2 21 5 -5 0 11 0 2 -2 -15 21 -15 23 16 
5 13 -22 10 3 18 7 -1 2 15 6 24 1 6 -20 -12 -3 7 14 21 
-14 21 7 11 2 13 -2 15 23 16 17 12 -4 14 17 -19 12 -23 -17 23 
-19 17 14 6 16 23 9 15 17 16 19 3 3 21 -2 6 -16 -8 7 -16 
16 22 8 7 18 15 10 0 17 -13 -14 7 10 7 -19 19 1 14 1 23 
1 -10 -11 22 19 4 13 21 -3 23 -24 0 19 -14 -20 -18 24 -24 15 3 
22 20 -18 -5 22 19 -23 -15 9 24 7 0 -16 -9 13 -17 3 15 15 20 
12 16 -14 20 11 17 15 7 8 8 -3 21 -3 14 21 1 17 -24 15 23 
57
6
18 13
19 5
8 2
0 10
9 8
10 17
1 6
0 14
11 17
19 9
10 11
9 2
16
2 18 9
19 2 15
12 3 14
9 17 15
14 15 12
12 19 16
8 13 14
15 13 14
17 1 9
0 17 15
7 16 14
10 2 15
5 4 12
7 0 16
11 6 14
4 6 14
28
0 12
14 9
13 10
17 6
1 9
0 19
14 8
11 10
15 2
17 15
11 19
2 5
7 13
9 6
19 7
5 10
6 9
2 13
18 10
19 0
5 11
8 9
4 17
2 4
8 0
17 14
12 6
10 13
