20 20
1 3 1 3 4 0 1 3 5 -3 -3 -4 2 -2 5 1 1 -3 3 -1 
3 -1 5 4 2 5 2 0 2 5 3 1 3 1 4 -3 -1 5 -5 2 
5 4 4 3 -5 5 -1 1 -4 2 5 3 5 3 1 0 4 -5 -1 -3 
3 -3 2 5 -5 3 4 1 2 -2 0 2 1 -1 4 3 2 0 -2 2 
0 -2 -2 -4 3 4 -1 4 3 4 4 2 2 3 0 2 1 4 4 3 
2 0 3 1 1 -3 -4 2 -4 -2 3 -1 4 5 3 1 3 5 2 4 
3 5 -4 0 2 5 4 3 0 -2 4 0 5 0 -5 0 -4 1 -1 0 
1 3 -5 -5 5 3 -5 4 4 1 2 0 -3 0 3 4 -2 -1 0 5 
-2 3 -5 -5 3 3 -4 2 5 4 2 3 3 0 5 4 -3 3 1 -1 
5 3 1 2 5 5 4 1 -1 4 5 3 1 -3 4 3 5 0 1 -4 
-4 1 0 5 3 4 -3 1 3 5 4 -1 1 4 5 5 2 1 3 5 
-1 1 3 -3 4 5 0 3 3 2 4 5 2 -4 3 3 -5 -5 3 -2 
5 0 -1 -2 4 3 0 -3 0 2 1 4 4 -5 3 5 -5 -5 3 1 
0 -1 1 -4 0 -5 0 5 0 4 -2 0 3 4 5 2 0 -4 5 3 
4 2 5 3 1 3 5 4 -1 3 -2 -4 2 -4 -3 1 1 3 0 2 
3 4 4 1 2 0 3 2 2 4 4 3 4 -1 4 3 -4 -2 -2 0 
2 -2 0 2 3 4 -1 1 2 0 -2 2 1 4 3 -5 5 2 -3 3 
-3 -1 -5 4 0 1 3 5 3 5 2 -4 1 -1 5 -5 3 4 4 5 
2 -5 5 -1 -3 4 1 3 1 3 5 2 0 2 5 2 4 5 -1 3 
-1 3 -3 1 1 5 -2 2 -4 -3 -3 5 3 1 0 4 3 1 3 1 
53
7
13 0
2 17
3 2
10 19
13 2
4 13
17 14
6 19
17 2
16 17
9 0
6 17
15 6
2 5
20
18 13 9
3 10 10
19 11 13
12 18 10
2 10 9
9 18 12
2 7 12
6 0 15
11 12 10
16 6 8
1 6 9
16 9 10
0 8 13
7 1 10
17 9 9
10 1 12
17 12 12
13 19 15
8 7 10
3 13 8
40
10 16
19 12
6 15
4 1
9 10
12 17
3 19
0 5
9 4
18 8
1 16
19 3
17 11
19 15
8 4
9 1
10 7
7 10
6 12
4 2
9 3
0 7
13 4
15 18
10 9
7 2
16 0
19 14
10 15
1 11
18 3
0 16
2 8
0 4
11 15
10 18
9 12
12 9
13 7
15 17
