20 20
4 14 16 8 11 9 13 15 11 10 7 15 11 -16 19 10 15 2 -12 7 
-15 7 18 2 -18 19 7 8 2 1 18 12 15 5 -19 9 18 2 5 15 
18 1 -1 0 12 19 13 -9 3 1 10 6 3 17 0 -14 4 13 2 -8 
18 8 17 8 13 3 11 -13 9 6 5 10 12 19 17 3 -16 12 -5 17 
-3 15 -3 18 -4 4 16 13 15 -3 13 15 14 8 9 -13 0 2 19 15 
-13 -5 17 2 -6 0 15 16 2 -12 -14 16 5 -4 -16 -12 10 -17 -4 7 
4 9 13 0 13 9 -1 7 2 6 2 1 -10 13 1 -4 3 2 13 1 
-19 19 0 17 -9 19 -2 -7 16 -13 4 2 4 -2 17 19 19 6 0 -9 
7 14 -6 2 6 5 -2 -11 14 15 1 -3 15 8 4 19 19 3 11 -2 
10 6 -2 18 -5 -14 1 19 2 2 10 3 -4 -18 2 11 2 10 15 6 
6 15 10 2 11 2 -18 -4 3 10 2 2 19 1 -14 -5 18 -2 6 10 
-2 11 3 19 19 4 8 15 -3 1 15 14 -11 -2 5 6 2 -6 14 7 
-9 0 6 19 19 17 -2 4 2 4 -13 16 -7 -2 19 -9 17 0 19 -19 
1 13 2 3 -4 1 13 -10 1 2 6 2 7 -1 9 13 0 13 9 4 
7 -4 -17 10 -12 -16 -4 5 16 -14 -12 2 16 15 0 -6 2 17 -5 -13 
15 19 2 0 -13 9 8 14 15 13 -3 15 13 16 4 -4 18 -3 15 -3 
17 -5 12 -16 3 17 19 12 10 5 6 9 -13 11 3 13 8 17 8 18 
-8 2 13 4 -14 0 17 3 6 10 1 3 -9 13 19 12 0 -1 1 18 
15 5 2 18 9 -19 5 15 12 18 1 2 8 7 19 -18 2 18 7 -15 
7 -12 2 15 10 19 -16 11 15 7 10 11 15 13 9 11 8 16 14 4 
36
7
6 11
3 15
15 3
10 5
17 18
6 15
16 2
13 8
16 4
4 16
9 14
2 1
13 4
3 17
6
17 15 12
9 4 11
18 3 15
2 4 12
10 15 11
1 16 15
40
4 15
19 16
9 17
10 6
1 6
14 11
9 5
17 4
7 8
8 2
6 10
3 4
11 7
11 10
1 10
16 7
19 14
8 10
7 17
17 1
15 4
0 3
10 2
9 13
18 13
5 8
10 14
2 15
12 11
11 17
13 9
16 15
8 12
8 9
18 9
3 12
0 5
11 9
12 2
2 18
