20 20
-3 2 -5 15 17 24 2 12 17 -5 0 16 15 20 21 -13 4 12 7 21 
22 12 16 11 21 18 24 26 6 0 -20 27 26 24 -15 24 20 26 -27 8 
20 -4 -6 8 10 13 23 20 -4 17 26 -21 2 6 26 25 -14 -23 10 -5 
-10 5 18 27 -11 2 10 25 16 -21 -10 15 23 9 -19 1 25 22 7 -1 
19 23 -23 25 -2 -11 19 12 15 -24 17 8 7 22 -8 14 9 20 4 8 
-5 -8 -14 1 22 22 -26 -11 5 15 7 -11 4 10 17 5 0 -19 22 27 
1 12 3 25 5 26 -3 -23 25 6 2 -14 10 21 23 8 23 9 -18 -19 
-4 -20 5 -8 4 23 24 27 15 22 15 25 -26 9 1 22 1 -16 -20 7 
27 -1 18 6 23 21 2 6 15 11 8 7 20 -27 27 22 24 -23 7 20 
15 17 10 21 18 19 24 24 20 5 -19 -11 -19 4 -23 25 7 9 19 7 
7 19 9 7 25 -23 4 -19 -11 -19 5 20 24 24 19 18 21 10 17 15 
20 7 -23 24 22 27 -27 20 7 8 11 15 6 2 21 23 6 18 -1 27 
7 -20 -16 1 22 1 9 -26 25 15 22 15 27 24 23 4 -8 5 -20 -4 
-19 -18 9 23 8 23 21 10 -14 2 6 25 -23 -3 26 5 25 3 12 1 
27 22 -19 0 5 17 10 4 -11 7 15 5 -11 -26 22 22 1 -14 -8 -5 
8 4 20 9 14 -8 22 7 8 17 -24 15 12 19 -11 -2 25 -23 23 19 
-1 7 22 25 1 -19 9 23 15 -10 -21 16 25 10 2 -11 27 18 5 -10 
-5 10 -23 -14 25 26 6 2 -21 26 17 -4 20 23 13 10 8 -6 -4 20 
8 -27 26 20 24 -15 24 26 27 -20 0 6 26 24 18 21 11 16 12 22 
21 7 12 4 -13 21 20 15 16 0 -5 17 12 2 24 17 15 -5 2 -3 
50
6
4 5
18 3
12 13
19 9
18 17
5 11
15 14
1 16
7 6
0 10
1 2
14 8
10
7 4 16
8 15 16
11 15 14
3 19 15
16 11 12
12 15 16
11 4 16
8 4 14
16 0 15
3 8 12
32
17 1
14 12
19 4
19 10
16 14
6 12
2 16
17 18
17 8
8 10
15 10
19 18
15 16
14 19
2 7
10 18
2 18
5 7
0 15
0 9
3 5
13 7
17 3
2 1
2 11
11 9
4 9
0 1
4 3
5 0
17 12
9 1
