20 20
-13 4 -24 15 -26 -10 8 22 5 23 16 -18 26 4 -25 24 13 15 4 8 
-16 19 0 20 9 5 14 12 -26 -10 23 9 0 9 20 26 11 22 7 16 
20 23 1 -2 -20 17 15 -15 26 5 6 20 4 -23 1 1 25 2 -24 -17 
18 -1 -25 24 8 12 14 -18 21 8 21 21 17 -20 -21 23 16 3 12 15 
14 18 -12 6 7 19 18 26 0 15 -22 5 13 1 17 5 10 27 21 2 
0 21 10 5 4 7 17 10 12 -12 -7 0 -27 13 27 8 11 15 -17 13 
25 -15 27 -1 4 5 17 23 -6 4 0 19 -8 -2 2 24 7 -7 5 23 
-7 14 -24 -16 -26 7 1 -5 12 -16 7 13 1 4 2 11 8 -22 21 12 
1 22 5 -25 14 22 8 11 -18 -8 18 26 23 -12 22 6 12 26 -26 9 
27 9 -8 19 -9 8 14 17 11 16 6 -27 2 0 -25 5 -23 -22 11 21 
21 11 -22 -23 5 -25 0 2 -27 6 16 11 17 14 8 -9 19 -8 9 27 
9 -26 26 12 6 22 -12 23 26 18 -8 -18 11 8 22 14 -25 5 22 1 
12 21 -22 8 11 2 4 1 13 7 -16 12 -5 1 7 -26 -16 -24 14 -7 
23 5 -7 7 24 2 -2 -8 19 0 4 -6 23 17 5 4 -1 27 -15 25 
13 -17 15 11 8 27 13 -27 0 -7 -12 12 10 17 7 4 5 10 21 0 
2 21 27 10 5 17 1 13 5 -22 15 0 26 18 19 7 6 -12 18 14 
15 12 3 16 23 -21 -20 17 21 21 8 21 -18 14 12 8 24 -25 -1 18 
-17 -24 2 25 1 1 -23 4 20 6 5 26 -15 15 17 -20 -2 1 23 20 
16 7 22 11 26 20 9 0 9 23 -10 -26 12 14 5 9 20 0 19 -16 
8 4 15 13 24 -25 4 26 -18 16 23 5 22 8 -10 -26 15 -24 4 -13 
44
3
4 13
7 11
0 7
15 6
12 8
19 12
8
7 0 12
17 15 14
12 0 10
15 0 10
12 19 12
2 4 14
7 19 10
4 19 10
34
13 1
14 18
13 15
18 4
2 12
2 10
12 4
13 17
4 1
16 14
11 16
0 3
9 0
9 11
2 9
5 6
14 6
6 18
5 1
6 4
1 15
17 7
17 9
7 15
6 2
15 18
3 5
8 3
19 16
10 19
10 8
17 10
14 13
5 13
