20 20
7 -6 7 12 9 2 -11 9 12 -4 -6 7 1 9 -6 12 -8 0 15 7 
-10 -7 2 10 15 -8 5 -13 13 9 2 8 -4 -12 6 -4 8 13 -3 15 
6 9 1 14 1 1 6 11 5 9 2 15 9 8 -1 13 8 5 2 10 
8 -3 3 -10 7 -15 8 9 1 14 10 -2 -10 4 3 3 3 3 9 7 
10 15 2 2 12 -10 -13 1 -1 1 -12 10 9 7 9 9 12 6 2 9 
14 10 -5 3 9 6 -13 7 -6 -5 8 7 -9 3 14 8 -15 -15 1 9 
-3 -6 5 -4 5 -12 3 8 7 -2 15 13 -13 4 14 12 13 8 1 -2 
15 9 7 -1 -1 0 9 -9 0 7 12 -5 13 14 12 -5 3 -11 0 -15 
-5 5 4 -14 -13 7 2 3 4 -15 12 9 -6 -10 10 4 13 -1 2 -1 
4 8 -5 11 15 -14 1 11 5 -15 5 1 14 3 4 -2 -9 5 -2 9 
9 -2 5 -9 -2 4 3 14 1 5 -15 5 11 1 -14 15 11 -5 8 4 
-1 2 -1 13 4 10 -10 -6 9 12 -15 4 3 2 7 -13 -14 4 5 -5 
-15 0 -11 3 -5 12 14 13 -5 12 7 0 -9 9 0 -1 -1 7 9 15 
-2 1 8 13 12 14 4 -13 13 15 -2 7 8 3 -12 5 -4 5 -6 -3 
9 1 -15 -15 8 14 3 -9 7 8 -5 -6 7 -13 6 9 3 -5 10 14 
9 2 6 12 9 9 7 9 10 -12 1 -1 1 -13 -10 12 2 2 15 10 
7 9 3 3 3 3 4 -10 -2 10 14 1 9 8 -15 7 -10 3 -3 8 
10 2 5 8 13 -1 8 9 15 2 9 5 11 6 1 1 14 1 9 6 
15 -3 13 8 -4 6 -12 -4 8 2 9 13 -13 5 -8 15 10 2 -7 -10 
7 15 0 -8 12 -6 9 1 7 -6 -4 12 9 -11 2 9 12 7 -6 7 
44
3
3 6
1 18
7 16
16 13
18 1
12 3
12
13 17 16
1 8 11
19 2 8
3 5 8
1 16 14
4 7 11
6 2 16
18 11 11
0 17 8
16 14 8
18 3 14
15 12 11
36
16 5
0 12
4 14
10 1
2 5
12 9
8 13
5 19
15 6
14 9
18 19
17 16
11 14
17 15
10 13
4 19
10 16
14 3
3 14
19 7
15 5
9 18
17 14
7 10
11 6
14 0
4 13
5 10
1 0
2 3
8 5
2 4
9 6
15 0
9 3
5 16
