20 20
9 12 7 1 10 1 4 12 11 1 1 -7 8 -6 4 10 13 5 13 13 
12 13 -7 13 11 4 3 13 5 -4 6 -12 0 10 -13 2 13 1 8 -11 
-10 9 -6 4 2 6 10 8 2 -3 -2 11 -4 -4 1 5 9 0 -13 6 
5 9 -5 12 -7 7 13 1 8 13 1 10 7 4 5 -2 10 1 6 5 
10 0 11 10 6 -7 11 5 11 -13 1 4 -11 10 12 7 13 13 12 -6 
11 11 -12 -11 4 13 1 3 6 9 12 -3 7 7 5 -3 10 5 7 9 
5 6 1 -2 -8 4 12 9 1 -5 13 6 1 5 7 0 9 -10 5 -12 
-5 10 1 6 9 2 10 5 13 9 2 -2 1 -1 -13 -6 11 12 5 9 
-7 7 7 3 12 3 11 9 -7 1 -2 1 2 4 3 9 9 -5 4 3 
6 6 2 -3 4 2 8 7 6 8 3 0 12 9 -9 1 2 2 -5 4 
4 -5 2 2 1 -9 9 12 0 3 8 6 7 8 2 4 -3 2 6 6 
3 4 -5 9 9 3 4 2 1 -2 1 -7 9 11 3 12 3 7 7 -7 
9 5 12 11 -6 -13 -1 1 -2 2 9 13 5 10 2 9 6 1 10 -5 
-12 5 -10 9 0 7 5 1 6 13 -5 1 9 12 4 -8 -2 1 6 5 
9 7 5 10 -3 5 7 7 -3 12 9 6 3 1 13 4 -11 -12 11 11 
-6 12 13 13 7 12 10 -11 4 1 -13 11 5 11 -7 6 10 11 0 10 
5 6 1 10 -2 5 4 7 10 1 13 8 1 13 7 -7 12 -5 9 5 
6 -13 0 9 5 1 -4 -4 11 -2 -3 2 8 10 6 2 4 -6 9 -10 
-11 8 1 13 2 -13 10 0 -12 6 -4 5 13 3 4 11 13 -7 13 12 
13 13 5 13 10 4 -6 8 -7 1 1 11 12 4 1 10 1 7 12 9 
38
3
5 4
10 7
15 10
14 15
9 12
4 9
12
14 2 11
12 16 8
11 13 8
18 19 15
6 13 14
5 7 13
5 17 11
7 3 8
8 6 8
1 0 15
13 6 14
14 12 13
28
6 2
1 17
14 8
4 8
6 9
3 12
9 14
3 6
18 9
13 15
6 12
1 11
14 19
19 9
13 17
18 2
5 11
15 11
13 10
16 7
10 5
16 13
1 10
6 4
13 7
18 8
5 0
0 10
