20 20
-8 0 1 -1 -9 4 9 4 8 8 -6 8 9 1 6 0 5 1 2 4 
2 0 3 6 -4 -2 -8 -7 3 6 7 2 -3 4 0 3 8 0 -5 2 
5 9 4 9 -5 1 -7 8 4 -6 8 3 4 5 -1 -8 9 5 -6 1 
6 0 -8 9 8 1 5 9 5 5 3 -3 3 1 -4 3 -9 9 9 2 
5 4 9 -7 9 9 -3 5 -7 9 -7 -3 -9 4 0 4 -2 7 6 1 
5 -8 6 5 -8 0 2 6 0 7 6 7 -4 -1 1 3 9 8 8 8 
-9 1 1 1 8 3 5 3 -2 6 7 8 9 1 -8 4 7 7 0 2 
-7 5 1 0 -2 8 -6 5 -7 9 -4 8 2 7 9 5 -7 -4 1 1 
-7 9 1 7 7 0 5 4 5 -7 8 6 -6 3 9 2 -7 6 8 -3 
-3 0 7 6 7 4 2 1 8 2 2 7 -8 -9 1 8 -2 9 2 -9 
-9 2 9 -2 8 1 -9 -8 7 2 2 8 1 2 4 7 6 7 0 -3 
-3 8 6 -7 2 9 3 -6 6 8 -7 5 4 5 0 7 7 1 9 -7 
1 1 -4 -7 5 9 7 2 8 -4 9 -7 5 -6 8 -2 0 1 5 -7 
2 0 7 7 4 -8 1 9 8 7 6 -2 3 5 3 8 1 1 1 -9 
8 8 8 9 3 1 -1 -4 7 6 7 0 6 2 0 -8 5 6 -8 5 
1 6 7 -2 4 0 4 -9 -3 -7 9 -7 5 -3 9 9 -7 9 4 5 
2 9 9 -9 3 -4 1 3 -3 3 5 5 9 5 1 8 9 -8 0 6 
1 -6 5 9 -8 -1 5 4 3 8 -6 4 8 -7 1 -5 9 4 9 5 
2 -5 0 8 3 0 4 -3 2 7 6 3 -7 -8 -2 -4 6 3 0 2 
4 2 1 5 0 6 1 9 8 -6 8 8 4 9 4 -9 -1 1 0 -8 
46
5
18 19
16 2
15 17
19 6
18 11
1 0
3 17
4 2
0 13
1 8
14
10 0 11
17 14 8
13 11 15
9 12 16
14 3 14
0 5 9
1 5 11
9 19 11
2 5 8
6 8 15
10 7 16
5 16 14
19 14 9
18 14 11
40
11 18
13 8
18 2
15 11
0 8
13 15
9 11
11 6
19 1
5 12
12 15
2 12
7 0
18 0
13 4
0 15
5 7
8 17
17 3
12 11
8 1
6 11
1 17
4 8
19 11
6 4
10 8
8 13
0 18
14 7
7 4
17 7
12 19
1 19
6 15
19 4
14 12
11 2
2 16
7 8
