20 20
-3 14 17 13 13 23 14 -13 -2 -5 0 -8 -21 18 10 6 26 14 2 19 
8 16 22 -10 19 22 9 22 22 11 -17 18 3 1 14 22 17 19 2 8 
15 25 24 7 25 -25 12 11 -9 1 -5 1 19 24 4 7 17 -19 25 11 
-26 13 12 26 5 -13 15 10 -3 0 -22 -22 24 11 9 -4 23 1 16 12 
-5 7 0 9 -6 0 2 -24 9 5 18 -14 0 26 12 10 22 4 -1 11 
23 19 26 8 -3 -4 23 24 24 6 21 24 -15 -18 17 15 25 -4 -17 19 
-9 8 -12 21 11 -5 4 24 26 0 14 20 15 23 24 22 -26 5 24 22 
1 18 12 9 14 3 2 13 18 -5 22 4 7 6 -25 1 0 10 -3 0 
6 11 6 2 -24 4 23 -15 16 10 25 -4 22 11 -14 2 24 5 5 8 
14 -24 24 -15 -1 -23 21 12 -6 16 -2 8 -17 20 24 5 1 20 23 10 
10 23 20 1 5 24 20 -17 8 -2 16 -6 12 21 -23 -1 -15 24 -24 14 
8 5 5 24 2 -14 11 22 -4 25 10 16 -15 23 4 -24 2 6 11 6 
0 -3 10 0 1 -25 6 7 4 22 -5 18 13 2 3 14 9 12 18 1 
22 24 5 -26 22 24 23 15 20 14 0 26 24 4 -5 11 21 -12 8 -9 
19 -17 -4 25 15 17 -18 -15 24 21 6 24 24 23 -4 -3 8 26 19 23 
11 -1 4 22 10 12 26 0 -14 18 5 9 -24 2 0 -6 9 0 7 -5 
12 16 1 23 -4 9 11 24 -22 -22 0 -3 10 15 -13 5 26 12 13 -26 
11 25 -19 17 7 4 24 19 1 -5 1 -9 11 12 -25 25 7 24 25 15 
8 2 19 17 22 14 1 3 18 -17 11 22 22 9 22 19 -10 22 16 8 
19 2 14 26 6 10 18 -21 -8 0 -5 -2 -13 14 23 13 13 17 14 -3 
33
7
15 1
6 5
6 3
17 5
8 11
15 4
0 17
4 18
13 14
13 16
2 14
11 8
4 15
19 2
10
5 2 13
17 9 13
6 13 10
8 10 8
7 2 13
14 17 13
2 10 13
13 6 10
11 9 8
12 17 13
38
2 8
7 14
14 1
8 2
18 17
8 15
16 2
9 14
13 1
11 19
11 2
15 14
16 18
9 15
9 16
15 16
1 14
10 17
16 5
17 11
12 5
5 18
11 17
1 2
11 4
3 17
10 5
6 18
8 0
8 17
4 5
3 1
10 4
10 3
4 3
18 5
9 2
3 14
