20 20
10 -8 10 -14 13 2 -11 8 8 14 2 -6 1 6 -4 0 13 15 10 6 
-5 -8 4 -9 2 14 1 14 3 8 -9 8 -14 6 4 1 0 2 -2 11 
2 1 12 9 -5 2 3 11 7 1 2 1 13 14 5 14 -2 7 -14 12 
7 4 2 6 5 4 13 -5 9 6 15 10 10 -6 -15 5 12 0 2 16 
7 4 11 2 0 -14 9 -16 16 -4 10 6 -13 3 -9 -2 16 7 4 8 
8 -9 -15 -1 16 16 7 16 4 5 16 8 5 -7 1 -14 2 -11 7 10 
10 9 3 -9 4 10 5 5 2 16 -8 -8 -14 4 11 13 16 16 11 5 
10 2 11 16 6 7 2 1 5 -6 5 -4 -2 12 -12 13 -2 9 5 -8 
1 -7 -14 15 11 10 11 4 -8 4 12 12 2 0 -10 15 3 5 9 -8 
3 -1 3 15 15 11 7 -5 -14 -2 15 5 11 -5 16 -4 15 -11 13 9 
9 13 -11 15 -4 16 -5 11 5 15 -2 -14 -5 7 11 15 15 3 -1 3 
-8 9 5 3 15 -10 0 2 12 12 4 -8 4 11 10 11 15 -14 -7 1 
-8 5 9 -2 13 -12 12 -2 -4 5 -6 5 1 2 7 6 16 11 2 10 
5 11 16 16 13 11 4 -14 -8 -8 16 2 5 5 10 4 -9 3 9 10 
10 7 -11 2 -14 1 -7 5 8 16 5 4 16 7 16 16 -1 -15 -9 8 
8 4 7 16 -2 -9 3 -13 6 10 -4 16 -16 9 -14 0 2 11 4 7 
16 2 0 12 5 -15 -6 10 10 15 6 9 -5 13 4 5 6 2 4 7 
12 -14 7 -2 14 5 14 13 1 2 1 7 11 3 2 -5 9 12 1 2 
11 -2 2 0 1 4 6 -14 8 -9 8 3 14 1 14 2 -9 4 -8 -5 
6 10 15 13 0 -4 6 1 -6 2 14 8 8 -11 2 13 -14 10 -8 10 
58
3
16 13
15 4
4 5
3 6
4 15
15 14
20
3 1 11
3 14 16
15 0 13
13 10 9
16 2 14
8 10 8
3 19 10
18 14 15
0 19 13
4 17 11
16 18 11
16 5 16
4 19 13
6 9 9
3 17 14
11 9 8
16 0 10
1 5 15
19 0 13
15 2 11
32
0 4
1 7
17 12
11 19
10 7
17 0
9 4
16 10
8 1
12 9
13 6
8 11
10 8
10 6
0 15
1 19
19 15
18 12
2 7
8 0
9 12
2 19
10 15
3 9
11 18
7 10
6 13
11 8
9 11
9 13
19 4
18 0
