20 20
12 -17 2 15 1 3 5 12 17 12 2 15 -14 16 9 -18 4 7 4 0 
15 9 17 1 15 8 2 -8 15 11 2 -9 8 16 11 17 10 -14 4 8 
-15 8 9 12 10 1 1 15 8 11 -1 -5 -17 9 -1 5 11 2 7 13 
-10 4 1 15 15 9 4 9 15 6 17 -12 0 2 -3 17 12 1 10 13 
5 -1 18 7 8 -9 11 9 1 17 8 3 -5 -11 4 -12 10 14 13 15 
-17 12 -5 10 0 8 -9 -10 5 16 11 1 9 -6 8 7 -1 -11 6 7 
15 -8 13 0 7 8 -8 5 8 1 6 15 11 6 -4 17 1 3 2 7 
12 13 10 13 11 1 4 12 -1 -4 2 14 10 6 10 6 13 9 4 15 
0 -4 8 4 7 16 -14 14 8 4 12 2 17 4 0 18 3 -4 6 16 
-17 9 -16 16 -3 6 -14 16 12 7 -5 9 -16 4 8 9 1 18 8 10 
10 8 18 1 9 8 4 -16 9 -5 7 12 16 -14 6 -3 16 -16 9 -17 
16 6 -4 3 18 0 4 17 2 12 4 8 14 -14 16 7 4 8 -4 0 
15 4 9 13 6 10 6 10 14 2 -4 -1 12 4 1 11 13 10 13 12 
7 2 3 1 17 -4 6 11 15 6 1 8 5 -8 8 7 0 13 -8 15 
7 6 -11 -1 7 8 -6 9 1 11 16 5 -10 -9 8 0 10 -5 12 -17 
15 13 14 10 -12 4 -11 -5 3 8 17 1 9 11 -9 8 7 18 -1 5 
13 10 1 12 17 -3 2 0 -12 17 6 15 9 4 9 15 15 1 4 -10 
13 7 2 11 5 -1 9 -17 -5 -1 11 8 15 1 1 10 12 9 8 -15 
8 4 -14 10 17 11 16 8 -9 2 11 15 -8 2 8 15 1 17 9 15 
0 4 7 4 -18 9 16 -14 15 2 12 17 12 5 3 1 15 2 -17 12 
33
4
8 2
16 8
17 16
16 1
11 17
3 11
2 3
3 18
20
0 11 16
13 19 16
13 9 11
3 12 10
9 4 11
8 13 15
14 3 11
5 12 11
18 10 8
0 17 11
19 8 16
6 0 16
6 10 11
16 7 10
10 15 11
11 6 15
5 16 11
14 7 11
1 9 8
19 2 11
40
19 5
1 11
10 0
2 6
4 7
16 4
18 9
17 15
17 2
8 9
15 11
13 17
8 15
19 13
5 13
15 14
4 14
0 16
3 10
3 8
0 14
18 8
9 19
17 13
15 12
3 15
1 10
2 4
2 17
11 10
4 8
6 2
11 4
0 6
14 6
4 5
15 5
19 3
16 9
16 11
