20 20
5 1 3 2 6 -7 -8 -4 -10 -4 -7 0 8 7 4 5 6 -4 -9 7 
7 -7 6 6 10 10 -9 10 1 8 10 8 -9 6 1 -7 -5 3 6 9 
9 7 8 -7 9 2 5 -2 7 9 4 -7 -6 9 3 7 7 -8 10 -8 
9 3 5 9 9 7 8 -4 7 1 2 5 -5 0 -10 3 1 10 6 5 
-4 9 4 -2 6 -4 -2 5 9 -1 9 3 -10 8 3 3 3 5 -6 -7 
5 8 -8 4 7 -4 1 3 6 1 1 -6 8 2 -4 10 5 2 4 10 
8 8 1 5 5 5 1 6 -9 6 4 -5 0 1 -5 7 9 7 3 2 
1 3 1 5 -7 4 -1 9 4 9 1 -2 7 9 4 7 3 8 -6 -4 
7 4 7 -5 1 0 -5 5 -6 -10 4 8 2 -10 -1 4 3 -9 9 10 
6 0 1 8 2 5 6 6 1 0 7 8 1 8 7 1 5 5 9 -10 
-10 9 5 5 1 7 8 1 8 7 0 1 6 6 5 2 8 1 0 6 
10 9 -9 3 4 -1 -10 2 8 4 -10 -6 5 -5 0 1 -5 7 4 7 
-4 -6 8 3 7 4 9 7 -2 1 9 4 9 -1 4 -7 5 1 3 1 
2 3 7 9 7 -5 1 0 -5 4 6 -9 6 1 5 5 5 1 8 8 
10 4 2 5 10 -4 2 8 -6 1 1 6 3 1 -4 7 4 -8 8 5 
-7 -6 5 3 3 3 8 -10 3 9 -1 9 5 -2 -4 6 -2 4 9 -4 
5 6 10 1 3 -10 0 -5 5 2 1 7 -4 8 7 9 9 5 3 9 
-8 10 -8 7 7 3 9 -6 -7 4 9 7 -2 5 2 9 -7 8 7 9 
9 6 3 -5 -7 1 6 -9 8 10 8 1 10 -9 10 10 6 6 -7 7 
7 -9 -4 6 5 4 7 8 0 -7 -4 -10 -4 -8 -7 6 2 3 1 5 
49
4
11 1
3 7
4 9
18 11
8 18
16 12
15 10
1 8
14
14 15 14
11 5 16
13 0 10
0 4 12
16 19 8
14 10 10
14 8 10
5 4 14
8 14 16
6 19 10
19 15 12
3 0 8
5 9 10
5 11 10
38
7 8
9 7
13 11
18 3
14 6
1 14
12 3
11 14
15 12
2 10
3 17
1 11
18 6
2 6
16 0
10 4
11 9
7 15
3 1
12 11
10 12
6 8
1 16
5 13
18 5
7 16
8 5
4 7
17 9
16 2
18 8
1 13
17 13
3 19
9 15
8 10
12 4
16 18
