20 20
9 7 10 6 18 -3 13 -8 -12 -12 -7 -16 12 16 6 9 10 -11 -4 11 
20 1 6 20 2 10 13 -13 8 1 18 2 0 9 14 20 10 17 -9 7 
18 17 20 -7 -13 6 2 16 11 9 -11 -10 8 14 10 -6 5 2 3 -5 
-6 1 17 -14 17 5 -6 1 1 18 9 6 9 16 20 20 -20 16 3 10 
4 7 14 3 2 8 13 -18 19 -5 14 13 -12 18 2 15 -9 2 12 -11 
-15 -1 6 7 6 -16 13 -7 -18 16 19 15 2 1 3 0 19 8 9 -1 
17 18 15 14 8 10 12 15 3 0 15 12 11 15 10 -13 12 -16 14 7 
18 9 17 -8 15 -7 7 16 -11 15 3 0 -4 -2 6 5 5 5 12 13 
10 20 11 4 13 11 7 13 17 1 10 8 18 -9 18 15 12 5 19 3 
-4 12 -18 14 16 -4 6 14 19 2 -8 5 5 9 -12 13 -15 17 7 7 
7 7 17 -15 13 -12 9 5 5 -8 2 19 14 6 -4 16 14 -18 12 -4 
3 19 5 12 15 18 -9 18 8 10 1 17 13 7 11 13 4 11 20 10 
13 12 5 5 5 6 -2 -4 0 3 15 -11 16 7 -7 15 -8 17 9 18 
7 14 -16 12 -13 10 15 11 12 15 0 3 15 12 10 8 14 15 18 17 
-1 9 8 19 0 3 1 2 15 19 16 -18 -7 13 -16 6 7 6 -1 -15 
-11 12 2 -9 15 2 18 -12 13 14 -5 19 -18 13 8 2 3 14 7 4 
10 3 16 -20 20 20 16 9 6 9 18 1 1 -6 5 17 -14 17 1 -6 
-5 3 2 5 -6 10 14 8 -10 -11 9 11 16 2 6 -13 -7 20 17 18 
7 -9 17 10 20 14 9 0 2 18 1 8 -13 13 10 2 20 6 1 20 
11 -4 -11 10 9 6 16 12 -16 -7 -12 -12 -8 13 -3 18 6 10 7 9 
54
2
6 0
13 18
13 19
6 1
14
9 13 9
9 2 8
5 9 13
7 18 16
19 4 16
13 7 14
8 1 8
10 6 9
10 17 8
14 10 13
12 1 16
0 15 16
6 12 14
11 18 8
34
18 17
3 4
9 16
11 17
19 5
5 3
5 19
18 11
10 15
5 7
7 9
13 17
19 6
18 14
4 19
3 19
7 3
1 2
16 15
10 3
8 2
0 14
14 16
14 0
1 8
9 4
14 12
12 10
6 2
0 13
1 5
15 0
16 0
12 16
