20 20
8 -3 3 3 4 8 7 -5 -2 3 6 2 7 7 3 4 0 5 4 -8 
2 2 7 5 8 1 2 -7 5 4 6 -7 8 -2 -4 2 3 6 6 2 
-8 6 1 5 -3 2 6 -6 3 6 6 4 5 6 8 6 8 7 6 5 
7 6 -5 3 7 7 -1 5 -6 -2 6 -6 8 0 4 -7 0 1 8 4 
5 0 8 -4 3 5 5 -7 8 3 7 7 7 3 2 6 4 3 1 3 
2 0 6 6 1 1 4 7 4 -8 8 8 2 8 -1 2 1 -7 -7 8 
6 -1 6 4 1 7 4 5 6 5 -2 5 4 -3 -1 4 1 3 -2 5 
5 -1 2 7 -5 7 7 7 -2 3 3 -1 5 -2 2 4 8 -6 2 -3 
0 3 4 5 -2 8 6 7 8 2 6 1 3 0 2 6 -1 3 0 1 
6 2 6 7 6 7 7 7 0 -6 -8 4 2 8 1 -7 3 3 1 -1 
-1 1 3 3 -7 1 8 2 4 -8 -6 0 7 7 7 6 7 6 2 6 
1 0 3 -1 6 2 0 3 1 6 2 8 7 6 8 -2 5 4 3 0 
-3 2 -6 8 4 2 -2 5 -1 3 3 -2 7 7 7 -5 7 2 -1 5 
5 -2 3 1 4 -1 -3 4 5 -2 5 6 5 4 7 1 4 6 -1 6 
8 -7 -7 1 2 -1 8 2 8 8 -8 4 7 4 1 1 6 6 0 2 
3 1 3 4 6 2 3 7 7 7 3 8 -7 5 5 3 -4 8 0 5 
4 8 1 0 -7 4 0 8 -6 6 -2 -6 5 -1 7 7 3 -5 6 7 
5 6 7 8 6 8 6 5 4 6 6 3 -6 6 2 -3 5 1 6 -8 
2 6 6 3 2 -4 -2 8 -7 6 4 5 -7 2 1 8 5 7 2 2 
-8 4 5 0 4 3 7 7 2 6 3 -2 -5 7 8 4 3 3 -3 8 
46
7
6 5
8 15
2 10
11 2
6 10
9 17
16 7
13 14
11 4
17 9
8 17
13 9
10 2
3 12
14
14 17 13
14 3 15
4 9 13
10 1 13
11 1 13
16 2 9
18 16 15
5 2 13
5 16 15
15 10 13
9 18 13
8 18 13
3 17 9
1 3 15
26
6 2
15 11
18 10
18 6
6 7
19 9
19 17
0 4
3 6
14 2
17 6
2 0
10 5
13 17
4 8
1 9
1 13
13 12
0 10
0 2
19 15
16 13
5 17
2 13
17 19
9 14
