20 20
2 3 -9 6 -9 -3 2 -1 -6 3 4 7 8 3 5 3 -4 7 -7 2 
-7 -9 7 1 6 5 5 1 3 -4 -4 1 9 7 2 7 3 6 7 9 
9 6 4 -5 1 -9 8 3 5 -8 8 5 4 -9 8 1 6 -4 8 1 
-3 8 7 6 5 4 0 -2 -6 8 -1 -4 4 0 5 -6 8 7 3 5 
9 7 3 8 9 8 -6 7 3 -7 0 4 7 8 8 9 9 5 6 6 
6 3 7 -6 -6 2 -9 6 -7 4 4 3 8 -5 -6 0 -1 8 6 5 
-9 6 6 -5 4 0 7 9 9 8 6 3 7 6 6 2 7 2 1 2 
4 0 6 5 8 9 2 -2 2 8 2 -5 0 0 8 -1 8 5 2 6 
-7 8 1 2 8 6 -9 1 -5 5 4 7 7 1 1 -2 -8 4 -9 -5 
-2 9 -2 -5 8 -1 8 -1 -9 0 2 6 7 -5 -8 -2 3 0 7 7 
7 7 0 3 -2 -8 -5 7 6 2 0 -9 -1 8 -1 8 -5 -2 9 -2 
-5 -9 4 -8 -2 1 1 7 7 4 5 -5 1 -9 6 8 2 1 8 -7 
6 2 5 8 -1 8 0 0 -5 2 8 2 -2 2 9 8 5 6 0 4 
2 1 2 7 2 6 6 7 3 6 8 9 9 7 0 4 -5 6 6 -9 
5 6 8 -1 0 -6 -5 8 3 4 4 -7 6 -9 2 -6 -6 7 3 6 
6 6 5 9 9 8 8 7 4 0 -7 3 7 -6 8 9 8 3 7 9 
5 3 7 8 -6 5 0 4 -4 -1 8 -6 -2 0 4 5 6 7 8 -3 
1 8 -4 6 1 8 -9 4 5 8 -8 5 3 8 -9 1 -5 4 6 9 
9 7 6 3 7 2 7 9 1 -4 -4 3 1 5 5 6 1 7 -9 -7 
2 -7 7 -4 3 5 3 8 7 4 3 -6 -1 2 -3 -9 6 -9 3 2 
54
4
10 8
11 2
13 18
1 0
9 11
8 17
6 1
18 19
16
13 9 13
8 15 12
9 4 16
1 3 12
1 9 10
2 17 13
11 1 13
0 15 8
6 10 13
11 4 12
10 15 16
18 16 12
18 10 10
17 2 13
8 18 13
19 4 8
30
0 9
12 10
0 13
5 16
0 4
4 10
17 10
5 7
0 16
7 6
1 8
14 5
6 15
11 16
17 9
19 10
7 9
19 6
14 3
19 15
15 9
2 9
14 12
19 3
12 13
18 11
5 14
13 4
8 3
2 10
