20 20
1 7 20 7 24 4 -2 2 -12 19 0 -23 16 23 24 21 13 -8 4 1 
8 12 20 17 3 -21 2 25 11 24 24 15 15 5 23 17 5 -13 -9 22 
2 24 -25 5 7 15 19 16 2 25 18 4 -18 13 20 3 20 20 8 17 
0 17 25 25 21 -1 19 22 15 -24 4 1 6 6 -25 13 -9 1 10 11 
9 2 9 18 4 -2 1 -11 -7 23 -21 25 20 -12 14 2 -1 7 -3 24 
25 4 -10 -2 7 18 18 20 -20 4 7 12 8 19 20 5 -8 3 8 25 
8 12 14 1 17 10 9 10 18 -25 15 -9 -21 0 18 -1 2 -24 25 23 
12 -3 3 2 21 7 18 14 13 12 -10 1 -5 23 16 -23 2 24 21 -23 
19 8 24 0 12 -12 -17 24 15 8 16 13 20 11 23 7 -8 -19 1 1 
7 -12 21 7 18 3 4 6 1 15 19 4 17 -24 24 15 -22 -14 9 15 
15 9 -14 -22 15 24 -24 17 4 19 15 1 6 4 3 18 7 21 -12 7 
1 1 -19 -8 7 23 11 20 13 16 8 15 24 -17 -12 12 0 24 8 19 
-23 21 24 2 -23 16 23 -5 1 -10 12 13 14 18 7 21 2 3 -3 12 
23 25 -24 2 -1 18 0 -21 -9 15 -25 18 10 9 10 17 1 14 12 8 
25 8 3 -8 5 20 19 8 12 7 4 -20 20 18 18 7 -2 -10 4 25 
24 -3 7 -1 2 14 -12 20 25 -21 23 -7 -11 1 -2 4 18 9 2 9 
11 10 1 -9 13 -25 6 6 1 4 -24 15 22 19 -1 21 25 25 17 0 
17 8 20 20 3 20 13 -18 4 18 25 2 16 19 15 7 5 -25 24 2 
22 -9 -13 5 17 23 5 15 15 24 24 11 25 2 -21 3 17 20 12 8 
1 4 -8 13 21 24 23 16 -23 0 19 -12 2 -2 4 24 7 20 7 1 
52
8
1 7
11 15
16 18
5 19
2 18
14 9
12 9
9 6
18 12
8 4
3 1
14 0
17 1
5 10
7 10
10 13
18
7 12 11
3 2 9
11 9 12
5 13 9
9 0 12
6 8 9
13 19 8
19 8 15
14 11 12
12 7 11
16 17 9
8 10 12
14 6 9
10 19 12
13 11 9
6 0 8
0 11 15
5 8 12
30
5 14
1 11
0 18
9 14
9 5
14 3
5 15
4 13
7 15
5 11
2 16
10 16
16 14
5 3
0 10
14 5
18 8
19 1
10 5
10 14
5 16
14 4
15 6
12 4
14 8
17 3
9 3
3 5
14 16
19 9
