20 20
0 -4 0 -3 3 0 1 0 4 4 3 1 -2 4 1 1 2 2 1 -4 
2 -2 2 0 4 1 2 2 4 4 2 4 3 3 4 4 1 2 2 -2 
2 4 1 0 3 3 3 1 2 -2 -3 -3 -2 4 4 0 -2 1 2 1 
4 3 3 2 3 -1 2 2 1 -1 2 3 0 -4 0 0 3 3 2 3 
2 2 4 1 4 -1 1 2 1 3 3 4 0 3 -1 0 4 2 -2 4 
1 2 1 0 3 2 -1 0 1 3 0 4 -2 4 4 1 4 2 -2 3 
2 -2 1 -3 1 1 1 -1 3 4 -3 1 -2 0 3 2 1 -4 4 4 
4 1 -2 2 -2 0 1 1 2 1 3 -1 -1 2 2 2 4 0 1 1 
-4 3 1 -3 3 2 -3 1 1 4 4 4 4 2 0 -2 -4 2 4 0 
3 1 2 1 3 4 -4 1 3 0 0 -1 1 2 2 4 -3 -1 1 3 
3 1 -1 -3 4 2 2 1 -1 0 0 3 1 -4 4 3 1 2 1 3 
0 4 2 -4 -2 0 2 4 4 4 4 1 1 -3 2 3 -3 1 3 -4 
1 1 0 4 2 2 2 -1 -1 3 1 2 1 1 0 -2 2 -2 1 4 
4 4 -4 1 2 3 0 -2 1 -3 4 3 -1 1 1 1 -3 1 -2 2 
3 -2 2 4 1 4 4 -2 4 0 3 1 0 -1 2 3 0 1 2 1 
4 -2 2 4 0 -1 3 0 4 3 3 1 2 1 -1 4 1 4 2 2 
3 2 3 3 0 0 -4 0 3 2 -1 1 2 2 -1 3 2 3 3 4 
1 2 1 -2 0 4 4 -2 -3 -3 -2 2 1 3 3 3 0 1 4 2 
-2 2 2 1 4 4 3 3 4 2 4 4 2 2 1 4 0 2 -2 2 
-4 1 2 2 1 1 4 -2 1 3 4 4 0 1 0 3 -3 0 -4 0 
49
8
10 0
13 14
11 10
3 18
1 3
16 7
2 11
0 13
9 19
6 5
8 9
16 1
18 16
3 12
17 8
19 6
12
7 8 9
14 4 11
16 13 10
8 11 16
1 7 14
8 15 16
12 11 9
5 15 11
3 6 10
11 8 16
18 12 14
11 4 16
34
18 13
4 13
17 1
9 5
16 15
2 3
15 7
16 4
14 18
3 19
0 11
5 10
8 18
1 14
7 17
16 2
7 9
1 6
15 6
2 18
10 14
3 4
17 16
4 12
3 15
5 1
16 0
19 8
14 9
11 1
18 5
12 2
3 17
12 10
