20 20
19 20 14 -20 -12 20 7 20 -15 4 23 -21 18 10 -3 -3 10 7 17 5 
3 -4 16 9 -19 -2 -10 22 -22 13 4 2 15 -10 20 3 4 -22 -5 19 
11 19 9 5 4 17 23 22 11 -2 3 3 16 12 -23 9 22 12 -3 5 
15 10 1 -4 15 23 23 15 -9 22 -23 -9 8 -14 18 15 5 17 12 19 
-3 10 12 23 -11 14 2 11 -17 9 5 -17 12 -14 -21 -13 15 7 -13 3 
-1 18 -14 19 17 21 21 17 8 20 -9 16 23 17 16 18 3 11 -21 -14 
-9 5 -9 2 -14 -19 4 22 7 -6 6 12 14 -19 -14 15 -14 -6 -21 6 
2 1 -2 16 14 10 4 -23 0 1 11 17 -12 -22 -16 11 13 2 4 12 
13 17 4 13 11 20 2 21 0 17 8 -10 3 7 20 21 15 6 16 22 
9 0 16 0 9 -19 -6 15 -5 17 16 7 7 -18 13 22 1 -2 -2 0 
0 -2 -2 1 22 13 -18 7 7 16 17 -5 15 -6 -19 9 0 16 0 9 
22 16 6 15 21 20 7 3 -10 8 17 0 21 2 20 11 13 4 17 13 
12 4 2 13 11 -16 -22 -12 17 11 1 0 -23 4 10 14 16 -2 1 2 
6 -21 -6 -14 15 -14 -19 14 12 6 -6 7 22 4 -19 -14 2 -9 5 -9 
-14 -21 11 3 18 16 17 23 16 -9 20 8 17 21 21 17 19 -14 18 -1 
3 -13 7 15 -13 -21 -14 12 -17 5 9 -17 11 2 14 -11 23 12 10 -3 
19 12 17 5 15 18 -14 8 -9 -23 22 -9 15 23 23 15 -4 1 10 15 
5 -3 12 22 9 -23 12 16 3 3 -2 11 22 23 17 4 5 9 19 11 
19 -5 -22 4 3 20 -10 15 2 4 13 -22 22 -10 -2 -19 9 16 -4 3 
5 17 7 10 -3 -3 10 18 -21 23 4 -15 20 7 20 -12 -20 14 20 19 
49
7
14 7
10 11
1 19
10 1
17 0
15 18
19 10
5 12
9 8
18 0
9 18
2 19
4 1
0 9
16
1 5 12
2 5 8
9 1 13
15 1 15
15 14 8
14 0 13
14 15 15
6 10 11
18 14 12
17 14 8
10 18 13
4 18 15
4 5 8
5 19 13
5 4 15
13 9 11
38
16 7
11 2
0 14
1 12
13 10
16 15
14 13
18 9
0 17
19 11
9 19
14 19
19 9
1 15
0 13
1 13
17 8
12 0
10 13
3 12
8 17
19 5
18 7
6 9
3 4
5 6
1 10
19 2
0 8
10 0
5 0
0 10
18 4
19 6
18 6
2 11
7 19
9 6
