20 20
10 -5 14 8 6 -14 9 -13 9 8 8 10 17 5 11 8 14 1 0 12 
7 14 2 13 2 -3 4 2 1 1 10 14 6 3 7 14 6 1 13 0 
3 -3 16 -8 11 0 -6 17 14 -1 2 5 15 16 -14 15 11 13 10 -3 
1 14 9 -16 10 12 0 3 -7 13 13 13 1 7 12 -7 6 12 -10 -4 
4 8 1 10 11 16 11 14 4 0 -2 14 -2 12 -15 9 14 17 15 -2 
-15 14 0 3 0 10 5 2 16 6 -6 -17 1 12 3 1 16 11 13 8 
13 5 -11 1 6 8 0 13 1 2 -6 17 9 13 13 12 17 0 2 10 
8 -2 16 -15 14 2 5 -12 15 -10 17 15 -2 7 -17 -17 12 11 6 12 
5 1 1 1 -1 -6 4 0 3 16 -12 7 -9 12 9 10 14 -4 8 -7 
-13 15 4 1 -14 -16 1 12 14 15 1 8 15 10 8 -11 -15 8 14 13 
13 14 8 -15 -11 8 10 15 8 1 15 14 12 1 -16 -14 1 4 15 -13 
-7 8 -4 14 10 9 12 -9 7 -12 16 3 0 4 -6 -1 1 1 1 5 
12 6 11 12 -17 -17 7 -2 15 17 -10 15 -12 5 2 14 -15 16 -2 8 
10 2 0 17 12 13 13 9 17 -6 2 1 13 0 8 6 1 -11 5 13 
8 13 11 16 1 3 12 1 -17 -6 6 16 2 5 10 0 3 0 14 -15 
-2 15 17 14 9 -15 12 -2 14 -2 0 4 14 11 16 11 10 1 8 4 
-4 -10 12 6 -7 12 7 1 13 13 13 -7 3 0 12 10 -16 9 14 1 
-3 10 13 11 15 -14 16 15 5 2 -1 14 17 -6 0 11 -8 16 -3 3 
0 13 1 6 14 7 3 6 14 10 1 1 2 4 -3 2 13 2 14 7 
12 0 1 14 8 11 5 17 10 8 8 9 -13 9 -14 6 8 14 -5 10 
57
6
2 12
12 11
5 16
4 13
12 10
15 12
17 7
7 8
14 3
15 6
7 9
4 7
6
11 6 8
10 5 16
10 8 16
8 13 8
9 14 16
9 11 16
28
10 9
11 5
13 3
19 4
4 17
7 5
15 13
18 7
14 9
5 9
2 14
0 11
15 1
17 11
9 10
8 14
6 16
0 15
15 2
12 14
4 6
1 12
5 10
14 10
17 5
19 8
4 18
2 8
