20 20
23 -13 -21 -21 2 0 0 -16 3 1 11 11 22 8 1 -23 -5 24 25 1 
10 -21 23 17 -23 7 25 16 19 19 16 18 -4 23 4 14 1 11 10 -17 
-4 17 -4 6 26 22 -10 7 25 -17 6 -16 14 20 17 10 -12 6 22 -16 
10 -11 22 10 -11 4 17 -27 9 5 7 5 5 8 25 11 4 15 6 -9 
-26 15 0 3 20 4 13 -17 22 18 1 26 2 23 -1 12 -3 16 15 4 
-10 5 21 2 20 -20 26 16 11 6 5 8 -16 24 8 9 17 7 19 18 
15 -20 6 14 9 -18 20 1 8 21 19 22 25 22 14 -14 22 -25 25 21 
26 5 -5 2 16 5 22 21 2 27 20 9 -1 20 26 -7 -7 14 -1 7 
-16 17 -18 25 -1 -15 6 8 18 -24 25 15 1 21 24 -20 27 14 24 13 
20 24 0 -11 25 13 -26 21 15 25 13 24 21 26 18 -25 -11 23 -17 16 
16 -17 23 -11 -25 18 26 21 24 13 25 15 21 -26 13 25 -11 0 24 20 
13 24 14 27 -20 24 21 1 15 25 -24 18 8 6 -15 -1 25 -18 17 -16 
7 -1 14 -7 -7 26 20 -1 9 20 27 2 21 22 5 16 2 -5 5 26 
21 25 -25 22 -14 14 22 25 22 19 21 8 1 20 -18 9 14 6 -20 15 
18 19 7 17 9 8 24 -16 8 5 6 11 16 26 -20 20 2 21 5 -10 
4 15 16 -3 12 -1 23 2 26 1 18 22 -17 13 4 20 3 0 15 -26 
-9 6 15 4 11 25 8 5 5 7 5 9 -27 17 4 -11 10 22 -11 10 
-16 22 6 -12 10 17 20 14 -16 6 -17 25 7 -10 22 26 6 -4 17 -4 
-17 10 11 1 14 4 23 -4 18 16 19 19 16 25 7 -23 17 23 -21 10 
1 25 24 -5 -23 1 8 22 11 11 1 3 -16 0 0 2 -21 -21 -13 23 
35
4
11 0
9 19
14 18
13 2
8 19
10 0
5 1
6 17
12
19 14 11
3 15 9
15 16 10
9 7 9
14 11 8
17 7 15
0 5 11
16 4 9
4 3 10
10 12 9
5 8 8
2 12 15
38
6 16
2 8
8 3
18 2
0 1
6 13
10 8
7 13
3 6
12 18
11 3
18 4
7 16
5 17
11 12
0 2
9 4
19 11
0 6
13 3
17 11
11 16
1 17
19 18
13 6
9 11
12 6
16 13
7 1
8 16
1 15
12 3
14 2
8 7
19 17
10 15
0 8
19 13
