20 20
5 0 -6 3 0 0 5 1 5 3 -3 6 -1 6 1 0 0 4 0 -5 
1 5 0 6 6 5 3 6 0 2 0 6 6 5 6 0 4 -5 6 1 
2 6 4 1 5 3 6 0 6 0 3 -4 6 5 4 -3 -3 1 1 0 
2 3 -4 6 4 4 3 1 6 0 -6 3 2 2 -5 4 5 -2 5 -6 
-4 6 4 0 5 2 1 -1 2 6 0 1 -1 4 0 2 3 0 6 6 
1 1 5 -5 5 5 3 3 5 1 1 1 4 -3 6 -3 6 3 -2 -4 
-4 2 3 6 2 6 0 3 1 -5 0 4 2 2 0 1 5 -3 4 5 
2 4 -3 0 4 5 -2 -5 -4 4 -1 -4 -3 2 2 2 5 0 1 1 
3 4 4 2 -1 5 4 2 4 6 3 0 -2 2 0 5 -3 1 6 4 
5 3 6 2 4 4 3 2 0 1 5 -2 -2 2 3 4 6 0 1 -5 
-5 1 0 6 4 3 2 -2 -2 5 1 0 2 3 4 4 2 6 3 5 
4 6 1 -3 5 0 2 -2 0 3 6 4 2 4 5 -1 2 4 4 3 
1 1 0 5 2 2 2 -3 -4 -1 4 -4 -5 -2 5 4 0 -3 4 2 
5 4 -3 5 1 0 2 2 4 0 -5 1 3 0 6 2 6 3 2 -4 
-4 -2 3 6 -3 6 -3 4 1 1 1 5 3 3 5 5 -5 5 1 1 
6 6 0 3 2 0 4 -1 1 0 6 2 -1 1 2 5 0 4 6 -4 
-6 5 -2 5 4 -5 2 2 3 -6 0 6 1 3 4 4 6 -4 3 2 
0 1 1 -3 -3 4 5 6 -4 3 0 6 0 6 3 5 1 4 6 2 
1 6 -5 4 0 6 5 6 6 0 2 0 6 3 5 6 6 0 5 1 
-5 0 4 0 0 1 6 -1 6 -3 3 5 1 5 0 0 3 -6 0 5 
45
4
1 18
10 4
14 12
15 3
18 1
9 15
5 7
4 16
10
10 14 14
7 5 11
12 9 14
15 17 15
15 0 15
9 5 14
12 14 11
7 10 14
4 2 15
4 19 15
32
16 7
19 9
9 19
18 16
15 16
8 13
6 0
12 10
5 9
0 2
11 1
8 9
12 2
1 11
10 5
2 17
3 12
0 10
10 0
1 3
4 3
11 6
13 19
7 9
14 10
19 17
8 18
11 10
7 17
18 8
9 14
17 2
