20 20
3 -10 4 2 -10 8 8 9 9 5 3 -6 11 10 -4 -3 11 -1 -7 6 
3 6 -10 11 -8 8 -10 6 -1 10 8 2 -8 3 11 -7 3 7 -3 8 
5 2 11 5 0 11 3 9 -11 5 -3 11 8 10 -5 2 5 -9 1 11 
4 4 9 1 4 0 1 2 3 -5 7 6 6 10 -9 9 11 2 4 2 
-1 4 8 3 11 9 3 8 3 0 11 -1 0 -7 4 3 -9 -5 6 11 
-7 0 8 -2 8 2 5 6 -8 3 -11 -2 7 0 8 2 11 2 0 11 
-1 2 11 11 -10 9 -7 10 5 9 7 3 -8 4 9 10 1 2 1 7 
-1 5 11 2 10 7 9 3 8 4 -9 9 1 -11 0 5 9 -7 -7 8 
6 11 6 3 11 0 2 11 6 10 -8 -4 9 0 7 -9 9 10 1 1 
11 10 3 3 6 -6 5 4 -9 -4 0 0 9 2 9 -3 10 6 4 6 
6 4 6 10 -3 9 2 9 0 0 -4 -9 4 5 -6 6 3 3 10 11 
1 1 10 9 -9 7 0 9 -4 -8 10 6 11 2 0 11 3 6 11 6 
8 -7 -7 9 5 0 -11 1 9 -9 4 8 3 9 7 10 2 11 5 -1 
7 1 2 1 10 9 4 -8 3 7 9 5 10 -7 9 -10 11 11 2 -1 
11 0 2 11 2 8 0 7 -2 -11 3 -8 6 5 2 8 -2 8 0 -7 
11 6 -5 -9 3 4 -7 0 -1 11 0 3 8 3 9 11 3 8 4 -1 
2 4 2 11 9 -9 10 6 6 7 -5 3 2 1 0 4 1 9 4 4 
11 1 -9 5 2 -5 10 8 11 -3 5 -11 9 3 11 0 5 11 2 5 
8 -3 7 3 -7 11 3 -8 2 8 10 -1 6 -10 8 -8 11 -10 6 3 
6 -7 -1 11 -3 -4 10 11 -6 3 5 9 9 8 8 -10 2 4 -10 3 
44
2
15 10
13 14
4 9
6 5
16
18 0 13
4 5 12
0 6 16
7 11 14
12 16 13
19 17 14
0 7 11
17 19 15
1 19 13
15 14 12
19 13 16
12 8 14
7 3 13
0 2 14
19 12 11
2 0 15
30
19 3
17 11
4 17
16 9
4 12
0 11
14 1
0 9
5 4
17 4
12 19
15 9
1 13
16 14
5 3
0 16
2 8
15 2
3 10
15 7
19 8
5 18
19 10
14 15
2 15
7 0
4 10
18 6
3 5
14 16
