20 20
3 -26 1 20 16 7 7 2 18 0 0 4 14 15 15 15 -16 15 22 14 
25 2 10 25 24 -10 -21 -9 3 -17 26 8 16 -15 7 19 25 17 20 19 
12 1 -26 -19 8 23 5 8 19 26 -15 9 14 0 25 16 11 24 16 5 
8 14 13 -26 24 25 -8 15 23 -19 -9 -8 3 10 -1 16 2 -10 14 25 
11 -23 -14 1 0 13 12 9 -22 -1 20 12 -8 12 8 10 -26 -2 -9 8 
12 19 6 -21 26 0 -23 5 0 7 16 13 13 18 3 -14 -18 24 16 6 
-25 -26 -18 5 -16 9 13 10 2 19 26 -3 13 -17 10 22 26 19 13 -15 
-17 -3 -6 -20 -6 1 -14 -14 8 9 25 -20 3 -23 24 1 0 25 15 19 
3 0 -10 22 1 1 -15 4 6 11 0 1 3 25 3 25 -16 7 17 17 
14 4 1 9 -21 22 10 25 -8 24 -2 4 -25 25 24 10 1 26 13 9 
9 13 26 1 10 24 25 -25 4 -2 24 -8 25 10 22 -21 9 1 4 14 
17 17 7 -16 25 3 25 3 1 0 11 6 4 -15 1 1 22 -10 0 3 
19 15 25 0 1 24 -23 3 -20 25 9 8 -14 -14 1 -6 -20 -6 -3 -17 
-15 13 19 26 22 10 -17 13 -3 26 19 2 10 13 9 -16 5 -18 -26 -25 
6 16 24 -18 -14 3 18 13 13 16 7 0 5 -23 0 26 -21 6 19 12 
8 -9 -2 -26 10 8 12 -8 12 20 -1 -22 9 12 13 0 1 -14 -23 11 
25 14 -10 2 16 -1 10 3 -8 -9 -19 23 15 -8 25 24 -26 13 14 8 
5 16 24 11 16 25 0 14 9 -15 26 19 8 5 23 8 -19 -26 1 12 
19 20 17 25 19 7 -15 16 8 26 -17 3 -9 -21 -10 24 25 10 2 25 
14 22 15 -16 15 15 15 14 4 0 0 18 2 7 7 16 20 1 -26 3 
33
6
0 4
7 15
3 12
6 7
18 10
12 14
19 15
12 4
16 7
13 12
1 9
7 5
20
9 19 14
7 18 12
5 17 12
4 19 13
17 6 14
18 1 11
19 16 12
8 12 14
3 1 15
14 15 13
10 0 14
12 1 12
14 2 12
15 0 13
2 13 14
1 18 11
0 3 12
11 7 14
16 18 15
5 4 13
32
12 17
14 6
1 3
10 5
8 11
9 6
10 15
17 0
14 11
12 9
13 9
4 17
1 0
2 5
10 12
18 7
7 2
5 13
18 16
9 14
11 8
10 13
9 4
2 19
5 8
7 10
6 10
15 2
18 19
17 14
9 7
1 12
