20 20
10 8 7 2 2 -13 3 4 13 12 8 5 2 13 5 -4 8 6 7 1 
10 -7 2 13 12 11 5 -11 7 12 -10 -10 9 0 6 2 9 8 -3 6 
-5 -13 1 4 -3 8 13 5 -5 -12 -4 -8 -8 2 2 2 13 13 4 -10 
10 5 -9 8 6 6 11 7 1 6 2 7 12 3 4 -5 10 -3 9 -8 
10 2 4 1 4 12 -3 9 9 -3 8 5 -8 -6 4 -2 -10 11 -10 13 
8 12 8 -4 -12 0 6 2 -9 4 -5 -12 10 9 1 1 7 3 -13 8 
-13 7 4 11 12 6 6 1 3 5 12 2 9 -12 1 1 10 10 -6 12 
1 6 0 11 13 8 -3 -4 13 9 8 10 11 13 2 11 10 3 13 8 
8 13 -1 8 -4 -2 2 8 0 13 11 -1 2 10 11 -6 2 12 12 -5 
6 3 -5 6 7 -11 2 5 -7 -7 3 5 8 13 13 4 4 3 -6 1 
1 -6 3 4 4 13 13 8 5 3 -7 -7 5 2 -11 7 6 -5 3 6 
-5 12 12 2 -6 11 10 2 -1 11 13 0 8 2 -2 -4 8 -1 13 8 
8 13 3 10 11 2 13 11 10 8 9 13 -4 -3 8 13 11 0 6 1 
12 -6 10 10 1 1 -12 9 2 12 5 3 1 6 6 12 11 4 7 -13 
8 -13 3 7 1 1 9 10 -12 -5 4 -9 2 6 0 -12 -4 8 12 8 
13 -10 11 -10 -2 4 -6 -8 5 8 -3 9 9 -3 12 4 1 4 2 10 
-8 9 -3 10 -5 4 3 12 7 2 6 1 7 11 6 6 8 -9 5 10 
-10 4 13 13 2 2 2 -8 -8 -4 -12 -5 5 13 8 -3 4 1 -13 -5 
6 -3 8 9 2 6 0 9 -10 -10 12 7 -11 5 11 12 13 2 -7 10 
1 7 6 8 -4 5 13 2 5 8 12 13 4 3 -13 2 2 7 8 10 
35
7
17 3
8 0
5 8
19 0
12 6
15 1
18 10
2 16
11 19
14 11
0 19
7 13
4 18
1 9
20
5 12 15
7 19 11
7 18 10
18 1 16
0 18 13
3 4 8
4 17 16
14 13 15
15 5 16
14 9 11
14 7 15
12 0 11
12 1 10
1 18 16
19 1 13
16 15 8
15 2 16
5 6 15
4 14 16
5 10 11
40
8 10
4 10
10 1
15 13
18 8
7 9
12 7
9 12
11 10
16 14
2 1
12 13
5 2
7 14
6 16
1 10
19 5
9 16
10 9
4 11
11 9
15 9
9 18
4 6
1 11
12 10
7 12
10 7
8 9
3 5
17 18
7 6
14 17
12 5
13 3
18 9
0 14
10 3
9 10
15 8
