20 20
5 5 -4 0 1 4 2 -7 -6 -3 4 6 6 6 -2 3 2 -3 4 4 
1 -3 3 8 -6 4 1 5 1 8 5 -1 4 2 0 2 8 -4 1 1 
6 1 6 5 6 6 1 6 -3 8 3 2 6 8 3 5 1 3 -4 4 
3 1 -6 -5 8 -8 1 4 1 5 7 7 3 5 2 6 -3 -7 1 -7 
2 -7 6 2 3 2 4 1 1 6 3 -2 6 6 -2 4 6 8 -7 6 
-7 -8 -2 -5 -1 -7 6 0 8 5 5 6 -1 1 7 3 5 8 -6 7 
1 -1 -4 -6 -7 4 5 -4 3 4 0 2 5 -3 3 -6 4 8 -5 3 
5 -4 -6 7 -7 3 3 1 5 -2 4 3 2 5 -7 8 -8 2 5 -7 
0 -5 -1 3 2 -8 4 6 3 -7 1 3 8 -6 -7 1 -3 1 3 1 
0 5 0 3 -1 8 8 2 -2 2 6 0 1 6 -2 5 1 -2 -3 1 
1 -3 -2 1 5 -2 6 1 0 6 2 -2 2 8 8 -1 3 0 5 0 
1 3 1 -3 1 -7 -6 8 3 1 -7 3 6 4 -8 2 3 -1 -5 0 
-7 5 2 -8 8 -7 5 2 3 4 -2 5 1 3 3 -7 7 -6 -4 5 
3 -5 8 4 -6 3 -3 5 2 0 4 3 -4 5 4 -7 -6 -4 -1 1 
7 -6 8 5 3 7 1 -1 6 5 5 8 0 6 -7 -1 -5 -2 -8 -7 
6 -7 8 6 4 -2 6 6 -2 3 6 1 1 4 2 3 2 6 -7 2 
-7 1 -7 -3 6 2 5 3 7 7 5 1 4 1 -8 8 -5 -6 1 3 
4 -4 3 1 5 3 8 6 2 3 8 -3 6 1 6 6 5 6 1 6 
1 1 -4 8 2 0 2 4 -1 5 8 1 5 1 4 -6 8 3 -3 1 
4 4 -3 2 3 -2 6 6 6 4 -3 -6 -7 2 4 1 0 -4 5 5 
54
3
6 16
13 0
8 3
13 3
6 19
11 16
6
18 7 16
8 5 16
17 3 11
1 12 16
11 14 16
2 16 11
34
4 15
4 7
19 13
2 17
7 1
3 4
7 17
15 19
14 10
6 11
1 9
14 7
9 12
3 12
14 17
11 9
12 6
15 4
15 12
0 6
17 2
12 18
16 15
12 2
4 0
5 9
13 8
18 10
5 12
10 7
16 7
5 2
8 10
7 13
