20 20
5 4 6 3 -1 0 0 -7 1 -3 2 2 7 4 2 3 1 6 3 6 
4 -9 9 -3 0 4 8 8 3 7 1 5 -4 -3 6 2 8 -6 5 1 
-4 6 5 0 2 0 -8 0 5 5 4 4 1 8 2 0 -7 -2 -1 2 
9 9 4 9 -6 -3 -4 8 1 7 3 2 -4 9 3 -8 -6 -1 7 6 
6 0 0 -8 2 1 -8 9 6 5 9 7 3 -4 7 4 0 4 -1 7 
-6 2 7 9 1 -9 4 6 -9 4 7 5 -4 0 -8 4 2 -9 5 5 
2 -8 1 -2 4 8 8 8 -7 1 5 -7 6 -2 -9 7 8 9 9 4 
7 -1 1 5 0 4 2 -6 -6 5 -8 4 9 1 5 0 5 5 3 -7 
1 1 3 7 9 7 9 5 3 2 9 4 9 4 5 9 0 1 0 6 
-1 6 9 2 4 6 0 8 -5 5 8 1 -6 5 1 4 2 5 0 -8 
-8 0 5 2 4 1 5 -6 1 8 5 -5 8 0 6 4 2 9 6 -1 
6 0 1 0 9 5 4 9 4 9 2 3 5 9 7 9 7 3 1 1 
-7 3 5 5 0 5 1 9 4 -8 5 -6 -6 2 4 0 5 1 -1 7 
4 9 9 8 7 -9 -2 6 -7 5 1 -7 8 8 8 4 -2 1 -8 2 
5 5 -9 2 4 -8 0 -4 5 7 4 -9 6 4 -9 1 9 7 2 -6 
7 -1 4 0 4 7 -4 3 7 9 5 6 9 -8 1 2 -8 0 0 6 
6 7 -1 -6 -8 3 9 -4 2 3 7 1 8 -4 -3 -6 9 4 9 9 
2 -1 -2 -7 0 2 8 1 4 4 5 5 0 -8 0 2 0 5 6 -4 
1 5 -6 8 2 6 -3 -4 5 1 7 3 8 8 4 0 -3 9 -9 4 
6 3 6 1 3 2 4 7 2 2 -3 1 -7 0 0 -1 3 6 4 5 
37
3
1 11
11 8
19 4
18 8
8 11
0 15
10
8 7 15
6 5 14
1 0 12
17 10 16
15 16 9
11 12 15
13 14 14
18 19 12
2 9 16
4 3 9
26
10 6
16 9
5 14
10 18
5 3
16 0
19 10
7 2
16 10
12 1
17 15
4 1
0 1
9 13
3 10
14 5
9 1
14 16
3 19
0 9
12 17
3 9
7 18
2 4
15 18
19 18
