20 20
-11 2 9 -3 2 9 12 10 10 -11 2 9 1 1 12 0 11 12 4 2 
3 8 0 5 12 9 5 -6 12 13 8 -4 -5 13 -1 -6 4 -8 13 -9 
2 5 6 7 6 -2 5 -3 10 5 12 11 2 0 2 12 -4 7 2 -12 
8 -11 8 -9 3 2 7 12 13 -2 4 4 2 -3 8 0 -4 7 6 11 
-8 2 9 11 8 3 3 -4 7 -1 3 -3 10 -6 1 2 11 5 2 -3 
5 0 3 13 -10 3 10 -7 2 -11 -3 3 0 -5 6 10 -2 3 -11 -7 
6 2 -1 2 12 3 13 12 -6 12 13 -2 4 5 8 8 12 -11 -6 4 
0 1 -5 13 6 -5 -12 4 5 -13 -6 2 1 2 -8 9 12 1 6 4 
-10 2 -6 5 8 6 13 13 4 4 12 6 0 -9 10 8 2 2 7 -11 
-2 13 -1 -1 -13 12 11 5 5 5 9 5 0 0 2 4 11 7 -4 13 
13 -4 7 11 4 2 0 0 5 9 5 5 5 11 12 -13 -1 -1 13 -2 
-11 7 2 2 8 10 -9 0 6 12 4 4 13 13 6 8 5 -6 2 -10 
4 6 1 12 9 -8 2 1 2 -6 -13 5 4 -12 -5 6 13 -5 1 0 
4 -6 -11 12 8 8 5 4 -2 13 12 -6 12 13 3 12 2 -1 2 6 
-7 -11 3 -2 10 6 -5 0 3 -3 -11 2 -7 10 3 -10 13 3 0 5 
-3 2 5 11 2 1 -6 10 -3 3 -1 7 -4 3 3 8 11 9 2 -8 
11 6 7 -4 0 8 -3 2 4 4 -2 13 12 7 2 3 -9 8 -11 8 
-12 2 7 -4 12 2 0 2 11 12 5 10 -3 5 -2 6 7 6 5 2 
-9 13 -8 4 -6 -1 13 -5 -4 8 13 12 -6 5 9 12 5 0 8 3 
2 4 12 11 0 12 1 1 9 2 -11 10 10 12 9 2 -3 9 2 -11 
36
7
18 6
10 18
17 13
5 14
13 11
0 15
7 15
1 13
9 1
2 6
14 5
6 8
19 4
12 4
8
5 11 12
0 16 16
2 3 8
12 9 13
14 8 12
19 3 16
17 16 8
7 10 13
28
19 8
11 16
3 15
10 13
2 4
15 2
9 3
11 3
3 17
10 6
9 19
19 15
16 15
18 3
0 11
8 3
16 4
9 6
17 15
4 17
10 16
8 16
16 2
9 13
10 0
0 4
3 4
1 16
