20 20
-5 8 0 3 -1 3 5 7 -7 -8 1 3 5 -6 -7 8 0 4 6 7 
4 2 0 2 0 -8 0 7 8 -7 7 2 0 5 6 2 4 -8 3 2 
-6 -8 1 5 0 4 7 4 1 -3 7 4 8 5 5 -6 7 1 1 4 
8 8 4 -4 -8 3 -3 2 -6 2 7 1 -5 0 0 7 1 1 0 5 
4 8 1 -3 0 8 -8 4 1 5 6 -1 -2 2 -5 -6 -4 0 4 1 
4 1 -2 -1 4 5 8 3 -2 4 6 5 7 -7 1 8 0 4 -5 5 
6 -6 3 5 -4 6 5 4 -2 1 1 1 7 7 5 7 8 5 8 6 
7 5 8 -3 7 7 1 -7 2 6 -5 5 2 1 2 -7 5 0 -8 1 
5 1 4 8 -7 -1 -1 2 3 4 5 -1 -3 7 7 2 2 3 3 8 
8 7 8 7 -4 -8 6 1 -8 1 3 5 -4 1 0 7 5 0 2 -5 
-5 2 0 5 7 0 1 -4 5 3 1 -8 1 6 -8 -4 7 8 7 8 
8 3 3 2 2 7 7 -3 -1 5 4 3 2 -1 -1 -7 8 4 1 5 
1 -8 0 5 -7 2 1 2 5 -5 6 2 -7 1 7 7 -3 8 5 7 
6 8 5 8 7 5 7 7 1 1 1 -2 4 5 6 -4 5 3 -6 6 
5 -5 4 0 8 1 -7 7 5 6 4 -2 3 8 5 4 -1 -2 1 4 
1 4 0 -4 -6 -5 2 -2 -1 6 5 1 4 -8 8 0 -3 1 8 4 
5 0 1 1 7 0 0 -5 1 7 2 -6 2 -3 3 -8 -4 4 8 8 
4 1 1 7 -6 5 5 8 4 7 -3 1 4 7 4 0 5 1 -8 -6 
2 3 -8 4 2 6 5 0 2 7 -7 8 7 0 -8 0 2 0 2 4 
7 6 4 0 8 -7 -6 5 3 1 -8 -7 7 5 3 -1 3 0 8 -5 
30
8
12 0
2 5
16 11
0 17
16 17
11 3
15 9
19 9
7 19
17 14
3 8
19 2
3 2
8 16
4 10
0 10
14
3 4 15
10 4 13
0 14 13
2 7 16
1 15 11
2 15 10
5 0 12
16 15 15
9 15 13
19 5 13
17 12 16
18 4 11
17 4 10
14 19 12
32
0 9
1 19
19 16
0 11
8 1
13 1
18 12
7 17
15 5
19 3
12 13
15 14
9 16
2 1
3 10
19 13
19 10
18 0
0 3
19 8
11 18
6 18
1 7
12 2
4 14
0 16
7 6
4 5
10 3
17 18
16 9
0 6
