20 20
-6 -13 6 5 8 8 4 5 8 -15 3 11 12 -11 -8 -2 -2 13 -2 13 
3 10 -1 7 13 10 -15 4 7 13 10 -4 10 -6 12 12 -13 14 4 -1 
-1 4 -1 9 5 15 -9 6 -12 8 4 10 7 8 7 4 -14 1 0 13 
-14 15 2 -2 13 7 8 9 -11 7 2 -14 -12 -5 3 -11 8 12 14 7 
6 4 -1 10 1 12 3 0 8 1 8 8 -4 15 12 -6 6 -7 12 -4 
5 4 10 4 4 10 4 5 13 3 -6 2 0 9 12 14 10 15 0 1 
12 0 7 5 11 3 4 8 11 -6 10 11 -5 11 15 4 12 8 -10 -6 
-7 0 1 10 -4 -13 2 -2 15 -4 5 10 -8 13 4 7 3 -11 14 8 
9 4 9 1 12 7 14 15 -12 13 15 5 13 2 11 12 -2 0 11 -2 
3 15 10 15 10 13 8 10 -7 4 10 7 -12 1 9 1 14 -12 0 8 
8 0 -12 14 1 9 1 -12 7 10 4 -7 10 8 13 10 15 10 15 3 
-2 11 0 -2 12 11 2 13 5 15 13 -12 15 14 7 12 1 9 4 9 
8 14 -11 3 7 4 13 -8 10 5 -4 15 -2 2 -13 -4 10 1 0 -7 
-6 -10 8 12 4 15 11 -5 11 10 -6 11 8 4 3 11 5 7 0 12 
1 0 15 10 14 12 9 0 2 -6 3 13 5 4 10 4 4 10 4 5 
-4 12 -7 6 -6 12 15 -4 8 8 1 8 0 3 12 1 10 -1 4 6 
7 14 12 8 -11 3 -5 -12 -14 2 7 -11 9 8 7 13 -2 2 15 -14 
13 0 1 -14 4 7 8 7 10 4 8 -12 6 -9 15 5 9 -1 4 -1 
-1 4 14 -13 12 12 -6 10 -4 10 13 7 4 -15 10 13 7 -1 10 3 
13 -2 13 -2 -2 -8 -11 12 11 3 -15 8 5 4 8 8 5 6 -13 -6 
59
4
19 4
14 5
9 13
12 13
0 15
5 14
10 6
7 6
16
12 5 9
16 19 12
19 11 15
4 6 8
14 18 13
17 3 9
15 4 16
15 10 14
7 14 9
3 0 12
0 8 15
15 13 8
5 1 13
2 16 9
4 15 16
4 9 14
30
7 12
13 16
12 3
13 4
8 0
13 18
6 11
19 5
10 0
9 15
8 3
17 14
0 6
2 7
9 0
12 7
6 3
7 16
6 15
11 19
6 1
13 8
0 14
9 19
10 4
11 16
2 5
19 13
17 12
10 19
