20 20
1 -1 3 6 -6 4 5 5 2 -5 4 4 -6 3 0 5 2 6 -5 -5 
-2 3 -2 5 0 6 -1 6 1 -1 3 6 3 -2 2 -3 6 5 0 6 
0 0 -3 4 5 2 -5 1 3 2 1 6 5 -5 2 4 1 0 -1 3 
3 1 1 0 5 4 4 4 6 -1 5 -4 6 4 0 -1 0 0 5 2 
2 -5 3 0 -4 -3 -6 4 4 1 1 4 -2 5 5 -2 3 4 3 1 
6 -4 -2 3 1 2 1 1 1 6 4 5 5 3 2 3 -6 4 4 3 
1 5 -5 2 1 0 5 3 -3 0 4 1 2 -4 2 -4 2 1 0 2 
-2 2 2 4 -2 5 3 4 3 6 -1 -1 4 3 -3 5 3 4 6 2 
6 5 1 6 -3 1 6 -1 6 -6 1 2 1 2 4 4 1 -5 6 6 
4 3 2 5 3 3 2 2 4 6 6 3 6 4 -5 1 6 2 3 5 
5 3 2 6 1 -5 4 6 3 6 6 4 2 2 3 3 5 2 3 4 
6 6 -5 1 4 4 2 1 2 1 -6 6 -1 6 1 -3 6 1 5 6 
2 6 4 3 5 -3 3 4 -1 -1 6 3 4 3 5 -2 4 2 2 -2 
2 0 1 2 -4 2 -4 2 1 4 0 -3 3 5 0 1 2 -5 5 1 
3 4 4 -6 3 2 3 5 5 4 6 1 1 1 2 1 3 -2 -4 6 
1 3 4 3 -2 5 5 -2 4 1 1 4 4 -6 -3 -4 0 3 -5 2 
2 5 0 0 -1 0 4 6 -4 5 -1 6 4 4 4 5 0 1 1 3 
3 -1 0 1 4 2 -5 5 6 1 2 3 1 -5 2 5 4 -3 0 0 
6 0 5 6 -3 2 -2 3 6 3 -1 1 6 -1 6 0 5 -2 3 -2 
-5 -5 6 2 5 0 3 -6 4 4 -5 2 5 5 4 -6 6 3 -1 1 
54
6
19 0
15 7
15 4
12 13
17 3
19 9
0 19
4 12
4 15
7 6
2 16
0 10
20
1 3 13
6 0 11
16 14 8
11 13 14
5 18 16
4 18 8
2 4 15
5 11 8
18 19 16
6 13 9
18 16 13
13 19 11
3 5 8
8 6 14
14 1 16
15 1 8
17 15 15
14 8 8
1 0 16
13 6 9
32
16 3
16 8
10 16
3 14
17 8
11 7
2 13
0 1
0 2
17 18
0 7
9 2
4 5
7 12
2 3
17 12
3 16
3 11
9 3
16 5
2 11
8 12
17 6
19 18
19 17
2 1
19 12
10 17
15 14
12 7
17 16
2 7
