20 20
11 6 -6 15 19 1 14 -7 20 14 4 22 17 -15 17 5 6 9 -18 8 
-22 11 -18 16 19 8 21 9 -19 13 4 7 16 5 4 -5 21 3 -11 16 
22 2 6 13 2 13 13 6 -11 10 6 19 -8 1 0 -13 11 7 4 16 
9 17 21 -6 -2 5 13 3 3 21 -1 6 -1 20 -20 1 -18 0 11 -2 
22 1 -9 -7 16 4 6 2 22 8 7 13 21 -15 -11 -20 3 10 10 10 
5 22 3 11 2 14 -4 -1 0 14 7 21 21 3 22 3 13 15 16 9 
-14 16 12 15 -22 9 17 4 -19 12 8 16 21 10 -11 2 8 8 14 18 
8 -4 -11 -4 -9 13 14 14 9 20 17 1 20 22 -12 22 -21 20 13 10 
-1 9 17 -19 10 8 1 16 -5 1 20 17 2 18 9 10 18 0 11 21 
6 5 2 11 -14 -8 3 -10 -11 13 10 5 10 11 12 -18 4 5 19 13 
13 19 5 4 -18 12 11 10 5 10 13 -11 -10 3 -8 -14 11 2 5 6 
21 11 0 18 10 9 18 2 17 20 1 -5 16 1 8 10 -19 17 9 -1 
10 13 20 -21 22 -12 22 20 1 17 20 9 14 14 13 -9 -4 -11 -4 8 
18 14 8 8 2 -11 10 21 16 8 12 -19 4 17 9 -22 15 12 16 -14 
9 16 15 13 3 22 3 21 21 7 14 0 -1 -4 14 2 11 3 22 5 
10 10 10 3 -20 -11 -15 21 13 7 8 22 2 6 4 16 -7 -9 1 22 
-2 11 0 -18 1 -20 20 -1 6 -1 21 3 3 13 5 -2 -6 21 17 9 
16 4 7 11 -13 0 1 -8 19 6 10 -11 6 13 13 2 13 6 2 22 
16 -11 3 21 -5 4 5 16 7 4 13 -19 9 21 8 19 16 -18 11 -22 
8 -18 9 6 5 17 -15 17 22 4 14 20 -7 14 1 19 15 -6 6 11 
40
4
8 14
1 7
14 0
1 5
11 5
18 12
5 19
18 14
8
17 18 10
4 9 9
15 17 13
8 16 8
2 1 10
15 10 9
4 2 13
11 3 8
28
3 2
9 19
7 18
12 3
6 2
17 6
18 1
17 5
19 15
12 6
13 11
3 10
10 13
4 14
16 17
10 0
12 1
7 16
13 17
2 13
1 18
2 14
0 4
7 13
6 8
16 9
9 6
15 5
