20 20
6 27 22 5 4 20 -25 17 -11 -24 17 16 0 -1 15 -26 21 -5 5 8 
22 4 -14 -1 -28 2 4 18 17 28 8 10 3 -22 6 19 28 25 19 8 
4 -16 22 14 13 -21 19 -25 3 0 -3 10 10 19 2 20 17 24 22 10 
11 3 26 -28 2 14 23 25 11 27 13 19 13 5 6 -20 15 -18 8 -2 
9 18 15 5 10 14 26 4 2 3 22 18 -20 -20 4 22 22 -13 11 23 
14 -12 3 25 4 28 2 25 28 4 -3 5 -14 20 14 -28 16 -22 11 6 
4 1 -27 2 25 9 7 9 7 16 -24 8 -20 -10 7 10 15 20 -9 4 
-2 2 3 7 26 15 -28 8 28 16 9 23 4 4 21 24 13 8 3 5 
19 15 12 6 7 -8 18 3 13 23 16 24 -25 3 25 10 -18 20 7 1 
9 -20 17 -6 -28 -4 13 28 10 20 3 25 12 4 13 -27 15 27 -11 22 
22 -11 27 15 -27 13 4 12 25 3 20 10 28 13 -4 -28 -6 17 -20 9 
1 7 20 -18 10 25 3 -25 24 16 23 13 3 18 -8 7 6 12 15 19 
5 3 8 13 24 21 4 4 23 9 16 28 8 -28 15 26 7 3 2 -2 
4 -9 20 15 10 7 -10 -20 8 -24 16 7 9 7 9 25 2 -27 1 4 
6 11 -22 16 -28 14 20 -14 5 -3 4 28 25 2 28 4 25 3 -12 14 
23 11 -13 22 22 4 -20 -20 18 22 3 2 4 26 14 10 5 15 18 9 
-2 8 -18 15 -20 6 5 13 19 13 27 11 25 23 14 2 -28 26 3 11 
10 22 24 17 20 2 19 10 10 -3 0 3 -25 19 -21 13 14 22 -16 4 
8 19 25 28 19 6 -22 3 10 8 28 17 18 4 2 -28 -1 -14 4 22 
8 5 -5 21 -26 15 -1 0 16 17 -24 -11 17 -25 20 4 5 22 27 6 
44
5
8 18
13 8
2 8
18 1
15 18
11 1
6 11
17 11
1 18
4 1
12
13 3 8
18 6 16
18 13 8
10 7 15
14 10 10
8 2 13
6 16 8
1 13 16
1 6 8
9 12 15
5 9 10
11 17 13
34
0 16
9 17
19 2
8 6
11 10
11 6
15 14
14 6
6 7
15 11
7 8
15 16
16 1
7 6
14 4
12 0
12 9
19 3
10 2
0 17
11 13
8 9
8 13
4 5
5 13
13 12
4 8
12 11
4 3
3 18
12 13
5 15
7 19
7 10
