20 20
14 17 19 13 0 -20 -12 26 -11 17 12 -28 5 8 21 19 15 8 3 26 
25 -21 24 22 -5 -17 28 13 -9 26 -10 19 -9 -20 -9 -20 15 27 3 -10 
21 5 25 3 -13 -17 -18 24 28 19 28 21 14 -28 27 21 -18 8 22 10 
-16 -7 -7 6 26 24 18 20 2 -8 24 25 2 24 22 19 8 -7 16 -14 
20 26 7 10 -15 12 25 13 -11 27 25 23 12 1 27 3 27 27 17 6 
-14 15 -13 7 7 -24 -3 0 17 19 -18 17 15 5 13 12 18 19 9 -7 
15 4 16 21 -12 1 14 17 24 7 -7 14 -28 -2 -1 5 16 11 -11 27 
28 -22 9 8 19 11 10 27 -27 6 25 0 28 18 25 25 7 -21 8 -22 
27 13 -7 4 24 2 -12 -10 4 22 4 -10 26 28 -18 25 5 -9 -16 9 
4 -8 26 15 20 17 17 6 11 23 16 3 16 2 9 13 -22 -20 8 18 
18 8 -20 -22 13 9 2 16 3 16 23 11 6 17 17 20 15 26 -8 4 
9 -16 -9 5 25 -18 28 26 -10 4 22 4 -10 -12 2 24 4 -7 13 27 
-22 8 -21 7 25 25 18 28 0 25 6 -27 27 10 11 19 8 9 -22 28 
27 -11 11 16 5 -1 -2 -28 14 -7 7 24 17 14 1 -12 21 16 4 15 
-7 9 19 18 12 13 5 15 17 -18 19 17 0 -3 -24 7 7 -13 15 -14 
6 17 27 27 3 27 1 12 23 25 27 -11 13 25 12 -15 10 7 26 20 
-14 16 -7 8 19 22 24 2 25 24 -8 2 20 18 24 26 6 -7 -7 -16 
10 22 8 -18 21 27 -28 14 21 28 19 28 24 -18 -17 -13 3 25 5 21 
-10 3 27 15 -20 -9 -20 -9 19 -10 26 -9 13 28 -17 -5 22 24 -21 25 
26 3 8 15 19 21 8 5 -28 12 17 -11 26 -12 -20 0 13 19 17 14 
55
5
15 8
7 19
15 3
19 8
10 1
4 11
12 0
4 16
0 11
9 18
8
4 3 11
6 7 10
2 16 14
13 4 15
15 16 11
13 12 10
17 3 14
6 15 15
38
3 6
14 13
2 12
15 4
19 3
2 18
16 3
0 13
8 1
0 18
10 13
2 9
9 0
7 2
7 3
14 18
9 2
5 10
4 13
16 13
5 6
17 7
4 15
0 16
17 1
3 16
19 6
11 18
19 1
9 6
17 10
10 19
12 17
12 16
5 1
10 17
14 9
15 6
