20 20
3 -2 4 4 0 3 3 2 1 -2 1 4 -2 -1 1 3 1 1 1 4 
-1 2 0 4 1 3 1 1 0 3 2 3 2 -4 2 2 2 2 2 1 
0 1 3 1 -3 3 2 -2 4 4 1 0 1 2 3 2 4 2 2 3 
2 0 3 3 -3 1 1 1 3 1 1 0 -3 0 2 1 0 1 2 -4 
2 -3 2 1 -1 -4 -2 1 4 4 0 2 4 0 3 0 3 3 2 4 
-3 3 2 4 -4 4 -3 -1 3 1 4 -2 2 -3 3 0 0 1 1 1 
1 -2 1 1 -3 4 0 -4 -2 2 4 3 1 -4 0 4 -1 3 4 -4 
1 3 -3 0 1 -1 1 -2 2 4 0 -4 4 2 2 1 3 4 -1 -3 
1 2 4 1 2 0 0 3 1 -3 0 4 2 0 -4 0 1 3 1 0 
2 2 2 -3 3 2 3 4 1 3 -3 3 3 2 3 2 2 4 3 3 
3 3 4 2 2 3 2 3 3 -3 3 1 4 3 2 3 -3 2 2 2 
0 1 3 1 0 -4 0 2 4 0 -3 1 3 0 0 2 1 4 2 1 
-3 -1 4 3 1 2 2 4 -4 0 4 2 -2 1 -1 1 0 -3 3 1 
-4 4 3 -1 4 0 -4 1 3 4 2 -2 -4 0 4 -3 1 1 -2 1 
1 1 1 0 0 3 -3 2 -2 4 1 3 -1 -3 4 -4 4 2 3 -3 
4 2 3 3 0 3 0 4 2 0 4 4 1 -2 -4 -1 1 2 -3 2 
-4 2 1 0 1 2 0 -3 0 1 1 3 1 1 1 -3 3 3 0 2 
3 2 2 4 2 3 2 1 0 1 4 4 -2 2 3 -3 1 3 1 0 
1 2 2 2 2 2 -4 2 3 2 3 0 1 1 3 1 4 0 2 -1 
4 1 1 1 3 1 -1 -2 4 1 -2 1 2 3 3 0 4 4 -2 3 
58
4
6 7
16 9
3 16
1 7
13 12
3 10
16 3
18 12
10
12 7 9
18 3 16
4 1 15
7 17 12
16 19 9
7 12 9
1 16 16
15 18 15
12 2 12
3 0 9
34
17 9
18 1
2 16
4 5
11 7
13 6
5 14
8 3
18 6
18 15
18 10
5 7
18 9
1 17
0 5
11 6
10 18
2 10
1 18
17 3
15 14
8 12
6 13
14 5
11 16
1 13
1 4
1 9
14 12
1 10
18 2
19 14
8 13
9 1
