20 20
-1 5 3 -5 1 -10 4 10 9 6 2 5 8 2 -2 6 3 10 10 9 
0 3 0 7 9 3 8 3 6 1 -7 9 8 8 6 2 10 5 2 -1 
2 -3 -10 1 6 7 -8 -10 7 0 5 -3 7 3 8 -8 -10 4 7 9 
6 3 2 5 6 9 -10 6 2 3 2 6 3 1 -9 9 8 3 10 8 
-10 0 9 2 -7 9 3 -2 10 7 6 10 7 7 0 6 6 -7 10 -9 
7 3 1 4 -4 0 5 3 4 9 9 9 3 7 6 7 2 -5 7 -6 
-8 6 4 5 4 1 6 -9 3 8 8 8 1 -4 -5 3 -5 10 2 9 
5 -1 5 1 -6 1 1 3 5 -9 -3 0 8 1 9 4 -9 3 7 2 
-10 -3 6 4 -3 5 -5 -2 -4 8 1 8 6 -4 8 -4 10 5 -9 5 
4 5 4 3 7 9 5 0 2 8 -3 0 -2 4 9 -9 2 8 5 -8 
-8 5 8 2 -9 9 4 -2 0 -3 8 2 0 5 9 7 3 4 5 4 
5 -9 5 10 -4 8 -4 6 8 1 8 -4 -2 -5 5 -3 4 6 -3 -10 
2 7 3 -9 4 9 1 8 0 -3 -9 5 3 1 1 -6 1 5 -1 5 
9 2 10 -5 3 -5 -4 1 8 8 8 3 -9 6 1 4 5 4 6 -8 
-6 7 -5 2 7 6 7 3 9 9 9 4 3 5 0 -4 4 1 3 7 
-9 10 -7 6 6 0 7 7 10 6 7 10 -2 3 9 -7 2 9 0 -10 
8 10 3 8 9 -9 1 3 6 2 3 2 6 -10 9 6 5 2 3 6 
9 7 4 -10 -8 8 3 7 -3 5 0 7 -10 -8 7 6 1 -10 -3 2 
-1 2 5 10 2 6 8 8 9 -7 1 6 3 8 3 9 7 0 3 0 
9 10 10 3 6 -2 2 8 5 2 6 9 10 4 -10 1 -5 3 5 -1 
55
7
14 16
13 11
12 2
9 19
9 5
13 16
12 11
5 3
6 8
7 17
10 0
10 14
6 3
7 8
10
3 19 13
4 7 12
16 11 13
4 11 11
5 2 12
16 0 13
15 12 12
3 8 13
15 8 11
14 17 12
28
6 4
11 7
18 14
8 10
2 18
17 12
6 7
8 3
1 13
8 18
15 7
2 11
10 17
19 15
13 15
8 12
1 5
11 9
17 1
2 7
13 12
11 16
18 6
11 1
4 12
17 8
9 2
0 4
