20 20
0 -4 9 3 8 3 7 6 4 0 2 5 8 4 5 7 6 -6 8 9 
5 2 -8 2 -6 1 3 -6 3 5 6 7 -5 7 2 8 5 0 -3 -5 
2 3 2 7 6 5 3 9 4 -4 -1 0 4 9 6 3 6 -3 9 5 
7 -1 0 3 3 -5 1 -5 7 2 -6 -6 8 7 4 -8 -8 3 4 3 
2 7 1 5 5 -6 5 -9 6 -9 9 -4 1 0 0 8 -5 1 -7 1 
-1 3 3 -4 4 5 4 4 2 1 1 2 6 -5 4 -6 1 -7 9 2 
-4 7 7 -8 9 -5 -3 3 6 3 8 9 -1 3 6 2 0 8 3 7 
6 6 5 6 -5 1 5 1 2 6 -5 1 6 -6 0 9 -5 -8 2 6 
6 -4 9 4 2 8 4 1 -9 -4 7 5 0 8 2 5 -4 3 5 8 
0 5 5 9 2 5 -8 6 -6 -8 -3 7 8 -7 -1 3 2 9 -4 3 
3 -4 9 2 3 -1 -7 8 7 -3 -8 -6 6 -8 5 2 9 5 5 0 
8 5 3 -4 5 2 8 0 5 7 -4 -9 1 4 8 2 4 9 -4 6 
6 2 -8 -5 9 0 -6 6 1 -5 6 2 1 5 1 -5 6 5 6 6 
7 3 8 0 2 6 3 -1 9 8 3 6 3 -3 -5 9 -8 7 7 -4 
2 9 -7 1 -6 4 -5 6 2 1 1 2 4 4 5 4 -4 3 3 -1 
1 -7 1 -5 8 0 0 1 -4 9 -9 6 -9 5 -6 5 5 1 7 2 
3 4 3 -8 -8 4 7 8 -6 -6 2 7 -5 1 -5 3 3 0 -1 7 
5 9 -3 6 3 6 9 4 0 -1 -4 4 9 3 5 6 7 2 3 2 
-5 -3 0 5 8 2 7 -5 7 6 5 3 -6 3 1 -6 2 -8 2 5 
9 8 -6 6 7 5 4 8 5 2 0 4 6 7 3 8 3 9 -4 0 
43
3
8 9
17 0
13 6
11 10
2 19
6 13
10
13 12 14
9 1 10
6 9 10
19 4 15
3 14 11
6 7 14
10 18 10
13 10 10
0 15 15
16 5 11
32
11 14
12 3
15 18
19 13
9 17
18 0
11 2
8 0
2 8
15 19
12 9
1 9
5 4
18 16
18 12
15 16
8 5
7 16
4 1
0 6
10 2
1 19
8 17
11 19
17 11
4 0
7 10
18 10
14 15
1 3
1 7
4 3
