20 20
-14 6 1 6 9 0 -6 -13 10 -14 0 7 19 16 -20 -5 11 19 10 1 
7 6 8 4 10 17 7 7 -18 3 9 14 20 17 -17 1 5 4 18 3 
4 0 5 18 1 3 6 10 4 5 -20 17 5 20 20 19 19 5 13 19 
-6 18 7 4 14 4 0 7 1 0 15 5 18 20 11 6 15 -14 8 17 
6 3 -20 16 1 19 15 -4 12 2 0 19 -17 19 4 17 -5 5 11 8 
-9 16 -19 5 6 -17 -11 0 -16 2 17 1 9 5 14 16 -7 10 7 1 
9 -18 0 15 20 12 7 -1 18 -1 -3 5 16 15 2 3 19 2 6 20 
3 6 15 3 8 11 6 -19 -5 5 10 17 -16 -8 2 -20 19 11 0 20 
-7 13 13 14 -6 5 5 1 -14 6 14 -18 11 14 20 19 4 20 14 8 
-8 15 1 -15 -16 16 10 -1 -7 -6 -6 4 19 10 15 1 15 19 -12 15 
15 -12 19 15 1 15 10 19 4 -6 -6 -7 -1 10 16 -16 -15 1 15 -8 
8 14 20 4 19 20 14 11 -18 14 6 -14 1 5 5 -6 14 13 13 -7 
20 0 11 19 -20 2 -8 -16 17 10 5 -5 -19 6 11 8 3 15 6 3 
20 6 2 19 3 2 15 16 5 -3 -1 18 -1 7 12 20 15 0 -18 9 
1 7 10 -7 16 14 5 9 1 17 2 -16 0 -11 -17 6 5 -19 16 -9 
8 11 5 -5 17 4 19 -17 19 0 2 12 -4 15 19 1 16 -20 3 6 
17 8 -14 15 6 11 20 18 5 15 0 1 7 0 4 14 4 7 18 -6 
19 13 5 19 19 20 20 5 17 -20 5 4 10 6 3 1 18 5 0 4 
3 18 4 5 1 -17 17 20 14 9 3 -18 7 7 17 10 4 8 6 7 
1 10 19 11 -5 -20 16 19 7 0 -14 10 -13 -6 0 9 6 1 6 -14 
57
4
6 3
18 12
5 19
0 12
13 16
1 7
14 0
19 7
18
16 5 15
16 3 13
13 2 14
3 11 13
18 14 8
10 12 16
6 19 14
3 0 16
11 17 15
3 14 15
3 16 13
6 17 14
16 8 13
1 5 8
9 7 16
13 0 14
16 19 16
8 2 15
30
7 0
9 10
11 0
16 12
17 1
17 13
16 11
19 1
7 18
19 3
10 4
5 6
14 5
3 1
4 15
12 19
10 9
8 19
3 7
2 18
2 6
3 8
0 18
12 1
0 16
9 15
14 13
5 14
16 18
15 4
