20 20
23 11 19 14 1 6 -17 -19 14 0 18 3 23 2 14 2 -14 2 9 15 
5 7 -8 11 21 9 -16 4 15 -22 4 15 -21 9 2 -4 3 10 18 9 
1 10 7 15 23 -9 -23 8 9 0 17 20 -11 2 9 -5 12 -9 2 0 
1 1 1 -8 -15 13 15 7 13 5 15 10 20 8 20 0 19 19 21 5 
-8 -3 22 15 2 18 14 14 8 0 23 8 15 9 18 6 0 1 23 18 
-17 13 -12 23 -6 11 -9 -7 -8 23 12 -10 -12 12 10 10 15 19 8 6 
12 3 -7 8 0 16 17 14 -20 22 -2 12 -10 10 4 2 23 12 17 16 
11 -8 5 19 21 21 -5 -12 10 -18 3 -9 2 9 8 2 20 23 1 22 
10 -17 2 8 19 1 18 4 -16 -19 14 9 16 3 10 21 20 2 15 1 
5 8 0 23 -19 20 20 0 23 0 -23 -3 22 19 -3 6 15 11 -13 17 
17 -13 11 15 6 -3 19 22 -3 -23 0 23 0 20 20 -19 23 0 8 5 
1 15 2 20 21 10 3 16 9 14 -19 -16 4 18 1 19 8 2 -17 10 
22 1 23 20 2 8 9 2 -9 3 -18 10 -12 -5 21 21 19 5 -8 11 
16 17 12 23 2 4 10 -10 12 -2 22 -20 14 17 16 0 8 -7 3 12 
6 8 19 15 10 10 12 -12 -10 12 23 -8 -7 -9 11 -6 23 -12 13 -17 
18 23 1 0 6 18 9 15 8 23 0 8 14 14 18 2 15 22 -3 -8 
5 21 19 19 0 20 8 20 10 15 5 13 7 15 13 -15 -8 1 1 1 
0 2 -9 12 -5 9 2 -11 20 17 0 9 8 -23 -9 23 15 7 10 1 
9 18 10 3 -4 2 9 -21 15 4 -22 15 4 -16 9 21 11 -8 7 5 
15 9 2 -14 2 14 2 23 3 18 0 14 -19 -17 6 1 14 19 11 23 
56
8
13 17
8 0
17 19
9 15
9 16
17 10
9 17
3 11
6 2
11 19
2 0
10 4
10 3
2 9
10 2
16 8
12
14 12 13
0 11 12
11 14 10
15 8 8
10 18 9
16 13 11
5 7 13
19 8 12
8 5 10
4 11 8
9 1 9
3 6 11
32
0 19
8 13
0 16
13 16
8 19
6 14
4 12
12 1
12 17
4 5
17 5
16 0
18 19
14 15
19 12
5 17
19 0
11 6
19 3
6 3
11 0
13 5
15 7
7 18
7 2
15 14
2 14
3 19
1 0
5 4
0 7
14 2
