20 20
7 2 3 3 5 -5 16 -4 -6 4 10 12 10 7 13 5 2 -6 13 14 
16 16 -7 16 -13 6 6 6 1 15 12 -15 -11 2 16 -10 10 7 16 2 
5 10 -12 14 -7 -9 13 15 8 -14 12 -5 -13 -2 -7 -14 11 12 16 13 
-15 -1 9 7 -2 7 16 6 14 -8 12 8 4 13 5 -16 12 13 3 5 
10 10 5 7 2 15 0 -16 -9 -6 11 4 6 0 8 12 7 11 7 9 
5 -6 10 15 -9 14 0 6 11 1 -11 0 -6 12 13 13 7 4 13 12 
12 -14 8 -12 9 11 -16 0 9 15 8 4 14 5 9 6 15 1 16 -3 
2 2 10 -5 4 11 10 14 11 -14 9 -3 6 12 12 12 -7 6 10 15 
3 13 8 12 15 -14 16 8 1 -1 7 10 13 1 1 -9 15 3 9 15 
-7 9 -5 -3 -2 7 9 -6 5 -16 7 5 2 8 5 16 3 0 7 3 
3 7 0 3 16 5 8 2 5 7 -16 5 -6 9 7 -2 -3 -5 9 -7 
15 9 3 15 -9 1 1 13 10 7 -1 1 8 16 -14 15 12 8 13 3 
15 10 6 -7 12 12 12 6 -3 9 -14 11 14 10 11 4 -5 10 2 2 
-3 16 1 15 6 9 5 14 4 8 15 9 0 -16 11 9 -12 8 -14 12 
12 13 4 7 13 13 12 -6 0 -11 1 11 6 0 14 -9 15 10 -6 5 
9 7 11 7 12 8 0 6 4 11 -6 -9 -16 0 15 2 7 5 10 10 
5 3 13 12 -16 5 13 4 8 12 -8 14 6 16 7 -2 7 9 -1 -15 
13 16 12 11 -14 -7 -2 -13 -5 12 -14 8 15 13 -9 -7 14 -12 10 5 
2 16 7 10 -10 16 2 -11 -15 12 15 1 6 6 6 -13 16 -7 16 16 
14 13 -6 2 5 13 7 10 12 10 4 -6 -4 16 -5 5 3 3 2 7 
48
5
0 19
6 13
19 6
8 12
4 7
19 0
13 6
0 13
11 7
15 12
18
3 0 15
9 8 14
7 11 9
0 15 11
4 13 10
1 19 16
17 19 9
3 18 14
9 10 13
16 19 15
10 11 14
12 8 9
19 4 11
15 6 10
18 0 16
2 0 9
16 1 14
10 9 13
28
9 11
18 14
0 11
14 9
2 11
5 2
17 18
19 12
6 14
12 17
13 12
0 18
18 6
10 1
10 8
1 5
19 8
5 10
17 8
14 17
2 1
0 7
13 5
7 2
6 7
19 1
1 13
9 18
