20 20
0 2 4 -1 1 3 2 1 2 3 -4 3 5 0 3 4 2 -2 4 4 
3 2 1 3 3 5 0 5 -2 4 5 3 5 3 3 -5 4 4 1 0 
2 1 3 5 3 0 0 2 5 5 1 3 -5 -4 3 1 1 -5 3 0 
1 1 5 2 -4 -1 3 5 5 3 1 2 5 2 -5 3 1 5 3 3 
3 -5 0 0 -4 2 2 2 1 4 1 5 -1 -2 1 1 2 1 2 2 
5 1 1 -1 3 -1 -5 -2 -4 2 3 2 0 0 3 3 5 5 4 -4 
4 2 2 0 3 -3 2 3 1 2 1 4 5 5 -1 4 2 5 2 2 
-2 1 -1 5 4 -3 -2 1 -2 3 2 -3 3 4 2 0 0 2 0 5 
-4 2 5 -2 -2 -4 1 1 0 3 5 5 2 1 3 1 3 2 0 2 
0 4 2 4 -3 0 -2 1 -4 4 1 5 -4 2 -5 1 3 1 1 -5 
-5 1 1 3 1 -5 2 -4 5 1 4 -4 1 -2 0 -3 4 2 4 0 
2 0 2 3 1 3 1 2 5 5 3 0 1 1 -4 -2 -2 5 2 -4 
5 0 2 0 0 2 4 3 -3 2 3 -2 1 -2 -3 4 5 -1 1 -2 
2 2 5 2 4 -1 5 5 4 1 2 1 3 2 -3 3 0 2 2 4 
-4 4 5 5 3 3 0 0 2 3 2 -4 -2 -5 -1 3 -1 1 1 5 
2 2 1 2 1 1 -2 -1 5 1 4 1 2 2 2 -4 0 0 -5 3 
3 3 5 1 3 -5 2 5 2 1 3 5 5 3 -1 -4 2 5 1 1 
0 3 -5 1 1 3 -4 -5 3 1 5 5 2 0 0 3 5 3 1 2 
0 1 4 4 -5 3 3 5 3 5 4 -2 5 0 5 3 3 1 2 3 
4 4 -2 2 4 3 0 5 3 -4 3 2 1 2 3 1 -1 4 2 0 
58
8
12 2
15 4
3 14
3 5
7 5
1 15
9 10
3 2
7 17
4 15
16 5
16 14
12 14
18 4
10 9
16 17
10
10 18 12
19 2 15
0 5 13
11 0 14
11 10 10
9 1 12
0 17 15
19 14 13
8 19 14
8 9 10
34
5 15
8 5
15 5
2 4
8 17
3 9
10 1
4 7
11 9
4 2
1 19
5 0
14 18
19 1
16 4
2 11
14 3
14 4
11 14
4 14
17 15
11 2
16 10
9 18
15 12
8 10
15 17
18 0
14 19
5 1
0 18
3 15
17 8
5 16
