20 20
5 4 5 5 1 5 2 4 3 2 1 3 5 3 2 0 0 3 -5 3 
-5 5 -4 4 0 -1 -4 4 -3 4 4 5 0 2 1 5 0 1 -4 5 
2 1 -1 3 1 1 1 1 0 -3 1 -1 0 5 1 2 3 -2 5 2 
0 5 5 3 4 1 3 1 4 3 2 4 -2 -4 2 -2 4 2 4 0 
0 2 0 -4 0 1 1 -3 1 4 3 3 1 -1 3 5 3 1 1 1 
1 0 2 5 1 1 2 3 -2 3 1 -1 2 0 4 5 2 -2 1 2 
5 3 -4 0 0 -4 -2 4 1 2 -4 5 1 -1 0 3 2 -3 5 3 
4 -4 2 -1 -1 1 4 -1 3 3 1 1 5 2 4 4 0 -5 4 3 
1 -2 0 3 4 -4 -5 -3 2 0 1 4 2 2 4 3 -1 -4 3 4 
2 3 1 -4 4 0 3 -1 4 2 -4 5 4 5 -5 1 1 1 -4 5 
5 -4 1 1 1 -5 5 4 5 -4 2 4 -1 3 0 4 -4 1 3 2 
4 3 -4 -1 3 4 2 2 4 1 0 2 -3 -5 -4 4 3 0 -2 1 
3 4 -5 0 4 4 2 5 1 1 3 3 -1 4 1 -1 -1 2 -4 4 
3 5 -3 2 3 0 -1 1 5 -4 2 1 4 -2 -4 0 0 -4 3 5 
2 1 -2 2 5 4 0 2 -1 1 3 -2 3 2 1 1 5 2 0 1 
1 1 1 3 5 3 -1 1 3 3 4 1 -3 1 1 0 -4 0 2 0 
0 4 2 4 -2 2 -4 -2 4 2 3 4 1 3 1 4 3 5 5 0 
2 5 -2 3 2 1 5 0 -1 1 -3 0 1 1 1 1 3 -1 1 2 
5 -4 1 0 5 1 2 0 5 4 4 -3 4 -4 -1 0 4 -4 5 -5 
3 -5 3 0 0 2 3 5 3 1 2 3 4 2 5 1 5 5 4 5 
32
5
17 7
11 12
16 3
10 18
3 1
2 12
8 7
3 16
9 1
16 18
12
12 19 12
10 16 8
11 0 15
19 7 15
1 0 11
4 5 10
7 0 12
9 3 8
8 19 15
0 12 15
18 19 11
15 14 10
28
3 18
10 9
4 2
3 15
15 4
5 6
9 5
3 0
3 4
6 14
9 16
9 4
17 9
8 14
16 1
9 10
15 17
16 4
4 15
14 13
10 14
16 19
16 15
13 5
10 3
10 15
2 10
11 5
