20 20
-12 -10 12 3 10 -27 16 15 -13 13 3 14 28 6 -10 -29 17 24 16 5 
-23 11 10 8 29 19 1 21 4 -3 10 20 15 -10 24 27 23 13 5 23 
-17 -8 -18 1 4 12 4 17 24 -27 12 8 -18 15 0 -19 29 2 1 9 
18 0 -7 18 25 2 21 7 21 28 28 9 1 6 10 -3 -17 -8 24 10 
29 -7 -4 -27 2 24 16 18 12 12 7 19 -12 16 19 -29 -2 29 0 1 
26 2 -7 6 6 23 15 28 15 19 22 11 26 -24 5 20 1 0 11 6 
20 -12 -16 1 7 0 17 27 13 12 11 -3 14 22 0 21 17 -16 28 2 
7 7 -23 4 7 2 -24 -14 9 20 -7 12 6 26 2 20 -2 -19 11 6 
25 8 -23 9 25 17 16 7 -20 0 8 24 -5 -6 29 -8 9 19 7 -25 
-10 -4 11 -14 27 24 18 14 24 25 15 21 26 14 14 10 0 12 11 21 
21 11 12 0 10 14 14 26 21 15 25 24 14 18 24 27 -14 11 -4 -10 
-25 7 19 9 -8 29 -6 -5 24 8 0 -20 7 16 17 25 9 -23 8 25 
6 11 -19 -2 20 2 26 6 12 -7 20 9 -14 -24 2 7 4 -23 7 7 
2 28 -16 17 21 0 22 14 -3 11 12 13 27 17 0 7 1 -16 -12 20 
6 11 0 1 20 5 -24 26 11 22 19 15 28 15 23 6 6 -7 2 26 
1 0 29 -2 -29 19 16 -12 19 7 12 12 18 16 24 2 -27 -4 -7 29 
10 24 -8 -17 -3 10 6 1 9 28 28 21 7 21 2 25 18 -7 0 18 
9 1 2 29 -19 0 15 -18 8 12 -27 24 17 4 12 4 1 -18 -8 -17 
23 5 13 23 27 24 -10 15 20 10 -3 4 21 1 19 29 8 10 11 -23 
5 16 24 17 -29 -10 6 28 14 3 13 -13 15 16 -27 10 3 12 -10 -12 
45
8
0 15
5 8
15 18
18 1
4 3
15 6
6 2
14 16
19 4
14 11
4 1
1 18
15 16
4 13
13 17
5 3
12
7 17 16
6 12 12
11 15 12
2 10 16
14 1 14
6 14 11
12 2 16
13 7 12
8 4 12
17 9 16
5 18 14
13 5 11
34
12 16
2 19
17 16
6 0
8 5
15 2
7 8
17 1
1 7
12 0
12 9
6 4
2 15
3 2
16 2
6 5
19 10
7 3
17 0
2 3
13 19
11 14
4 17
12 11
2 18
18 12
7 19
7 10
13 15
17 4
16 17
3 17
13 14
0 9
