20 20
20 13 18 25 17 3 1 7 21 23 7 -6 -3 16 5 21 21 6 19 9 
-2 1 -7 -14 7 2 21 -3 27 5 10 -20 13 27 -20 -24 16 -19 -5 -24 
4 23 9 -5 -25 -11 4 -17 15 -19 25 -2 8 15 15 -4 22 24 -9 20 
21 20 2 -10 4 23 1 11 8 15 -1 11 -12 13 24 27 -11 15 21 -5 
14 9 -25 12 16 9 6 -24 -12 21 -2 -1 27 17 -24 25 12 9 19 22 
-22 12 9 -22 10 27 -11 -16 -15 -18 22 12 22 -25 22 5 -9 21 27 5 
24 17 9 -9 6 -17 18 12 26 -4 13 1 -3 -14 8 -23 2 26 10 1 
11 20 24 19 0 22 15 -17 9 4 9 19 23 27 -24 5 1 9 -26 22 
10 -17 6 -10 6 11 12 4 -26 26 9 25 22 -6 5 17 10 5 -7 -12 
5 -19 9 16 -21 7 23 17 7 4 -15 12 24 14 17 25 -7 -18 -22 -19 
-19 -22 -18 -7 25 17 14 24 12 -15 4 7 17 23 7 -21 16 9 -19 5 
-12 -7 5 10 17 5 -6 22 25 9 26 -26 4 12 11 6 -10 6 -17 10 
22 -26 9 1 5 -24 27 23 19 9 4 9 -17 15 22 0 19 24 20 11 
1 10 26 2 -23 8 -14 -3 1 13 -4 26 12 18 -17 6 -9 9 17 24 
5 27 21 -9 5 22 -25 22 12 22 -18 -15 -16 -11 27 10 -22 9 12 -22 
22 19 9 12 25 -24 17 27 -1 -2 21 -12 -24 6 9 16 12 -25 9 14 
-5 21 15 -11 27 24 13 -12 11 -1 15 8 11 1 23 4 -10 2 20 21 
20 -9 24 22 -4 15 15 8 -2 25 -19 15 -17 4 -11 -25 -5 9 23 4 
-24 -5 -19 16 -24 -20 27 13 -20 10 5 27 -3 21 2 7 -14 -7 1 -2 
9 19 6 21 21 5 16 -3 -6 7 23 21 7 1 3 17 25 18 13 20 
47
4
13 7
17 4
18 3
2 1
6 12
2 15
1 16
17 18
18
4 6 15
10 18 16
11 14 9
4 15 12
6 19 14
4 10 15
13 2 15
10 0 12
18 19 12
15 13 15
9 1 16
8 5 9
15 4 12
13 0 14
15 9 15
6 17 15
9 19 12
1 0 12
38
16 6
11 9
11 16
7 11
0 13
4 18
15 16
9 8
7 12
16 5
4 17
1 5
7 14
5 0
15 11
18 11
6 8
18 16
3 10
3 13
8 10
8 3
12 8
19 6
15 1
4 3
10 11
12 7
3 14
15 2
18 14
12 5
14 19
4 8
1 8
13 11
1 3
16 9
