20 20
3 16 -16 4 16 -7 2 -9 2 -8 -4 15 12 6 16 -17 2 9 0 9 
3 14 1 9 -6 16 12 0 6 17 4 10 15 11 8 7 4 8 -17 13 
2 -6 0 6 9 0 -12 7 16 -16 -2 15 -2 14 11 15 -9 13 1 -3 
-13 2 9 0 2 0 9 3 7 4 15 -9 -7 3 4 9 5 1 11 13 
14 -17 8 14 17 12 2 -4 8 15 2 -16 6 -6 2 6 3 13 10 10 
1 13 -11 3 -1 15 12 6 3 11 0 2 2 14 16 14 -9 1 2 6 
12 9 0 -1 17 -1 9 -4 0 8 14 12 2 3 4 2 8 -17 4 1 
17 11 5 -4 15 10 -11 16 12 4 8 8 17 13 -2 15 1 1 8 1 
5 -4 17 17 1 -9 15 7 -16 12 5 10 3 15 12 -4 5 1 2 3 
7 9 -3 -6 5 15 10 9 5 -5 4 2 14 5 7 6 17 -3 -16 13 
13 -16 -3 17 6 7 5 14 2 4 -5 5 9 10 15 5 -6 -3 9 7 
3 2 1 5 -4 12 15 3 10 5 12 -16 7 15 -9 1 17 17 -4 5 
1 8 1 1 15 -2 13 17 8 8 4 12 16 -11 10 15 -4 5 11 17 
1 4 -17 8 2 4 3 2 12 14 8 0 -4 9 -1 17 -1 0 9 12 
6 2 1 -9 14 16 14 2 2 0 11 3 6 12 15 -1 3 -11 13 1 
10 10 13 3 6 2 -6 6 -16 2 15 8 -4 2 12 17 14 8 -17 14 
13 11 1 5 9 4 3 -7 -9 15 4 7 3 9 0 2 0 9 2 -13 
-3 1 13 -9 15 11 14 -2 15 -2 -16 16 7 -12 0 9 6 0 -6 2 
13 -17 8 4 7 8 11 15 10 4 17 6 0 12 16 -6 9 1 14 3 
9 0 9 2 -17 16 6 12 15 -4 -8 2 -9 2 -7 16 4 -16 16 3 
59
3
2 6
8 15
11 18
17 13
11 4
8 1
10
17 14 16
10 7 15
0 13 15
4 1 11
18 10 9
2 5 16
9 12 15
19 6 15
15 18 11
1 9 9
34
8 0
3 16
7 3
13 6
13 17
5 10
4 6
5 16
9 5
11 14
6 8
5 9
10 9
0 2
11 7
3 13
0 19
11 19
16 3
12 16
6 13
6 2
14 9
15 13
14 3
10 14
8 5
13 11
14 10
9 10
19 17
8 12
16 6
19 0
