20 20
2 0 5 1 2 6 1 -5 2 10 10 2 9 0 5 9 2 8 -8 -10 
-1 7 0 7 9 5 -7 -1 1 0 9 10 7 10 6 4 1 1 10 8 
9 1 9 3 4 1 9 -3 8 10 4 10 4 -5 0 10 8 0 4 4 
5 9 10 1 -2 5 2 9 7 9 8 3 1 6 7 3 1 7 7 2 
10 9 7 8 6 6 6 0 2 5 7 7 -4 6 2 1 10 0 -6 6 
2 5 2 5 -3 -4 0 1 5 4 6 6 3 4 1 10 8 1 7 8 
6 3 10 6 -5 -10 8 8 -9 10 2 8 3 8 7 6 -5 9 2 -8 
0 5 -5 6 -7 -1 9 1 5 -5 -3 4 -4 7 9 1 -4 8 4 2 
9 5 6 5 1 2 -6 1 7 -6 -8 -3 -1 0 6 5 1 -3 5 10 
10 1 2 -7 10 0 -5 10 4 3 -7 5 -4 -5 3 8 9 3 -1 10 
10 -1 3 9 8 3 -5 -4 5 -7 3 4 10 -5 0 10 -7 2 1 10 
10 5 -3 1 5 6 0 -1 -3 -8 -6 7 1 -6 2 1 5 6 5 9 
2 4 8 -4 1 9 7 -4 4 -3 -5 5 1 9 -1 -7 6 -5 5 0 
-8 2 9 -5 6 7 8 3 8 2 10 -9 8 8 -10 -5 6 10 3 6 
8 7 1 8 10 1 4 3 6 6 4 5 1 0 -4 -3 5 2 5 2 
6 -6 0 10 1 2 6 -4 7 7 5 2 0 6 6 6 8 7 9 10 
2 7 7 1 3 7 6 1 3 8 9 7 9 2 5 -2 1 10 9 5 
4 4 0 8 10 0 -5 4 10 4 10 8 -3 9 1 4 3 9 1 9 
8 10 1 1 4 6 10 7 10 9 0 1 -1 -7 5 9 7 0 7 -1 
-10 -8 8 2 9 5 0 9 2 10 10 2 -5 1 6 2 1 5 0 2 
58
4
1 0
11 12
5 14
16 17
18 19
8 7
14 5
3 2
8
6 17 11
14 19 15
7 9 14
2 11 12
13 2 11
5 0 15
12 10 14
17 8 12
32
8 15
6 13
12 17
19 2
2 0
17 2
1 16
0 2
2 4
9 0
15 6
16 2
0 18
10 14
11 10
3 7
11 4
13 6
7 2
0 17
17 19
2 17
18 3
19 17
17 15
10 19
4 13
3 17
19 1
9 5
8 9
16 12
