20 20
-3 12 8 -6 8 4 14 14 10 0 -7 6 -14 6 14 4 8 6 1 -13 
4 -7 6 -6 5 9 -9 10 6 10 13 1 1 1 2 5 11 -5 -2 14 
6 2 6 2 1 2 -6 1 14 -10 4 0 7 13 -10 1 -4 -8 9 4 
9 12 3 9 2 9 11 1 3 10 10 -12 14 1 0 8 -4 14 12 2 
7 7 1 4 5 12 1 4 -9 0 10 9 13 6 7 13 1 -2 5 -9 
1 13 7 14 -2 10 2 9 13 1 9 -1 3 1 10 2 9 -2 5 3 
13 -6 6 0 8 14 3 -12 13 2 13 10 3 4 2 12 9 5 8 10 
12 12 -12 12 -2 8 6 6 6 12 3 -10 -1 5 4 7 7 1 -9 12 
6 13 4 4 -4 5 10 -9 -7 13 14 6 0 10 -1 6 13 9 -13 11 
11 11 -8 4 4 8 2 10 0 12 -6 -11 13 -5 6 7 14 6 12 -13 
-13 12 6 14 7 6 -5 13 -11 -6 12 0 10 2 8 4 4 -8 11 11 
11 -13 9 13 6 -1 10 0 6 14 13 -7 -9 10 5 -4 4 4 13 6 
12 -9 1 7 7 4 5 -1 -10 3 12 6 6 6 8 -2 12 -12 12 12 
10 8 5 9 12 2 4 3 10 13 2 13 -12 3 14 8 0 6 -6 13 
3 5 -2 9 2 10 1 3 -1 9 1 13 9 2 10 -2 14 7 13 1 
-9 5 -2 1 13 7 6 13 9 10 0 -9 4 1 12 5 4 1 7 7 
2 12 14 -4 8 0 1 14 -12 10 10 3 1 11 9 2 9 3 12 9 
4 9 -8 -4 1 -10 13 7 0 4 -10 14 1 -6 2 1 2 6 2 6 
14 -2 -5 11 5 2 1 1 1 13 10 6 10 -9 9 5 -6 6 -7 4 
-13 1 6 8 4 14 6 -14 6 -7 0 10 14 14 4 8 -6 8 12 -3 
52
4
11 8
8 4
16 17
1 2
8 11
11 15
3 2
18 17
6
8 7 11
10 19 11
11 6 9
11 12 11
9 0 11
8 13 9
34
14 9
3 15
4 18
19 16
3 14
8 17
18 0
9 18
12 3
17 4
1 10
19 2
2 8
0 10
9 5
11 14
8 9
5 10
16 4
15 1
0 3
16 5
11 2
1 19
10 1
7 16
2 15
18 9
0 17
17 11
19 9
10 14
8 5
11 10
