20 20
16 3 -3 2 3 12 9 -12 17 17 -15 6 6 -4 16 4 5 12 17 17 
-11 8 11 9 14 7 6 12 1 -5 17 -2 2 16 6 5 12 12 7 -14 
8 -9 -5 10 8 7 5 6 3 -15 17 16 4 1 7 14 8 15 11 14 
5 1 3 10 11 -17 11 12 -15 7 -15 8 15 13 -10 9 17 8 -11 -1 
15 16 12 13 14 -12 15 9 -15 11 13 -15 -17 10 -9 3 3 6 15 6 
8 10 -13 16 5 4 6 6 15 -6 12 -14 4 10 14 -7 10 -10 11 0 
7 -8 6 -8 13 -9 6 0 -15 1 -4 -5 -6 3 -2 10 7 5 2 0 
13 10 12 11 3 9 2 9 9 -15 -17 11 5 -3 13 -12 0 2 -15 6 
-15 17 -14 11 11 4 4 16 7 -13 10 11 4 11 14 -9 9 -17 11 6 
-3 14 8 8 -6 10 12 11 11 7 10 15 -15 16 15 4 4 14 -11 -11 
-11 -11 14 4 4 15 16 -15 15 10 7 11 11 12 10 -6 8 8 14 -3 
6 11 -17 9 -9 14 11 4 11 10 -13 7 16 4 4 11 11 -14 17 -15 
6 -15 2 0 -12 13 -3 5 11 -17 -15 9 9 2 9 3 11 12 10 13 
0 2 5 7 10 -2 3 -6 -5 -4 1 -15 0 6 -9 13 -8 6 -8 7 
0 11 -10 10 -7 14 10 4 -14 12 -6 15 6 6 4 5 16 -13 10 8 
6 15 6 3 3 -9 10 -17 -15 13 11 -15 9 15 -12 14 13 12 16 15 
-1 -11 8 17 9 -10 13 15 8 -15 7 -15 12 11 -17 11 10 3 1 5 
14 11 15 8 14 7 1 4 16 17 -15 3 6 5 7 8 10 -5 -9 8 
-14 7 12 12 5 6 16 2 -2 17 -5 1 12 6 7 14 9 11 8 -11 
17 17 12 5 4 16 -4 6 6 -15 17 17 -12 9 12 3 2 -3 3 16 
40
2
17 5
15 10
2 14
4 9
10
9 2 16
6 16 14
6 4 11
3 14 14
4 11 8
10 17 16
13 3 14
13 15 11
16 5 14
15 8 8
38
1 17
6 12
15 19
14 0
9 13
9 18
9 7
4 12
16 4
14 7
8 0
18 3
7 4
14 3
1 11
4 3
5 14
13 11
4 10
18 2
13 7
4 0
5 19
10 6
10 1
10 12
15 7
3 15
5 12
11 19
1 16
12 15
5 16
18 8
15 16
14 5
6 8
15 9
