20 20
15 -25 13 9 -13 18 -18 21 16 1 11 16 16 15 -19 3 5 2 16 -17 
8 -8 22 25 -3 -6 14 7 -25 -26 -18 17 9 11 9 -5 11 5 8 12 
11 22 22 12 -6 14 15 12 1 -17 -3 -11 14 1 19 6 12 19 12 6 
13 24 11 5 12 24 -5 -6 16 -2 1 17 23 13 22 -8 4 -14 8 2 
24 -7 4 -12 14 22 15 12 -15 18 22 24 17 -6 9 3 -15 4 3 26 
2 2 20 8 4 -8 -5 22 12 1 14 12 2 5 15 0 21 20 18 22 
-5 8 19 -14 -1 -15 26 0 13 -20 12 21 20 26 8 13 -6 10 1 6 
3 -1 7 1 -13 -8 -1 16 15 8 22 18 16 24 19 -25 22 -21 0 21 
16 4 19 -25 24 12 7 18 0 14 26 9 20 14 -17 23 8 19 7 10 
22 -12 16 13 9 25 22 10 26 8 22 20 2 14 3 12 8 22 15 13 
13 15 22 8 12 3 14 2 20 22 8 26 10 22 25 9 13 16 -12 22 
10 7 19 8 23 -17 14 20 9 26 14 0 18 7 12 24 -25 19 4 16 
21 0 -21 22 -25 19 24 16 18 22 8 15 16 -1 -8 -13 1 7 -1 3 
6 1 10 -6 13 8 26 20 21 12 -20 13 0 26 -15 -1 -14 19 8 -5 
22 18 20 21 0 15 5 2 12 14 1 12 22 -5 -8 4 8 20 2 2 
26 3 4 -15 3 9 -6 17 24 22 18 -15 12 15 22 14 -12 4 -7 24 
2 8 -14 4 -8 22 13 23 17 1 -2 16 -6 -5 24 12 5 11 24 13 
6 12 19 12 6 19 1 14 -11 -3 -17 1 12 15 14 -6 12 22 22 11 
12 8 5 11 -5 9 11 9 17 -18 -26 -25 7 14 -6 -3 25 22 -8 8 
-17 16 2 5 3 -19 15 16 16 11 1 16 21 -18 18 -13 9 13 -25 15 
31
3
6 17
9 19
16 17
13 2
10 0
3 2
18
8 10 9
19 4 16
17 5 9
0 5 12
5 17 9
9 14 15
10 18 14
2 13 9
0 3 8
11 9 9
0 15 16
2 14 9
19 14 12
14 2 9
10 5 15
9 1 14
17 6 9
19 16 8
40
11 18
2 17
5 13
11 4
0 14
0 7
11 17
12 8
0 16
13 1
1 3
4 2
19 18
4 11
14 7
12 19
16 19
1 5
8 3
6 10
8 1
17 2
14 6
8 15
19 5
19 12
8 2
7 11
19 3
6 18
18 16
15 17
0 1
15 8
5 12
7 0
3 0
18 14
11 16
13 9
