20 20
-4 -14 -12 11 2 -12 5 -18 10 -21 10 13 18 21 21 2 15 -11 4 -4 
-21 -9 1 2 3 7 0 3 -14 14 -3 6 -14 -5 19 -8 18 8 2 4 
12 19 12 18 -4 5 -18 3 19 9 -14 15 5 13 7 -5 18 -17 16 8 
-9 8 21 -9 12 3 3 -7 -18 19 12 -15 2 14 11 -8 15 1 -11 -15 
3 15 21 17 4 18 10 21 -14 14 21 8 20 20 -11 20 14 13 21 5 
-7 -21 16 21 15 0 8 17 9 6 21 6 15 21 12 -13 -1 1 10 5 
18 19 9 16 4 12 14 15 16 0 9 7 0 8 10 13 13 4 -8 13 
12 -2 -14 8 6 1 18 19 20 3 8 8 17 8 -15 15 -2 12 6 6 
3 10 5 19 7 8 7 13 -19 7 3 -15 -6 11 2 11 7 -17 -12 -18 
12 4 16 9 21 3 10 -18 1 -13 18 -1 12 13 19 0 11 17 10 11 
11 10 17 11 0 19 13 12 -1 18 -13 1 -18 10 3 21 9 16 4 12 
-18 -12 -17 7 11 2 11 -6 -15 3 7 -19 13 7 8 7 19 5 10 3 
6 6 12 -2 15 -15 8 17 8 8 3 20 19 18 1 6 8 -14 -2 12 
13 -8 4 13 13 10 8 0 7 9 0 16 15 14 12 4 16 9 19 18 
5 10 1 -1 -13 12 21 15 6 21 6 9 17 8 0 15 21 16 -21 -7 
5 21 13 14 20 -11 20 20 8 21 14 -14 21 10 18 4 17 21 15 3 
-15 -11 1 15 -8 11 14 2 -15 12 19 -18 -7 3 3 12 -9 21 8 -9 
8 16 -17 18 -5 7 13 5 15 -14 9 19 3 -18 5 -4 18 12 19 12 
4 2 8 18 -8 19 -5 -14 6 -3 14 -14 3 0 7 3 2 1 -9 -21 
-4 4 -11 15 2 21 21 18 13 10 -21 10 -18 5 -12 2 11 -12 -14 -4 
45
7
7 6
1 13
7 8
10 18
8 5
13 6
5 3
12 13
18 6
12 11
9 1
11 14
6 13
14 16
20
6 3 15
5 0 12
11 9 15
14 8 8
16 11 12
1 12 8
14 13 11
15 18 10
8 6 13
4 12 16
13 16 15
14 19 12
8 10 15
5 11 8
3 8 12
18 7 8
5 6 11
4 1 10
11 13 13
15 7 16
40
7 12
16 10
9 4
19 4
6 12
19 3
12 8
0 5
0 10
11 10
17 13
1 9
6 16
19 18
12 5
2 10
18 8
11 1
14 11
16 18
12 7
3 9
10 15
0 15
13 7
0 16
7 11
19 14
19 9
8 9
2 6
18 10
13 3
0 1
7 14
17 9
1 11
8 18
5 8
3 1
