20 20
1 8 0 4 4 -6 8 4 -8 7 -6 7 8 -5 3 -2 6 8 8 7 
5 -1 0 -3 4 -1 7 -6 2 -7 -8 7 5 2 7 8 1 6 6 6 
2 1 4 7 5 3 7 -8 -3 3 8 4 5 1 3 8 3 -6 -8 7 
-3 3 5 -2 8 1 4 7 5 3 1 -5 7 2 1 8 6 8 7 -6 
-5 8 0 4 2 2 8 -2 2 6 -6 6 4 3 3 3 5 6 4 2 
2 0 -7 8 2 5 8 4 -8 7 8 6 -5 8 7 1 0 5 -5 3 
1 1 -1 4 -1 7 4 -6 0 2 -4 5 3 -2 8 1 1 3 5 2 
3 -5 -6 3 2 5 0 -7 -7 6 5 -5 1 -4 -6 1 -8 5 3 -7 
3 -4 -2 5 0 7 -5 -6 6 2 6 -8 -1 4 8 2 4 3 8 1 
-7 5 5 3 -1 5 1 -3 0 5 3 3 8 8 7 8 7 -2 -2 -6 
-6 -2 -2 7 8 7 8 8 3 3 5 0 -3 1 5 -1 3 5 5 -7 
1 8 3 4 2 8 4 -1 -8 6 2 6 -6 -5 7 0 5 -2 -4 3 
-7 3 5 -8 1 -6 -4 1 -5 5 6 -7 -7 0 5 2 3 -6 -5 3 
2 5 3 1 1 8 -2 3 5 -4 2 0 -6 4 7 -1 4 -1 1 1 
3 -5 5 0 1 7 8 -5 6 8 7 -8 4 8 5 2 8 -7 0 2 
2 4 6 5 3 3 3 4 6 -6 6 2 -2 8 2 2 4 0 8 -5 
-6 7 8 6 8 1 2 7 -5 1 3 5 7 4 1 8 -2 5 3 -3 
7 -8 -6 3 8 3 1 5 4 8 3 -3 -8 7 3 5 7 4 1 2 
6 6 6 1 8 7 2 5 7 -8 -7 2 -6 7 -1 4 -3 0 -1 5 
7 8 8 6 -2 3 -5 8 7 -6 7 -8 4 8 -6 4 4 0 8 1 
32
7
5 4
12 14
2 10
5 12
8 2
16 10
13 11
14 15
7 5
17 9
14 7
11 17
3 9
6 8
18
8 18 14
6 12 16
3 2 12
18 19 11
3 1 12
10 4 8
16 2 15
4 8 16
8 4 15
11 1 14
13 7 16
16 17 12
1 0 11
16 18 12
9 15 8
3 17 15
15 11 16
11 15 15
36
11 3
4 15
1 14
2 7
10 17
5 3
10 15
4 2
10 12
3 7
0 10
14 13
19 4
0 7
6 18
13 18
16 5
6 3
8 16
15 4
18 5
17 12
9 2
14 16
9 4
15 17
9 7
16 12
19 9
5 6
0 15
19 12
13 1
6 1
3 14
13 16
