20 20
11 8 7 -7 16 8 15 4 12 -12 13 9 16 11 1 12 17 2 -16 -15 
15 9 -2 1 -9 17 7 8 2 4 14 4 15 10 6 8 -12 17 15 5 
-8 0 14 -3 13 4 1 5 11 7 14 17 4 -17 7 7 0 14 14 17 
11 14 13 -2 12 2 12 10 11 13 13 11 4 -4 -13 -13 13 -7 2 11 
3 2 -8 -12 1 8 4 1 7 16 -12 0 -11 1 17 10 11 15 6 10 
-12 15 -9 9 17 17 10 -14 5 -4 9 7 -9 6 -13 -1 10 13 17 14 
12 -11 -12 14 7 10 14 2 17 -13 11 4 0 2 9 -15 5 1 1 0 
15 14 -1 12 10 12 8 14 0 11 10 -17 12 4 -7 3 16 14 13 6 
0 -17 -5 -13 13 13 11 5 13 6 16 5 1 13 9 -16 9 5 -5 -10 
9 15 6 12 -3 5 6 -16 -16 6 4 4 -1 17 -12 3 13 -15 8 -11 
-11 8 -15 13 3 -12 17 -1 4 4 6 -16 -16 6 5 -3 12 6 15 9 
-10 -5 5 9 -16 9 13 1 5 16 6 13 5 11 13 13 -13 -5 -17 0 
6 13 14 16 3 -7 4 12 -17 10 11 0 14 8 12 10 12 -1 14 15 
0 1 1 5 -15 9 2 0 4 11 -13 17 2 14 10 7 14 -12 -11 12 
14 17 13 10 -1 -13 6 -9 7 9 -4 5 -14 10 17 17 9 -9 15 -12 
10 6 15 11 10 17 1 -11 0 -12 16 7 1 4 8 1 -12 -8 2 3 
11 2 -7 13 -13 -13 -4 4 11 13 13 11 10 12 2 12 -2 13 14 11 
17 14 14 0 7 7 -17 4 17 14 7 11 5 1 4 13 -3 14 0 -8 
5 15 17 -12 8 6 10 15 4 14 4 2 8 7 17 -9 1 -2 9 15 
-15 -16 2 17 12 1 11 16 9 13 -12 12 4 15 8 16 -7 7 8 11 
34
6
17 14
6 9
16 10
9 14
16 15
18 10
2 5
13 10
3 9
10 5
3 4
1 9
10
14 11 12
0 10 15
14 5 9
9 13 8
14 16 9
5 8 12
19 9 15
5 14 9
10 6 8
5 3 9
26
3 6
13 14
10 11
19 15
16 3
10 2
7 10
11 18
13 11
4 0
19 14
5 13
4 10
16 13
6 5
9 8
0 4
3 16
9 17
12 9
8 1
6 8
15 19
0 5
14 6
15 9
