20 20
-6 -14 4 7 15 11 -13 8 10 13 -9 13 -12 7 2 2 1 3 2 11 
-10 -15 11 0 12 5 8 7 15 3 6 8 0 4 4 3 10 -14 -10 -7 
16 12 8 -10 -6 6 -1 12 -14 14 8 -1 2 4 9 -5 9 6 10 5 
3 -7 11 2 5 15 -5 12 12 -3 -6 -6 -11 5 6 15 5 15 0 -7 
4 -3 2 11 3 10 -15 16 -9 7 7 3 9 4 16 1 14 12 -14 4 
8 14 2 13 -4 6 13 -9 0 4 13 12 -14 -4 3 12 3 14 3 8 
6 15 1 -7 9 16 6 7 -16 13 13 -8 -6 14 6 15 -4 5 -13 11 
-1 -7 11 3 -4 -6 5 12 12 16 15 -9 16 -10 16 11 -1 2 -9 -11 
-6 -11 0 0 12 9 16 -4 16 -5 1 -16 2 15 16 7 -2 -16 8 9 
9 -11 12 -11 4 -11 7 11 15 11 9 14 1 11 0 -15 7 9 3 10 
10 3 9 7 -15 0 11 1 14 9 11 15 11 7 -11 4 -11 12 -11 9 
9 8 -16 -2 7 16 15 2 -16 1 -5 16 -4 16 9 12 0 0 -11 -6 
-11 -9 2 -1 11 16 -10 16 -9 15 16 12 12 5 -6 -4 3 11 -7 -1 
11 -13 5 -4 15 6 14 -6 -8 13 13 -16 7 6 16 9 -7 1 15 6 
8 3 14 3 12 3 -4 -14 12 13 4 0 -9 13 6 -4 13 2 14 8 
4 -14 12 14 1 16 4 9 3 7 7 -9 16 -15 10 3 11 2 -3 4 
-7 0 15 5 15 6 5 -11 -6 -6 -3 12 12 -5 15 5 2 11 -7 3 
5 10 6 9 -5 9 4 2 -1 8 14 -14 12 -1 6 -6 -10 8 12 16 
-7 -10 -14 10 3 4 4 0 8 6 3 15 7 8 5 12 0 11 -15 -10 
11 2 3 1 2 2 7 -12 13 -9 13 10 8 -13 11 15 7 4 -14 -6 
33
7
17 2
15 10
11 2
10 9
17 19
1 6
13 12
2 17
4 9
8 17
9 10
2 0
18 13
6 7
16
18 19 9
14 15 13
16 9 13
0 9 9
16 14 15
14 8 14
14 1 10
6 15 11
1 0 9
5 4 13
3 10 13
19 10 9
3 5 15
5 11 14
5 18 10
13 4 11
28
9 5
10 6
9 19
0 13
0 11
13 17
3 16
0 10
19 18
7 3
15 4
3 1
2 3
11 13
10 14
9 13
10 0
19 6
19 8
6 2
16 3
19 9
0 1
12 16
4 15
16 18
17 16
8 6
