20 20
27 8 21 3 21 -12 2 8 -25 1 20 24 20 5 -20 22 2 26 10 4 
2 -10 0 -19 -7 -6 14 -21 -19 11 27 29 27 -5 15 22 27 -8 -4 23 
-13 29 21 28 27 15 27 -12 2 2 27 -1 11 15 2 -9 -29 14 -3 26 
26 -15 10 11 -19 4 14 22 12 2 19 17 9 14 29 9 22 -28 -11 28 
0 29 22 -12 8 1 29 5 0 -23 8 12 -11 11 22 8 20 14 -6 10 
7 14 23 12 5 10 29 -20 27 23 2 26 1 -8 -15 -21 -4 1 2 11 
-21 6 24 -10 22 5 -7 -13 17 17 9 2 27 26 -24 12 -1 17 8 22 
29 19 27 11 25 20 6 13 -16 -28 19 9 14 26 9 -8 18 23 20 21 
-4 6 5 -26 18 19 16 -7 25 -11 20 24 -8 6 20 20 28 10 16 -25 
-15 13 27 -15 26 -15 -6 3 -12 -8 22 -25 -20 -16 6 12 26 -21 14 6 
6 14 -21 26 12 6 -16 -20 -25 22 -8 -12 3 -6 -15 26 -15 27 13 -15 
-25 16 10 28 20 20 6 -8 24 20 -11 25 -7 16 19 18 -26 5 6 -4 
21 20 23 18 -8 9 26 14 9 19 -28 -16 13 6 20 25 11 27 19 29 
22 8 17 -1 12 -24 26 27 2 9 17 17 -13 -7 5 22 -10 24 6 -21 
11 2 1 -4 -21 -15 -8 1 26 2 23 27 -20 29 10 5 12 23 14 7 
10 -6 14 20 8 22 11 -11 12 8 -23 0 5 29 1 8 -12 22 29 0 
28 -11 -28 22 9 29 14 9 17 19 2 12 22 14 4 -19 11 10 -15 26 
26 -3 14 -29 -9 2 15 11 -1 27 2 2 -12 27 15 27 28 21 29 -13 
23 -4 -8 27 22 15 -5 27 29 27 11 -19 -21 14 -6 -7 -19 0 -10 2 
4 10 26 2 22 -20 5 20 24 20 1 -25 8 2 -12 21 3 21 8 27 
48
2
13 16
2 5
6 3
17 14
12
8 14 8
7 19 13
12 6 14
0 5 9
10 8 11
4 13 13
11 5 8
12 0 13
7 13 14
19 14 9
9 11 11
15 6 13
36
16 17
10 11
0 11
17 0
6 17
1 10
19 13
17 8
4 9
12 18
18 12
3 7
8 13
1 8
15 8
8 6
6 8
15 4
3 2
9 8
19 8
2 19
13 2
18 9
0 6
2 11
15 10
7 1
1 7
16 12
11 6
18 11
4 11
11 13
13 11
4 15
