20 20
3 1 6 10 -10 0 7 5 6 2 5 10 10 6 0 7 -3 5 3 -4 
-4 -1 3 -1 -7 -9 5 9 0 4 6 7 0 8 4 9 1 -7 9 -2 
8 3 -8 10 3 6 8 3 -4 -7 4 1 4 5 2 -7 10 8 -1 4 
4 6 3 5 0 -2 1 4 3 -9 2 8 -10 1 -6 2 3 3 6 5 
9 6 -8 6 0 2 8 7 4 0 -9 6 -7 7 -8 3 -5 6 8 9 
1 2 -8 3 -4 5 10 0 -8 -9 9 5 -8 0 6 10 6 -10 2 6 
4 3 -1 4 10 6 5 2 0 0 4 8 5 7 10 4 9 -4 3 9 
10 -1 5 7 5 -4 5 9 10 0 10 0 5 -2 -8 9 10 2 7 3 
-4 -5 10 9 1 -5 8 9 10 5 10 7 -7 10 6 9 5 10 5 4 
6 2 2 7 -7 5 -1 -10 3 10 1 2 3 -2 5 1 10 -7 -8 8 
8 -8 -7 10 1 5 -2 3 2 1 10 3 -10 -1 5 -7 7 2 2 6 
4 5 10 5 9 6 10 -7 7 10 5 10 9 8 -5 1 9 10 -5 -4 
3 7 2 10 9 -8 -2 5 0 10 0 10 9 5 -4 5 7 5 -1 10 
9 3 -4 9 4 10 7 5 8 4 0 0 2 5 6 10 4 -1 3 4 
6 2 -10 6 10 6 0 -8 5 9 -9 -8 0 10 5 -4 3 -8 2 1 
9 8 6 -5 3 -8 7 -7 6 -9 0 4 7 8 2 0 6 -8 6 9 
5 6 3 3 2 -6 1 -10 8 2 -9 3 4 1 -2 0 5 3 6 4 
4 -1 8 10 -7 2 5 4 1 4 -7 -4 3 8 6 3 10 -8 3 8 
-2 9 -7 1 9 4 8 0 7 6 4 0 9 5 -9 -7 -1 3 -1 -4 
-4 3 5 -3 7 0 6 10 10 5 2 6 5 7 0 -10 10 6 1 3 
44
6
10 4
19 4
19 9
16 4
5 12
1 14
9 15
0 15
0 10
3 15
14 7
18 5
20
19 8 8
5 18 9
15 5 15
13 6 9
16 13 15
8 12 15
16 7 16
3 13 16
16 12 9
9 18 12
0 11 8
14 1 9
4 14 15
6 13 9
3 6 15
11 7 15
3 12 16
16 6 16
3 7 9
10 1 12
28
8 9
6 15
15 7
12 19
5 7
9 6
10 8
6 0
15 13
3 10
14 11
13 18
18 9
12 7
11 10
13 4
4 12
7 0
14 12
10 13
9 11
13 19
4 6
16 9
5 8
6 1
1 10
7 12
