20 20
16 -6 26 4 27 5 -9 23 -18 -27 16 20 -27 13 7 16 19 0 22 23 
13 -19 5 10 -23 2 -26 -4 -14 -25 12 27 -17 4 4 29 3 -24 -15 26 
13 13 -19 27 29 21 3 5 -28 3 -19 18 24 6 16 2 10 4 7 8 
0 6 -24 13 7 13 11 11 23 6 20 -26 0 9 20 13 12 29 13 21 
-20 -3 -5 10 26 27 16 5 15 3 23 9 19 12 28 19 -25 22 -24 16 
29 23 12 14 16 27 15 -21 12 22 9 8 -19 24 10 16 9 15 13 22 
27 12 -14 26 18 21 24 -3 6 -14 7 23 -14 -23 24 17 15 23 15 19 
-23 4 0 26 3 6 18 5 -18 13 15 17 25 -3 0 26 23 16 0 19 
14 8 5 25 28 11 -7 5 -2 -8 19 7 -13 -20 -24 21 15 -10 25 4 
29 9 16 -26 18 -23 12 6 -7 15 -22 19 21 12 0 6 19 14 -25 13 
13 -25 14 19 6 0 12 21 19 -22 15 -7 6 12 -23 18 -26 16 9 29 
4 25 -10 15 21 -24 -20 -13 7 19 -8 -2 5 -7 11 28 25 5 8 14 
19 0 16 23 26 0 -3 25 17 15 13 -18 5 18 6 3 26 0 4 -23 
19 15 23 15 17 24 -23 -14 23 7 -14 6 -3 24 21 18 26 -14 12 27 
22 13 15 9 16 10 24 -19 8 9 22 12 -21 15 27 16 14 12 23 29 
16 -24 22 -25 19 28 12 19 9 23 3 15 5 16 27 26 10 -5 -3 -20 
21 13 29 12 13 20 9 0 -26 20 6 23 11 11 13 7 13 -24 6 0 
8 7 4 10 2 16 6 24 18 -19 3 -28 5 3 21 29 27 -19 13 13 
26 -15 -24 3 29 4 4 -17 27 12 -25 -14 -4 -26 2 -23 10 5 -19 13 
23 22 0 19 16 7 13 -27 20 16 -27 -18 23 -9 5 27 4 26 -6 16 
30
4
11 13
15 17
14 12
2 6
8 6
4 2
5 7
17 13
20
8 10 13
10 7 12
18 16 16
19 17 14
3 19 12
16 18 13
13 3 13
13 9 8
17 16 16
1 19 11
11 9 13
9 12 12
1 3 16
0 2 14
16 0 12
3 1 13
6 16 13
6 10 8
2 3 16
18 0 11
36
17 5
19 4
15 3
8 7
12 14
15 19
10 3
9 5
11 6
1 8
9 4
15 6
9 0
8 17
7 1
5 1
1 13
13 8
2 14
0 15
4 16
11 12
7 5
4 0
9 16
10 14
8 13
18 11
10 15
4 13
10 19
11 2
12 18
14 18
18 6
6 11
