20 20
-12 -16 22 10 13 14 0 5 -13 -12 17 -6 -9 -24 -13 -12 17 -8 7 -22 
12 16 8 12 4 20 -1 18 12 7 22 13 8 -10 6 21 -17 11 -22 4 
-14 -6 17 13 7 12 20 8 16 -5 23 -24 10 3 19 -11 -18 19 2 -7 
10 -18 -18 17 3 11 -1 15 11 16 14 -11 -6 7 -18 4 2 24 14 7 
-11 8 23 10 -13 0 -4 -11 17 14 16 24 24 12 23 -15 20 9 11 -10 
1 24 17 13 18 3 22 23 16 -8 24 -9 23 22 10 14 8 15 18 -13 
4 18 -18 12 8 -21 9 -13 17 7 20 20 12 -19 15 -15 19 21 2 20 
14 6 12 22 18 13 13 8 -15 3 7 18 17 21 1 17 3 21 21 22 
-8 -21 10 19 18 11 13 10 -4 15 24 -19 14 3 -4 11 1 -2 5 13 
22 -13 -20 -5 2 -5 -2 -21 13 -13 14 9 -3 3 -2 -8 16 24 3 -15 
-15 3 24 16 -8 -2 3 -3 9 14 -13 13 -21 -2 -5 2 -5 -20 -13 22 
13 5 -2 1 11 -4 3 14 -19 24 15 -4 10 13 11 18 19 10 -21 -8 
22 21 21 3 17 1 21 17 18 7 3 -15 8 13 13 18 22 12 6 14 
20 2 21 19 -15 15 -19 12 20 20 7 17 -13 9 -21 8 12 -18 18 4 
-13 18 15 8 14 10 22 23 -9 24 -8 16 23 22 3 18 13 17 24 1 
-10 11 9 20 -15 23 12 24 24 16 14 17 -11 -4 0 -13 10 23 8 -11 
7 14 24 2 4 -18 7 -6 -11 14 16 11 15 -1 11 3 17 -18 -18 10 
-7 2 19 -18 -11 19 3 10 -24 23 -5 16 8 20 12 7 13 17 -6 -14 
4 -22 11 -17 21 6 -10 8 13 22 7 12 18 -1 20 4 12 8 16 12 
-22 7 -8 17 -12 -13 -24 -9 -6 17 -12 -13 5 0 14 13 10 22 -16 -12 
50
2
4 12
13 3
15 7
6 16
10
1 3 11
0 18 16
16 1 15
2 8 15
7 4 13
18 16 11
19 1 16
3 18 15
17 11 15
12 15 13
28
8 19
9 4
0 14
15 0
15 1
5 17
9 16
16 10
16 9
3 8
4 5
9 19
12 16
0 19
11 0
10 15
19 5
4 19
4 18
14 2
10 3
3 9
3 10
16 11
15 14
10 0
7 3
19 0
