20 20
17 17 16 4 8 1 5 1 19 13 5 0 -19 -6 -7 4 4 14 21 6 
13 21 22 16 11 15 -19 16 9 9 -2 -5 7 18 11 -14 18 13 -7 -18 
20 22 -7 7 -1 19 0 12 22 14 17 13 10 10 -9 21 9 13 -19 22 
-7 -3 0 -9 4 -11 21 -17 -14 0 -4 21 12 11 17 16 4 18 10 3 
-21 -10 17 6 1 18 9 -11 1 -20 3 13 -11 -5 17 13 7 2 -7 11 
21 12 2 17 8 -22 13 8 0 0 7 14 17 -4 13 -22 20 -6 -4 -10 
-8 11 18 4 -20 12 19 22 15 6 21 10 0 22 9 18 7 11 0 3 
-7 15 6 -15 4 3 21 3 -4 -15 19 -8 -22 13 9 15 11 21 7 6 
11 3 14 -10 19 16 1 13 -18 -13 9 16 12 -7 4 -21 -17 6 1 0 
22 22 14 -21 17 11 -12 6 10 -2 -18 4 17 1 -7 6 11 15 2 13 
13 2 15 11 6 -7 1 17 4 -18 -2 10 6 -12 11 17 -21 14 22 22 
0 1 6 -17 -21 4 -7 12 16 9 -13 -18 13 1 16 19 -10 14 3 11 
6 7 21 11 15 9 13 -22 -8 19 -15 -4 3 21 3 4 -15 6 15 -7 
3 0 11 7 18 9 22 0 10 21 6 15 22 19 12 -20 4 18 11 -8 
-10 -4 -6 20 -22 13 -4 17 14 7 0 0 8 13 -22 8 17 2 12 21 
11 -7 2 7 13 17 -5 -11 13 3 -20 1 -11 9 18 1 6 17 -10 -21 
3 10 18 4 16 17 11 12 21 -4 0 -14 -17 21 -11 4 -9 0 -3 -7 
22 -19 13 9 21 -9 10 10 13 17 14 22 12 0 19 -1 7 -7 22 20 
-18 -7 13 18 -14 11 18 7 -5 -2 9 9 16 -19 15 11 16 22 21 13 
6 21 14 4 4 -7 -6 -19 0 5 13 19 1 5 1 8 4 16 17 17 
41
4
11 8
0 3
6 14
18 11
8 11
19 16
13 5
1 8
10
18 7 12
1 19 8
5 8 9
8 0 10
7 0 10
1 12 12
18 0 8
14 11 9
11 19 10
12 19 10
34
5 15
2 11
0 1
5 7
19 14
19 9
0 7
7 1
0 13
3 1
4 7
10 7
2 3
0 14
1 5
9 11
14 6
14 4
17 8
19 18
14 12
0 5
0 10
19 12
12 18
19 6
16 18
15 12
9 12
17 16
19 5
18 14
10 8
5 13
