20 20
0 5 -7 4 1 4 7 1 -3 -1 4 5 -1 2 5 -2 5 0 -6 -2 
5 0 4 6 5 4 7 8 -6 -2 -3 1 1 5 -3 6 -2 5 7 4 
2 7 3 6 -6 2 7 -8 1 8 8 -5 2 2 1 -3 1 1 0 2 
2 3 7 2 7 1 -6 -1 -1 8 7 7 6 3 1 -5 2 -2 -6 -2 
-3 0 -8 -1 -8 6 8 4 -7 -6 3 5 1 1 1 4 -7 4 1 3 
-1 -4 2 4 6 -4 3 5 0 6 2 5 -7 2 8 1 1 -3 7 1 
4 -7 3 2 -6 8 -5 7 5 8 1 2 -7 -2 -3 3 1 -4 3 -1 
4 6 3 8 2 2 1 6 5 3 6 7 -4 6 7 5 5 0 3 1 
-3 -7 7 6 -6 3 2 1 3 1 5 1 3 5 7 4 3 -1 8 5 
3 0 1 7 -8 -8 -7 0 7 5 -6 -7 2 -3 5 6 1 -4 1 0 
0 1 -4 1 6 5 -3 2 -7 -6 5 7 0 -7 -8 -8 7 1 0 3 
5 8 -1 3 4 7 5 3 1 5 1 3 1 2 3 -6 6 7 -7 -3 
1 3 0 5 5 7 6 -4 7 6 3 5 6 1 2 2 8 3 6 4 
-1 3 -4 1 3 -3 -2 -7 2 1 8 5 7 -5 8 -6 2 3 -7 4 
1 7 -3 1 1 8 2 -7 5 2 6 0 5 3 -4 6 4 2 -4 -1 
3 1 4 -7 4 1 1 1 5 3 -6 -7 4 8 6 -8 -1 -8 0 -3 
-2 -6 -2 2 -5 1 3 6 7 7 8 -1 -1 -6 1 7 2 7 3 2 
2 0 1 1 -3 1 2 2 -5 8 8 1 -8 7 2 -6 6 3 7 2 
4 7 5 -2 6 -3 5 1 1 -3 -2 -6 8 7 4 5 6 4 0 5 
-2 -6 0 5 -2 5 2 -1 5 4 -1 -3 1 7 4 1 4 -7 5 0 
51
2
15 12
4 19
4 7
15 0
18
18 10 10
9 17 9
15 14 11
1 17 9
4 6 15
18 8 13
8 11 13
8 15 10
2 1 8
1 9 10
10 2 9
4 5 11
18 2 9
15 13 15
1 11 13
11 8 13
11 4 10
17 18 8
34
4 13
2 16
9 7
16 18
6 5
1 18
12 13
13 16
15 9
17 16
3 12
9 2
11 2
12 1
13 2
19 2
2 6
15 6
17 3
10 12
3 1
13 14
18 1
7 6
6 3
4 10
2 3
16 7
10 17
8 17
7 18
6 17
0 17
17 13
