20 20
11 -16 6 15 14 -2 7 12 20 -18 1 -15 15 -16 18 -18 15 17 19 7 
-19 15 1 7 21 9 13 1 -13 12 -7 20 12 -7 0 10 12 -12 18 13 
-4 -21 8 7 9 19 8 11 6 -3 6 9 18 4 16 18 7 6 -7 17 
18 8 4 -1 14 15 4 -11 21 3 16 11 12 3 -11 -20 20 0 6 -8 
4 16 21 5 -1 -21 -3 -7 20 19 8 14 10 19 -15 11 -6 -19 17 13 
11 -21 9 15 17 21 -10 12 11 10 -1 0 13 12 12 0 12 4 13 -6 
-9 -4 9 3 19 -8 11 -18 21 1 9 11 18 -6 9 11 9 7 17 4 
-14 4 3 6 0 -4 -18 -15 9 14 15 -12 7 20 21 2 5 8 3 2 
14 12 10 17 2 7 -19 -16 13 15 -18 -16 6 4 -5 19 18 10 10 2 
13 -20 14 10 12 4 15 7 14 11 10 19 -3 -2 11 11 -15 10 8 18 
18 8 10 -15 11 11 -2 -3 19 10 11 14 7 15 4 12 10 14 -20 13 
2 10 10 18 19 -5 4 6 -16 -18 15 13 -16 -19 7 2 17 10 12 14 
2 3 8 5 2 21 20 7 -12 15 14 9 -15 -18 -4 0 6 3 4 -14 
4 17 7 9 11 9 -6 18 11 9 1 21 -18 11 -8 19 3 9 -4 -9 
-6 13 4 12 0 12 12 13 0 -1 10 11 12 -10 21 17 15 9 -21 11 
13 17 -19 -6 11 -15 19 10 14 8 19 20 -7 -3 -21 -1 5 21 16 4 
-8 6 0 20 -20 -11 3 12 11 16 3 21 -11 4 15 14 -1 4 8 18 
17 -7 6 7 18 16 4 18 9 6 -3 6 11 8 19 9 7 8 -21 -4 
13 18 -12 12 10 0 -7 12 20 -7 12 -13 1 13 9 21 7 1 15 -19 
7 19 17 15 -18 18 -16 15 -15 1 -18 20 12 7 -2 14 15 6 -16 11 
32
8
16 13
1 5
0 16
5 16
8 17
4 11
17 3
17 11
3 6
18 14
19 3
14 3
11 2
15 8
2 16
2 8
20
18 11 8
4 16 10
8 9 15
7 12 11
19 5 9
15 6 14
8 4 12
7 19 16
16 2 12
3 19 15
1 8 8
15 3 10
11 10 15
12 7 11
0 14 9
4 13 14
11 15 12
12 0 16
3 17 12
16 0 15
40
10 17
10 8
17 6
14 0
3 4
14 8
10 0
11 9
1 18
19 11
2 4
7 2
2 12
4 12
18 0
13 6
13 14
5 15
2 11
13 4
9 2
9 11
2 13
5 19
16 15
5 11
9 19
8 10
18 1
0 8
17 15
12 17
17 7
15 7
1 19
6 13
6 5
14 4
17 8
6 15
