20 20
6 21 -14 -6 -1 18 23 -6 3 7 9 8 11 11 -20 0 1 24 24 23 
7 3 -14 20 20 11 -7 2 14 15 -23 -1 17 5 4 7 24 19 15 10 
10 -5 -24 19 5 14 -24 18 20 -8 20 8 -2 5 5 -8 23 -19 6 11 
10 0 6 13 1 -7 9 12 -13 21 -24 0 4 10 8 6 20 3 14 -7 
-23 17 23 19 10 5 14 17 -1 0 -24 5 10 20 10 20 -7 23 5 22 
20 -6 16 10 3 14 20 -20 1 13 8 22 -7 0 10 17 -10 14 4 6 
24 24 18 6 1 0 -19 3 -18 -16 -4 23 4 10 17 -4 5 19 23 3 
6 7 -22 -9 8 2 9 20 11 19 -11 0 23 8 4 24 -14 -21 9 23 
8 3 19 23 2 22 18 3 21 9 6 23 23 21 -18 -12 15 22 15 4 
21 18 3 23 17 21 1 -2 18 10 19 -21 -19 12 16 18 2 -14 24 -15 
-15 24 -14 2 18 16 12 -19 -21 19 10 18 -2 1 21 17 23 3 18 21 
4 15 22 15 -12 -18 21 23 23 6 9 21 3 18 22 2 23 19 3 8 
23 9 -21 -14 24 4 8 23 0 -11 19 11 20 9 2 8 -9 -22 7 6 
3 23 19 5 -4 17 10 4 23 -4 -16 -18 3 -19 0 1 6 18 24 24 
6 4 14 -10 17 10 0 -7 22 8 13 1 -20 20 14 3 10 16 -6 20 
22 5 23 -7 20 10 20 10 5 -24 0 -1 17 14 5 10 19 23 17 -23 
-7 14 3 20 6 8 10 4 0 -24 21 -13 12 9 -7 1 13 6 0 10 
11 6 -19 23 -8 5 5 -2 8 20 -8 20 18 -24 14 5 19 -24 -5 10 
10 15 19 24 7 4 5 17 -1 -23 15 14 2 -7 11 20 20 -14 3 7 
23 24 24 1 0 -20 11 11 8 9 7 3 -6 23 18 -1 -6 -14 21 6 
44
2
5 13
0 13
14 6
19 6
16
12 0 13
16 15 16
12 17 10
0 7 9
17 13 15
3 6 15
4 10 11
18 7 12
7 19 13
3 4 16
7 2 10
19 12 9
2 6 15
16 13 15
15 9 11
1 12 12
36
14 4
16 8
14 3
11 4
7 13
2 18
8 9
4 1
0 10
1 11
13 15
13 5
9 10
15 4
1 18
9 1
11 19
15 8
5 15
3 11
5 16
8 15
12 6
17 1
11 10
15 18
19 9
18 8
6 4
6 14
10 9
4 15
18 1
10 18
8 0
4 11
