20 20
-12 6 3 12 14 11 15 9 9 19 12 14 4 -4 4 1 9 -8 18 16 
10 1 7 2 11 -12 10 13 8 18 -17 3 15 7 16 1 19 2 9 -4 
17 6 15 -4 7 3 6 -7 7 -15 7 2 1 5 17 5 1 16 5 19 
17 1 16 -4 8 15 3 18 14 13 17 10 -11 3 15 13 4 1 13 9 
14 5 0 0 -16 3 16 7 9 13 -5 18 6 3 -8 5 -18 5 7 0 
3 -11 -16 -8 8 4 10 12 -11 10 18 4 11 -6 8 9 -3 10 7 14 
-16 6 -10 8 7 -17 16 16 4 3 9 -16 13 13 13 16 14 -2 4 17 
11 -17 -8 18 -12 18 12 10 0 -15 1 14 -19 4 -6 5 7 16 15 6 
18 8 17 16 -7 12 5 19 7 18 1 -10 4 12 -13 1 -1 9 19 5 
-14 -14 -19 4 3 6 -1 16 4 -12 -18 1 18 10 4 -19 -17 -2 1 14 
14 1 -2 -17 -19 4 10 18 1 -18 -12 4 16 -1 6 3 4 -19 -14 -14 
5 19 9 -1 1 -13 12 4 -10 1 18 7 19 5 12 -7 16 17 8 18 
6 15 16 7 5 -6 4 -19 14 1 -15 0 10 12 18 -12 18 -8 -17 11 
17 4 -2 14 16 13 13 13 -16 9 3 4 16 16 -17 7 8 -10 6 -16 
14 7 10 -3 9 8 -6 11 4 18 10 -11 12 10 4 8 -8 -16 -11 3 
0 7 5 -18 5 -8 3 6 18 -5 13 9 7 16 3 -16 0 0 5 14 
9 13 1 4 13 15 3 -11 10 17 13 14 18 3 15 8 -4 16 1 17 
19 5 16 1 5 17 5 1 2 7 -15 7 -7 6 3 7 -4 15 6 17 
-4 9 2 19 1 16 7 15 3 -17 18 8 13 10 -12 11 2 7 1 10 
16 18 -8 9 1 4 -4 4 14 12 19 9 9 15 11 14 12 3 6 -12 
58
4
8 14
4 19
8 1
12 10
11 5
15 0
11 18
7 9
16
2 14 10
6 0 15
4 18 16
13 14 13
18 4 16
19 18 11
2 16 16
17 14 12
17 5 10
13 19 15
15 1 16
6 5 13
1 15 16
0 1 11
17 3 16
2 5 12
38
0 13
2 13
6 11
18 7
8 13
18 5
19 3
5 0
11 8
9 15
7 18
7 2
4 7
12 9
5 10
14 10
5 4
9 2
10 0
19 6
17 6
13 8
1 12
11 6
1 14
0 16
14 19
8 11
10 4
12 1
12 17
15 12
7 10
14 9
5 9
14 15
10 17
9 19
