20 20
0 8 0 -6 1 6 3 6 6 3 8 6 8 0 8 3 2 9 -2 8 
1 1 -1 -5 4 7 -2 -1 9 9 4 4 2 1 -6 -1 -6 4 1 2 
2 4 6 7 4 9 7 6 9 3 1 -6 -8 3 0 -5 5 5 0 5 
3 9 9 2 1 6 6 -3 6 9 3 6 0 7 3 2 3 7 9 2 
3 6 1 -9 8 5 0 1 9 9 5 6 1 3 0 -5 8 4 8 7 
5 9 -7 3 7 6 -6 8 7 8 0 7 -2 -6 0 -9 -9 4 0 -9 
0 4 5 8 8 0 -3 5 6 2 1 -8 6 2 6 7 -4 5 5 8 
-8 -2 1 8 1 6 3 9 -5 3 5 8 5 3 -7 -2 9 1 2 -2 
-6 -4 1 7 -1 -3 -4 6 6 -5 3 -6 2 0 -1 7 5 7 -9 0 
9 -9 5 4 -4 8 2 -8 9 3 -9 8 0 -7 3 1 4 5 1 3 
3 1 5 4 1 3 -7 0 8 -9 3 9 -8 2 8 -4 4 5 -9 9 
0 -9 7 5 7 -1 0 2 -6 3 -5 6 6 -4 -3 -1 7 1 -4 -6 
-2 2 1 9 -2 -7 3 5 8 5 3 -5 9 3 6 1 8 1 -2 -8 
8 5 5 -4 7 6 2 6 -8 1 2 6 5 -3 0 8 8 5 4 0 
-9 0 4 -9 -9 0 -6 -2 7 0 8 7 8 -6 6 7 3 -7 9 5 
7 8 4 8 -5 0 3 1 6 5 9 9 1 0 5 8 -9 1 6 3 
2 9 7 3 2 3 7 0 6 3 9 6 -3 6 6 1 2 9 9 3 
5 0 5 5 -5 0 3 -8 -6 1 3 9 6 7 9 4 7 6 4 2 
2 1 4 -6 -1 -6 1 2 4 4 9 9 -1 -2 7 4 -5 -1 1 1 
8 -2 9 2 3 8 0 8 6 8 3 6 6 3 6 1 -6 0 8 0 
32
3
6 15
12 2
15 16
13 4
7 17
4 3
8
15 18 8
10 16 10
0 5 10
18 9 11
4 1 8
9 3 10
19 14 10
1 10 11
30
13 6
8 12
16 4
17 19
2 1
2 16
7 10
13 2
17 11
8 18
17 16
16 10
7 13
1 7
7 6
6 13
11 7
3 15
2 0
17 18
17 3
12 9
6 17
2 8
11 1
2 3
3 9
12 6
18 12
12 13
