20 20
4 15 -8 17 12 -3 15 18 8 13 3 17 10 -17 -16 13 -15 16 1 13 
5 11 -5 16 13 2 3 3 -2 13 18 12 4 2 -11 15 0 17 4 12 
-8 17 7 15 -3 2 -8 12 10 -17 16 12 -18 -4 6 -5 0 -17 -9 12 
-5 -18 -18 2 9 14 12 5 4 11 17 8 -1 1 -13 13 16 -7 -16 -1 
11 3 10 1 2 13 17 1 18 13 14 -17 -17 -18 16 6 8 17 3 1 
10 12 -8 -6 -2 13 16 16 4 -5 12 6 -14 12 12 4 5 16 6 3 
-5 2 14 1 -3 17 11 15 -16 18 1 9 13 2 8 6 -14 17 16 18 
10 -4 12 14 1 3 2 12 10 7 11 -7 14 16 4 -5 6 -18 1 -18 
-5 -5 8 17 3 5 10 15 4 -17 -3 16 -16 2 -15 5 16 -10 12 -10 
5 -12 -11 9 -6 17 13 13 -8 3 -2 3 16 0 -13 1 -18 -1 5 0 
0 5 -1 -18 1 -13 0 16 3 -2 3 -8 13 13 17 -6 9 -11 -12 5 
-10 12 -10 16 5 -15 2 -16 16 -3 -17 4 15 10 5 3 17 8 -5 -5 
-18 1 -18 6 -5 4 16 14 -7 11 7 10 12 2 3 1 14 12 -4 10 
18 16 17 -14 6 8 2 13 9 1 18 -16 15 11 17 -3 1 14 2 -5 
3 6 16 5 4 12 12 -14 6 12 -5 4 16 16 13 -2 -6 -8 12 10 
1 3 17 8 6 16 -18 -17 -17 14 13 18 1 17 13 2 1 10 3 11 
-1 -16 -7 16 13 -13 1 -1 8 17 11 4 5 12 14 9 2 -18 -18 -5 
12 -9 -17 0 -5 6 -4 -18 12 16 -17 10 12 -8 2 -3 15 7 17 -8 
12 4 17 0 15 -11 2 4 12 18 13 -2 3 3 2 13 16 -5 11 5 
13 1 16 -15 13 -16 -17 10 17 3 13 8 18 15 -3 12 17 -8 15 4 
55
4
3 15
18 10
10 16
5 10
16 4
1 9
9 3
14 9
6
3 13 9
7 19 8
6 4 11
16 6 9
12 0 8
13 15 11
34
7 4
2 14
14 5
7 17
17 6
4 8
10 12
11 7
6 9
19 5
12 8
4 14
17 15
9 5
5 6
10 13
19 9
12 15
17 5
5 14
12 2
2 13
15 11
9 7
8 12
13 10
0 14
7 11
15 5
2 4
10 14
14 13
9 6
0 10
