20 20
5 22 3 6 15 -17 14 6 16 -14 11 23 -9 20 19 -20 -23 -6 7 11 
-19 9 6 2 -15 -19 1 17 18 -18 -19 8 18 21 12 21 7 -17 23 -11 
-22 13 1 2 5 -22 2 10 -14 -13 20 3 10 -19 0 23 -3 4 21 19 
-20 -11 5 9 -11 -10 7 -14 22 9 18 9 10 8 23 13 -10 6 8 15 
-22 20 4 6 22 -22 14 10 7 9 20 10 22 21 13 18 15 21 -4 7 
18 10 12 5 12 21 12 -22 6 11 11 17 -15 16 10 -18 -2 -10 5 -21 
18 7 13 8 2 11 21 16 2 3 2 2 -23 11 1 19 5 -10 16 7 
7 21 3 15 -17 -2 -11 11 17 23 7 21 20 6 1 4 23 -4 2 -4 
8 2 7 22 5 21 2 13 19 8 5 18 23 10 3 -15 22 15 21 8 
17 17 -10 12 10 5 -6 15 22 5 3 11 1 5 1 22 6 8 1 4 
4 1 8 6 22 1 5 1 11 3 5 22 15 -6 5 10 12 -10 17 17 
8 21 15 22 -15 3 10 23 18 5 8 19 13 2 21 5 22 7 2 8 
-4 2 -4 23 4 1 6 20 21 7 23 17 11 -11 -2 -17 15 3 21 7 
7 16 -10 5 19 1 11 -23 2 2 3 2 16 21 11 2 8 13 7 18 
-21 5 -10 -2 -18 10 16 -15 17 11 11 6 -22 12 21 12 5 12 10 18 
7 -4 21 15 18 13 21 22 10 20 9 7 10 14 -22 22 6 4 20 -22 
15 8 6 -10 13 23 8 10 9 18 9 22 -14 7 -10 -11 9 5 -11 -20 
19 21 4 -3 23 0 -19 10 3 20 -13 -14 10 2 -22 5 2 1 13 -22 
-11 23 -17 7 21 12 21 18 8 -19 -18 18 17 1 -19 -15 2 6 9 -19 
11 7 -6 -23 -20 19 20 -9 23 11 -14 16 6 14 -17 15 6 3 22 5 
57
4
18 17
3 1
9 7
12 2
1 2
16 18
10 12
7 17
6
18 0 12
5 6 10
12 17 9
1 19 12
14 13 10
7 2 9
40
16 0
19 8
10 5
2 13
9 6
8 7
3 17
12 16
16 7
19 18
12 7
17 4
1 8
14 3
18 3
12 11
0 8
4 7
8 13
13 3
3 19
0 11
9 14
17 6
10 13
11 12
16 2
7 3
3 12
0 1
7 12
2 15
18 11
5 16
1 16
7 8
19 11
15 12
11 6
6 16
