20 20
5 -3 7 9 8 4 3 4 -9 2 6 2 9 3 9 0 9 -3 -8 6 
8 -3 9 5 6 1 1 2 5 2 3 -6 -1 8 -4 7 0 3 4 -3 
8 3 3 8 -4 7 0 7 8 0 7 -6 -9 -1 3 -6 0 -1 7 8 
-4 9 5 0 2 1 -8 -7 5 3 -8 -3 4 9 4 2 -7 9 7 8 
2 4 9 5 8 9 6 -6 -9 6 1 4 1 7 3 3 1 6 9 5 
4 8 -7 -3 -6 -3 9 -8 9 7 6 3 6 -8 1 7 -6 4 8 9 
3 8 -4 3 2 -9 -4 0 3 4 6 -9 -5 9 -5 5 -3 3 1 8 
7 6 0 -8 8 9 5 7 7 -2 4 5 -4 1 0 7 3 0 3 5 
6 5 5 9 -4 -1 8 0 9 7 6 0 6 2 5 4 2 5 9 -9 
9 8 -3 8 8 -3 7 9 5 8 3 -2 4 0 3 3 1 4 5 4 
4 5 4 1 3 3 0 4 -2 3 8 5 9 7 -3 8 8 -3 8 9 
-9 9 5 2 4 5 2 6 0 6 7 9 0 8 -1 -4 9 5 5 6 
5 3 0 3 7 0 1 -4 5 4 -2 7 7 5 9 8 -8 0 6 7 
8 1 3 -3 5 -5 9 -5 -9 6 4 3 0 -4 -9 2 3 -4 8 3 
9 8 4 -6 7 1 -8 6 3 6 7 9 -8 9 -3 -6 -3 -7 8 4 
5 9 6 1 3 3 7 1 4 1 6 -9 -6 6 9 8 5 9 4 2 
8 7 9 -7 2 4 9 4 -3 -8 3 5 -7 -8 1 2 0 5 9 -4 
8 7 -1 0 -6 3 -1 -9 -6 7 0 8 7 0 7 -4 8 3 3 8 
-3 4 3 0 7 -4 8 -1 -6 3 2 5 2 1 1 6 5 9 -3 8 
6 -8 -3 9 0 9 3 9 2 6 2 -9 4 3 4 8 9 7 -3 5 
35
7
18 4
0 11
19 4
12 18
0 12
10 19
3 11
1 15
19 8
0 15
7 1
19 7
9 0
16 8
18
16 7 10
14 17 14
5 14 13
9 13 15
16 0 11
5 3 12
19 14 16
4 13 14
16 18 8
3 12 10
5 2 14
14 5 13
10 6 15
3 19 11
14 16 12
0 5 16
15 6 14
3 1 8
38
6 14
15 11
3 16
5 6
11 9
12 14
3 17
10 12
6 4
9 5
9 1
6 5
8 19
9 16
17 6
8 6
18 10
7 3
8 5
13 5
4 8
16 3
14 13
8 10
7 5
16 2
9 7
13 15
10 14
10 18
13 14
11 0
10 3
2 13
11 13
1 9
12 16
11 14
