20 20
11 3 0 6 3 8 9 8 9 7 6 10 -12 8 -11 3 7 -6 -3 10 
-3 4 0 10 8 3 -6 3 8 3 12 12 7 6 12 5 -5 -12 5 1 
-5 12 -9 -10 11 7 4 -2 -6 12 10 11 5 2 12 1 3 4 11 0 
-4 8 8 11 -3 11 12 8 4 -9 1 -8 2 -3 10 3 -11 8 9 -6 
5 5 -1 -2 5 8 -3 2 7 8 3 1 2 -4 -7 -1 -3 10 -2 -7 
6 2 11 5 8 2 10 11 1 11 -1 11 -3 1 -9 -5 4 9 -1 -9 
4 1 10 -6 -5 9 1 4 3 6 12 9 5 -4 2 1 7 -3 -2 9 
12 9 -9 7 -3 11 8 0 2 6 5 7 12 2 5 8 2 3 9 -3 
8 3 9 2 -6 8 -6 -4 12 2 -6 4 7 9 -7 -6 -8 8 10 3 
8 2 -1 -4 7 9 5 12 2 7 -5 10 -5 -8 -5 12 9 -7 9 -10 
-10 9 -7 9 12 -5 -8 -5 10 -5 7 2 12 5 9 7 -4 -1 2 8 
3 10 8 -8 -6 -7 9 7 4 -6 2 12 -4 -6 8 -6 2 9 3 8 
-3 9 3 2 8 5 2 12 7 5 6 2 0 8 11 -3 7 -9 9 12 
9 -2 -3 7 1 2 -4 5 9 12 6 3 4 1 9 -5 -6 10 1 4 
-9 -1 9 4 -5 -9 1 -3 11 -1 11 1 11 10 2 8 5 11 2 6 
-7 -2 10 -3 -1 -7 -4 2 1 3 8 7 2 -3 8 5 -2 -1 5 5 
-6 9 8 -11 3 10 -3 2 -8 1 -9 4 8 12 11 -3 11 8 8 -4 
0 11 4 3 1 12 2 5 11 10 12 -6 -2 4 7 11 -10 -9 12 -5 
1 5 -12 -5 5 12 6 7 12 12 3 8 3 -6 3 8 10 0 4 -3 
10 -3 -6 7 3 -11 8 -12 10 6 7 9 8 9 8 3 6 0 3 11 
45
3
12 11
17 10
3 11
7 8
2 9
16 8
16
13 8 11
10 2 13
17 12 12
17 3 11
3 14 9
18 15 16
3 17 14
7 16 14
6 11 11
9 17 13
2 7 12
2 16 11
16 5 9
1 4 16
16 2 14
12 3 14
26
1 15
5 7
4 7
2 6
15 6
3 12
1 2
18 3
4 16
16 13
14 19
0 1
9 4
18 4
14 12
15 12
17 13
4 13
16 7
18 17
1 16
15 3
3 6
5 0
19 18
10 15
