20 20
0 10 7 8 6 9 6 -8 -13 7 4 3 -8 6 -12 5 -2 7 4 6 
2 0 7 4 2 -13 2 5 0 12 8 13 9 0 6 6 -10 7 1 9 
-3 9 4 9 7 4 7 -12 -12 8 -6 13 14 9 14 1 14 7 8 6 
13 6 1 12 8 4 -10 -4 9 6 -5 5 2 -10 1 8 -8 9 7 6 
-14 6 2 -14 13 4 13 9 13 7 4 5 11 -5 0 9 4 12 7 8 
-5 1 14 2 1 7 -1 11 -8 1 6 -6 1 2 14 12 0 -14 -9 8 
4 12 5 6 -6 10 2 14 7 8 4 13 11 -1 13 -1 -14 14 4 3 
12 -13 6 9 -8 9 4 9 14 -5 6 12 10 10 -2 10 6 -4 -9 -10 
-12 -1 5 -4 5 1 3 8 3 12 1 5 -14 7 2 5 14 8 7 2 
2 6 5 -9 13 2 10 11 10 2 -4 -2 2 14 4 9 -5 -12 2 7 
7 2 -12 -5 9 4 14 2 -2 -4 2 10 11 10 2 13 -9 5 6 2 
2 7 8 14 5 2 7 -14 5 1 12 3 8 3 1 5 -4 5 -1 -12 
-10 -9 -4 6 10 -2 10 10 12 6 -5 14 9 4 9 -8 9 6 -13 12 
3 4 14 -14 -1 13 -1 11 13 4 8 7 14 2 10 -6 6 5 12 4 
8 -9 -14 0 12 14 2 1 -6 6 1 -8 11 -1 7 1 2 14 1 -5 
8 7 12 4 9 0 -5 11 5 4 7 13 9 13 4 13 -14 2 6 -14 
6 7 9 -8 8 1 -10 2 5 -5 6 9 -4 -10 4 8 12 1 6 13 
6 8 7 14 1 14 9 14 13 -6 8 -12 -12 7 4 7 9 4 9 -3 
9 1 7 -10 6 6 0 9 13 8 12 0 5 2 -13 2 4 7 0 2 
6 4 7 -2 5 -12 6 -8 3 4 7 -13 -8 6 9 6 8 7 10 0 
37
6
6 11
7 12
6 12
12 10
4 10
2 3
13 8
12 7
13 7
7 9
15 9
17 16
8
19 17 9
8 3 9
19 10 12
8 1 12
0 2 9
11 16 9
0 9 12
11 18 12
30
16 4
3 0
2 10
8 9
14 11
17 18
5 0
8 18
16 0
6 2
18 15
13 14
5 13
0 7
12 6
3 15
16 19
17 9
11 10
5 8
2 1
14 19
11 1
3 19
13 17
1 4
6 5
14 6
19 12
7 13
