20 20
12 1 4 -24 12 7 -3 -27 18 16 21 -6 12 -21 -23 3 12 -28 -25 12 
-11 -8 12 27 16 -15 8 17 27 18 1 -22 16 1 7 16 30 3 18 21 
6 -25 26 27 6 -2 13 11 1 28 26 15 8 12 22 28 -11 17 26 15 
10 21 12 22 6 21 24 -6 0 3 -8 26 7 12 24 27 9 18 -15 30 
-25 23 -21 -17 19 17 -14 22 19 11 8 7 23 15 1 9 28 4 27 16 
-9 10 23 0 -30 18 21 -1 9 8 -5 -26 -11 23 19 24 29 -29 20 -2 
14 -15 3 9 -16 -24 0 -23 5 -12 3 13 -8 9 6 1 -29 3 28 -6 
24 25 6 22 14 12 28 9 25 25 -7 18 -8 -19 9 -23 5 26 3 -12 
12 1 17 -28 -13 16 17 3 -28 19 28 6 -15 12 9 10 21 -12 19 1 
24 11 26 10 16 24 30 -8 -13 6 11 -2 12 27 25 -20 7 1 -8 -6 
-6 -8 1 7 -20 25 27 12 -2 11 6 -13 -8 30 24 16 10 26 11 24 
1 19 -12 21 10 9 12 -15 6 28 19 -28 3 17 16 -13 -28 17 1 12 
-12 3 26 5 -23 9 -19 -8 18 -7 25 25 9 28 12 14 22 6 25 24 
-6 28 3 -29 1 6 9 -8 13 3 -12 5 -23 0 -24 -16 9 3 -15 14 
-2 20 -29 29 24 19 23 -11 -26 -5 8 9 -1 21 18 -30 0 23 10 -9 
16 27 4 28 9 1 15 23 7 8 11 19 22 -14 17 19 -17 -21 23 -25 
30 -15 18 9 27 24 12 7 26 -8 3 0 -6 24 21 6 22 12 21 10 
15 26 17 -11 28 22 12 8 15 26 28 1 11 13 -2 6 27 26 -25 6 
21 18 3 30 16 7 1 16 -22 1 18 27 17 8 -15 16 27 12 -8 -11 
12 -25 -28 12 3 -23 -21 12 -6 21 16 18 -27 -3 7 12 -24 4 1 12 
50
8
13 16
8 17
7 10
11 12
19 5
17 7
4 13
18 3
6 3
11 2
12 9
8 7
0 14
2 12
15 6
1 16
10
1 17 8
13 4 14
15 2 16
8 15 16
15 10 13
18 2 8
6 15 14
4 17 16
11 4 16
4 9 13
40
17 9
12 16
5 14
0 3
7 14
12 13
8 10
11 10
10 19
1 14
1 13
6 12
6 14
13 15
2 15
13 3
10 8
19 3
11 14
8 1
2 10
7 3
14 5
19 16
12 5
7 6
11 9
8 9
9 0
18 5
18 6
13 7
13 5
6 4
17 4
6 16
9 11
0 16
8 5
11 18
