20 20
6 0 -7 4 -3 1 3 4 6 3 4 2 -1 -1 -1 -7 2 -7 -7 8 
-4 0 -7 -2 -6 -4 6 -2 6 -4 -8 6 -5 5 2 3 8 -8 -8 -4 
5 -1 6 7 1 4 0 0 3 4 -5 6 8 2 2 1 8 -4 5 2 
-6 3 3 6 -2 1 2 5 4 -1 2 7 7 4 -1 1 -1 1 8 4 
8 -6 1 1 -2 7 4 4 -3 1 8 -3 6 1 3 0 -8 -3 5 -3 
1 7 -7 1 6 1 -5 4 -7 0 4 0 3 -6 2 -6 8 -2 1 6 
8 8 4 5 8 6 4 2 2 -4 7 -3 -2 5 -6 3 8 -2 5 3 
6 3 -6 -3 7 1 6 6 4 6 3 4 4 8 5 2 1 -7 -5 0 
-4 0 8 -1 1 3 2 6 5 4 6 5 0 5 -2 0 3 8 8 1 
-3 0 -6 -7 5 1 -6 -5 3 3 3 6 4 8 -7 8 7 5 -6 7 
7 -6 5 7 8 -7 8 4 6 3 3 3 -5 -6 1 5 -7 -6 0 -3 
1 8 8 3 0 -2 5 0 5 6 4 5 6 2 3 1 -1 8 0 -4 
0 -5 -7 1 2 5 8 4 4 3 6 4 6 6 1 7 -3 -6 3 6 
3 5 -2 8 3 -6 5 -2 -3 7 -4 2 2 4 6 8 5 4 8 8 
6 1 -2 8 -6 2 -6 3 0 4 0 -7 4 -5 1 6 1 -7 7 1 
-3 5 -3 -8 0 3 1 6 -3 8 1 -3 4 4 7 -2 1 1 -6 8 
4 8 1 -1 1 -1 4 7 7 2 -1 4 5 2 1 -2 6 3 3 -6 
2 5 -4 8 1 2 2 8 6 -5 4 3 0 0 4 1 7 6 -1 5 
-4 -8 -8 8 3 2 5 -5 6 -8 -4 6 -2 6 -4 -6 -2 -7 0 -4 
8 -7 -7 2 -7 -1 -1 -1 2 4 3 6 4 3 1 -3 4 -7 0 6 
31
7
15 3
10 19
17 3
0 10
17 4
16 19
16 7
4 16
9 0
2 16
19 9
2 15
3 0
3 12
20
8 19 15
8 14 14
5 6 10
14 0 13
4 6 9
10 16 12
9 13 9
15 1 15
19 7 11
6 15 9
11 0 15
11 5 14
14 13 10
5 19 13
15 13 9
9 3 12
10 6 9
4 18 15
0 12 11
13 4 9
34
18 10
7 8
15 6
8 9
3 2
0 13
17 2
6 1
6 16
5 7
19 14
1 12
14 11
11 8
9 11
14 9
13 9
1 9
12 11
4 13
11 10
16 17
19 6
2 17
13 18
13 3
14 12
0 5
18 7
5 8
8 11
10 8
5 10
6 10
