20 20
1 18 11 0 20 8 20 -7 19 20 -14 3 -5 7 -4 13 2 -6 5 17 
-18 8 12 2 15 5 9 8 -8 20 -16 19 -11 16 1 -17 19 5 -13 1 
-3 9 -12 14 11 -11 18 -4 16 9 21 3 7 17 -6 1 -16 -2 -21 10 
-1 -13 18 11 4 0 9 -20 16 20 -6 12 19 9 -13 13 -13 2 6 14 
12 5 5 -3 11 -21 1 -3 -3 -2 -16 17 18 0 -13 -9 20 8 5 -4 
-7 11 -13 -6 4 7 -21 18 19 3 6 13 -5 5 -2 14 2 4 11 12 
19 -15 7 -10 -1 14 14 3 -17 12 -12 -18 8 -14 6 -10 17 -20 8 9 
7 -12 5 16 -4 18 -4 14 -1 9 5 -12 7 2 19 4 -4 3 11 -11 
18 8 11 0 4 -9 15 2 5 -15 -13 17 -12 21 20 14 -20 12 -8 16 
11 14 1 20 3 -6 -2 -9 14 17 9 3 4 1 18 16 -10 13 5 15 
15 5 13 -10 16 18 1 4 3 9 17 14 -9 -2 -6 3 20 1 14 11 
16 -8 12 -20 14 20 21 -12 17 -13 -15 5 2 15 -9 4 0 11 8 18 
-11 11 3 -4 4 19 2 7 -12 5 9 -1 14 -4 18 -4 16 5 -12 7 
9 8 -20 17 -10 6 -14 8 -18 -12 12 -17 3 14 14 -1 -10 7 -15 19 
12 11 4 2 14 -2 5 -5 13 6 3 19 18 -21 7 4 -6 -13 11 -7 
-4 5 8 20 -9 -13 0 18 17 -16 -2 -3 -3 1 -21 11 -3 5 5 12 
14 6 2 -13 13 -13 9 19 12 -6 20 16 -20 9 0 4 11 18 -13 -1 
10 -21 -2 -16 1 -6 17 7 3 21 9 16 -4 18 -11 11 14 -12 9 -3 
1 -13 5 19 -17 1 16 -11 19 -16 20 -8 8 9 5 15 2 12 8 -18 
17 5 -6 2 13 -4 7 -5 3 -14 20 19 -7 20 8 20 0 11 18 1 
49
7
15 7
3 15
11 14
14 11
11 6
12 1
5 0
4 12
16 4
8 5
5 8
8 13
7 18
14 19
8
18 5 8
15 17 13
1 10 12
8 6 15
1 14 8
4 2 13
18 9 12
11 13 15
32
11 4
16 12
3 2
5 13
17 3
8 0
9 3
10 1
4 1
14 18
16 13
2 17
11 2
2 8
11 9
13 11
8 15
3 7
16 17
14 6
2 16
11 19
10 16
9 18
15 18
5 1
3 6
17 2
8 17
17 11
8 10
6 8
