20 20
-5 -6 -1 -8 3 10 1 -6 8 13 14 6 6 4 2 12 -14 -5 14 12 
-13 10 -3 11 8 5 4 11 -4 8 7 7 13 5 3 -8 11 0 6 -4 
14 13 -11 12 -3 -3 10 11 11 9 1 -11 10 14 0 10 6 10 -12 1 
0 5 1 -7 11 12 12 6 6 11 10 5 6 5 11 13 14 8 -9 8 
12 3 8 13 4 10 4 7 5 7 -3 7 2 -12 13 10 3 6 5 -1 
8 1 -8 7 -13 10 12 4 13 13 5 4 7 0 9 7 1 11 12 13 
10 13 9 1 13 2 11 13 12 9 2 11 2 -1 9 9 13 6 -1 5 
-9 -3 -11 13 11 12 -10 -9 -7 6 12 12 14 11 13 12 3 1 13 -13 
0 14 10 13 9 -5 6 14 12 4 8 -12 8 14 -5 7 5 -8 6 -6 
6 13 8 9 7 13 13 7 4 4 9 1 2 2 10 6 12 -9 13 13 
13 13 -9 12 6 10 2 2 1 9 4 4 7 13 13 7 9 8 13 6 
-6 6 -8 5 7 -5 14 8 -12 8 4 12 14 6 -5 9 13 10 14 0 
-13 13 1 3 12 13 11 14 12 12 6 -7 -9 -10 12 11 13 -11 -3 -9 
5 -1 6 13 9 9 -1 2 11 2 9 12 13 11 2 13 1 9 13 10 
13 12 11 1 7 9 0 7 4 5 13 13 4 12 10 -13 7 -8 1 8 
-1 5 6 3 10 13 -12 2 7 -3 7 5 7 4 10 4 13 8 3 12 
8 -9 8 14 13 11 5 6 5 10 11 6 6 12 12 11 -7 1 5 0 
1 -12 10 6 10 0 14 10 -11 1 9 11 11 10 -3 -3 12 -11 13 14 
-4 6 0 11 -8 3 5 13 7 7 8 -4 11 4 5 8 11 -3 10 -13 
12 14 -5 -14 12 2 4 6 6 14 13 8 -6 1 10 3 -8 -1 -6 -5 
44
7
10 3
1 16
1 9
17 0
1 6
19 0
17 10
9 16
18 3
18 10
2 19
18 13
0 19
2 9
10
14 0 14
6 15 16
16 15 12
8 14 8
0 14 15
5 19 14
13 4 16
3 4 12
11 5 8
19 5 15
38
17 1
9 4
19 1
18 2
13 9
6 16
1 11
14 9
17 4
10 17
16 11
5 16
19 6
10 1
7 17
2 6
2 8
7 1
4 9
2 18
10 15
0 18
1 17
6 10
13 3
18 8
5 10
2 15
9 2
3 8
14 3
0 13
9 18
12 2
17 13
17 11
12 18
15 10
