20 20
19 -8 6 -8 6 -27 26 2 15 19 15 22 1 -1 29 21 0 -8 14 13 
19 14 19 -12 11 7 -22 15 25 -7 4 5 -2 11 21 13 -27 -6 28 27 
-26 10 19 28 4 3 -24 -16 10 7 25 12 -10 -12 20 3 7 14 21 14 
12 15 17 1 -25 9 26 -11 1 -29 29 -4 25 26 17 6 11 5 21 9 
22 17 -23 29 7 -21 -2 10 7 26 -29 -2 26 -15 6 11 29 0 6 -16 
23 19 11 19 22 14 8 29 10 -28 28 30 27 4 22 -3 -2 2 16 22 
7 1 3 22 -12 12 -15 21 21 -4 30 3 19 8 19 24 26 28 23 30 
19 -1 6 7 -3 3 0 14 6 15 1 8 -23 3 5 1 29 -10 30 0 
18 -17 21 27 9 12 2 17 26 2 -13 21 1 0 4 23 8 30 19 -6 
16 -11 7 30 -6 8 26 9 2 -26 25 -3 18 11 7 13 28 6 -5 4 
4 -5 6 28 13 7 11 18 -3 25 -26 2 9 26 8 -6 30 7 -11 16 
-6 19 30 8 23 4 0 1 21 -13 2 26 17 2 12 9 27 21 -17 18 
0 30 -10 29 1 5 3 -23 8 1 15 6 14 0 3 -3 7 6 -1 19 
30 23 28 26 24 19 8 19 3 30 -4 21 21 -15 12 -12 22 3 1 7 
22 16 2 -2 -3 22 4 27 30 28 -28 10 29 8 14 22 19 11 19 23 
-16 6 0 29 11 6 -15 26 -2 -29 26 7 10 -2 -21 7 29 -23 17 22 
9 21 5 11 6 17 26 25 -4 29 -29 1 -11 26 9 -25 1 17 15 12 
14 21 14 7 3 20 -12 -10 12 25 7 10 -16 -24 3 4 28 19 10 -26 
27 28 -6 -27 13 21 11 -2 5 4 -7 25 15 -22 7 11 -12 19 14 19 
13 14 -8 0 21 29 -1 1 22 15 19 15 2 26 -27 6 -8 6 -8 19 
45
4
15 9
0 9
11 6
12 5
4 10
19 10
8 13
7 14
18
0 8 12
18 9 9
5 19 14
3 18 9
19 1 16
1 6 14
3 6 8
11 17 11
5 11 12
19 11 12
1 10 9
14 0 14
16 1 9
0 18 16
18 13 14
16 13 8
8 2 11
14 8 12
32
5 3
11 19
1 5
9 15
7 10
6 3
15 4
13 6
1 0
3 13
12 17
8 14
11 4
1 16
19 17
15 12
14 16
8 0
18 14
10 4
12 9
13 16
4 15
6 13
18 19
16 6
7 2
11 5
8 15
18 3
0 2
4 7
