20 20
2 -1 1 -2 5 2 0 -1 1 1 0 -5 2 1 3 -2 2 -2 4 4 
5 1 4 -2 5 5 -5 -3 -3 5 -5 3 -4 3 1 5 5 4 4 4 
2 2 1 0 -4 0 3 5 2 3 5 4 1 1 4 1 -2 -5 4 4 
4 3 1 1 -5 3 5 5 4 3 3 2 -5 5 4 -5 -1 2 3 4 
3 0 2 -3 1 5 -1 5 2 4 3 3 -3 2 1 -3 5 3 5 -3 
4 4 5 0 -2 1 3 -5 5 -4 -1 1 4 5 1 -1 -5 5 0 -5 
2 0 4 5 4 0 -2 5 5 5 4 0 2 -2 -4 -5 5 1 -1 1 
1 -3 3 1 5 -5 4 -4 -1 2 0 -4 1 0 5 5 2 -3 1 -4 
1 -4 -5 2 5 3 2 1 -1 4 4 5 4 -1 5 3 3 0 1 0 
4 -2 3 2 5 5 4 5 5 2 -4 4 4 5 2 5 -5 0 -5 0 
0 -5 0 -5 5 2 5 4 4 -4 2 5 5 4 5 5 2 3 -2 4 
0 1 0 3 3 5 -1 4 5 4 4 -1 1 2 3 5 2 -5 -4 1 
-4 1 -3 2 5 5 0 1 -4 0 2 -1 -4 4 -5 5 1 3 -3 1 
1 -1 1 5 -5 -4 -2 2 0 4 5 5 5 -2 0 4 5 4 0 2 
-5 0 5 -5 -1 1 5 4 1 -1 -4 5 -5 3 1 -2 0 5 4 4 
-3 5 3 5 -3 1 2 -3 3 3 4 2 5 -1 5 1 -3 2 0 3 
4 3 2 -1 -5 4 5 -5 2 3 3 4 5 5 3 -5 1 1 3 4 
4 4 -5 -2 1 4 1 1 4 5 3 2 5 3 0 -4 0 1 2 2 
4 4 4 5 5 1 3 -4 3 -5 5 -3 -3 -5 5 5 -2 4 1 5 
4 4 -2 2 -2 3 1 2 -5 0 1 1 -1 0 2 5 -2 1 -1 2 
39
5
7 10
13 18
14 8
0 19
10 9
12 9
6 1
5 11
19 0
9 10
12
13 15 12
10 18 13
15 7 12
0 2 11
9 4 8
7 9 13
6 4 12
9 1 13
4 12 12
19 17 11
10 15 8
12 10 13
38
9 14
0 9
5 16
17 7
3 8
15 11
8 5
3 7
11 18
2 5
0 14
8 4
17 4
12 15
5 18
7 5
14 13
0 4
13 19
10 5
19 10
14 3
2 12
16 11
4 8
11 14
16 12
8 1
17 14
19 5
11 15
2 15
7 4
14 1
12 14
5 6
19 15
6 0
