20 20
-5 -7 9 -7 8 -10 5 1 4 3 -3 6 8 -6 5 -7 -8 5 3 6 
-12 -3 -5 2 1 -8 4 6 11 0 6 11 3 9 4 3 -11 8 2 8 
-12 -11 2 10 6 9 5 6 0 3 7 1 -12 4 3 4 4 0 7 -10 
1 8 9 9 11 10 2 5 7 -4 2 9 7 -10 -11 -4 0 10 8 9 
-3 -7 1 10 9 0 2 8 7 -4 7 -3 0 12 1 11 10 12 6 1 
-10 9 12 7 2 -7 9 9 12 7 -10 10 5 4 8 11 8 2 12 9 
11 -1 0 9 8 -11 -9 -9 -7 -4 7 7 2 0 10 2 -11 -1 12 3 
-8 -2 5 11 -11 1 -2 3 10 -7 4 2 6 -6 9 10 -12 10 12 4 
3 11 6 -3 -4 4 -7 11 1 2 2 -6 -11 11 8 -11 10 0 3 8 
7 7 10 7 -2 0 1 5 2 7 -11 5 8 2 12 9 2 7 3 -6 
-6 3 7 2 9 12 2 8 5 -11 7 2 5 1 0 -2 7 10 7 7 
8 3 0 10 -11 8 11 -11 -6 2 2 1 11 -7 4 -4 -3 6 11 3 
4 12 10 -12 10 9 -6 6 2 4 -7 10 3 -2 1 -11 11 5 -2 -8 
3 12 -1 -11 2 10 0 2 7 7 -4 -7 -9 -9 -11 8 9 0 -1 11 
9 12 2 8 11 8 4 5 10 -10 7 12 9 9 -7 2 7 12 9 -10 
1 6 12 10 11 1 12 0 -3 7 -4 7 8 2 0 9 10 1 -7 -3 
9 8 10 0 -4 -11 -10 7 9 2 -4 7 5 2 10 11 9 9 8 1 
-10 7 0 4 4 3 4 -12 1 7 3 0 6 5 9 6 10 2 -11 -12 
8 2 8 -11 3 4 9 3 11 6 0 11 6 4 -8 1 2 -5 -3 -12 
6 3 5 -8 -7 5 -6 8 6 -3 3 4 1 5 -10 8 -7 9 -7 -5 
47
2
7 4
16 2
12 15
3 17
18
14 8 8
18 5 12
11 1 8
4 16 12
0 19 11
8 17 8
13 10 15
19 13 15
3 15 14
5 11 8
1 14 12
8 18 8
15 3 12
19 0 11
11 2 8
6 9 15
0 6 15
16 4 14
32
18 13
18 19
0 12
14 10
12 16
4 17
17 18
11 6
6 10
5 13
2 15
14 13
8 0
19 10
2 11
12 7
1 6
1 0
19 7
5 9
7 3
15 2
2 1
8 13
13 9
14 6
17 4
5 6
11 19
0 9
17 8
7 12
