20 20
11 -7 9 10 1 18 3 16 19 19 -13 -11 11 17 12 8 13 8 5 19 
-17 19 17 10 9 15 -19 16 9 -4 -17 18 2 14 18 19 -16 -3 -2 11 
9 4 -2 17 7 15 11 -15 3 9 8 18 -4 17 7 2 15 -7 8 18 
11 4 16 12 6 -4 -9 -4 -13 17 9 18 6 7 -12 15 -10 5 0 14 
17 12 9 10 -13 9 3 11 15 15 -11 8 12 15 1 -8 14 5 7 11 
2 0 11 6 15 -3 5 -9 4 8 16 0 -10 18 8 3 11 3 13 13 
2 15 10 11 14 -10 10 19 12 19 12 12 -1 17 1 -12 12 -19 16 3 
9 8 19 8 -16 2 5 18 5 12 11 13 3 8 8 13 19 -3 6 9 
9 4 -7 1 6 5 19 -2 19 14 15 1 8 6 19 16 5 18 5 6 
4 14 -7 4 18 5 -6 8 0 13 -16 -6 -10 17 0 10 -13 16 -5 -9 
-9 -5 16 -13 10 0 17 -10 -6 -16 13 0 8 -6 5 18 4 -7 14 4 
6 5 18 5 16 19 6 8 1 15 14 19 -2 19 5 6 1 -7 4 9 
9 6 -3 19 13 8 8 3 13 11 12 5 18 5 2 -16 8 19 8 9 
3 16 -19 12 -12 1 17 -1 12 12 19 12 19 10 -10 14 11 10 15 2 
13 13 3 11 3 8 18 -10 0 16 8 4 -9 5 -3 15 6 11 0 2 
11 7 5 14 -8 1 15 12 8 -11 15 15 11 3 9 -13 10 9 12 17 
14 0 5 -10 15 -12 7 6 18 9 17 -13 -4 -9 -4 6 12 16 4 11 
18 8 -7 15 2 7 17 -4 18 8 9 3 -15 11 15 7 17 -2 4 9 
11 -2 -3 -16 19 18 14 2 18 -17 -4 9 16 -19 15 9 10 17 19 -17 
19 5 8 13 8 12 17 11 -11 -13 19 19 16 3 18 1 10 9 -7 11 
33
5
19 5
3 12
4 9
11 19
9 11
0 14
16 7
15 10
8 0
10 8
18
0 11 15
11 15 14
1 15 8
2 10 16
1 11 10
0 15 13
7 5 14
7 18 11
14 6 14
19 8 15
8 4 14
18 4 8
17 9 16
18 8 10
19 4 13
12 14 14
12 1 11
5 13 14
36
18 12
2 12
17 18
13 0
1 5
10 12
10 5
4 16
15 4
4 10
4 14
3 16
13 9
19 14
19 9
10 18
3 7
18 5
1 7
17 7
2 1
6 19
18 14
9 7
9 14
15 3
4 15
15 9
15 5
16 3
6 10
0 5
0 10
9 1
16 12
1 14
