20 20
1 0 10 8 0 4 6 9 7 17 1 15 -2 8 4 -15 -9 12 -10 9 
-10 2 11 13 2 7 8 8 4 6 2 -3 7 -4 10 -14 7 9 14 16 
-1 14 6 12 12 1 -13 12 -1 12 9 -11 5 -8 14 13 11 12 11 8 
7 12 4 12 15 14 10 16 3 3 1 -4 15 -8 7 17 -5 4 8 7 
3 5 9 8 -8 5 1 16 3 11 1 12 15 6 16 6 13 1 4 2 
13 15 0 -10 3 17 -9 10 5 -1 12 -2 7 -16 15 2 17 6 -17 8 
6 -9 11 14 4 17 -6 2 4 14 16 11 17 13 4 11 9 0 0 11 
13 14 16 10 4 1 0 7 -12 13 -6 -17 2 0 15 4 8 3 -7 14 
11 12 7 -1 10 3 -11 2 16 11 13 -11 6 14 5 -10 11 12 15 13 
1 2 15 4 12 8 9 14 0 14 4 15 -6 11 13 11 -2 6 -1 4 
4 -1 6 -2 11 13 11 -6 15 4 14 0 14 9 8 12 4 15 2 1 
13 15 12 11 -10 5 14 6 -11 13 11 16 2 -11 3 10 -1 7 12 11 
14 -7 3 8 4 15 0 2 -17 -6 13 -12 7 0 1 4 10 16 14 13 
11 0 0 9 11 4 13 17 11 16 14 4 2 -6 17 4 14 11 -9 6 
8 -17 6 17 2 15 -16 7 -2 12 -1 5 10 -9 17 3 -10 0 15 13 
2 4 1 13 6 16 6 15 12 1 11 3 16 1 5 -8 8 9 5 3 
7 8 4 -5 17 7 -8 15 -4 1 3 3 16 10 14 15 12 4 12 7 
8 11 12 11 13 14 -8 5 -11 9 12 -1 12 -13 1 12 12 6 14 -1 
16 14 9 7 -14 10 -4 7 -3 2 6 4 8 8 7 2 13 11 2 -10 
9 -10 12 -9 -15 4 8 -2 15 1 17 7 9 6 4 0 8 10 0 1 
54
7
10 17
19 5
10 11
8 11
5 15
16 8
6 19
9 2
0 14
9 8
11 8
14 4
3 11
13 0
20
17 11 16
8 14 8
13 7 12
19 9 8
18 7 15
4 15 14
17 18 16
15 18 15
12 18 12
8 9 9
2 8 16
11 5 8
6 12 12
0 10 8
1 12 15
15 4 14
2 1 16
4 1 15
7 1 12
11 10 9
30
1 9
0 9
11 18
6 11
15 1
18 2
13 12
10 9
4 12
13 11
6 9
13 16
18 14
3 16
16 10
18 10
19 10
8 1
13 8
4 18
1 17
6 7
9 10
15 7
6 8
13 10
6 3
1 5
16 3
3 9
