20 20
1 5 3 5 3 -5 -2 2 4 1 5 4 2 0 5 1 -3 1 5 -3 
1 2 -4 3 1 0 4 1 3 1 3 1 1 -5 -2 2 3 1 2 5 
1 5 -1 -5 2 3 1 1 -5 5 3 -3 3 4 3 3 5 3 2 -4 
4 4 5 -4 4 5 4 1 0 -2 5 -3 -3 -5 0 3 2 2 -5 1 
-4 4 5 2 3 -2 3 -3 1 1 0 -3 4 2 -4 1 1 3 4 5 
0 1 1 1 3 1 1 3 2 3 1 -5 1 1 4 4 1 2 -4 0 
2 3 3 -5 3 5 -5 2 5 -1 0 -3 2 3 2 0 2 2 5 5 
5 1 1 1 -4 -1 2 5 -2 5 -4 2 4 3 2 0 5 2 1 -2 
3 0 3 1 5 -2 1 -1 3 4 -5 2 3 4 2 -5 2 5 -4 4 
0 4 1 4 3 -5 5 -4 3 2 2 1 3 1 -1 4 0 1 -4 3 
3 -4 1 0 4 -1 1 3 1 2 2 3 -4 5 -5 3 4 1 4 0 
4 -4 5 2 -5 2 4 3 2 -5 4 3 -1 1 -2 5 1 3 0 3 
-2 1 2 5 0 2 3 4 2 -4 5 -2 5 2 -1 -4 1 1 1 5 
5 5 2 2 0 2 3 2 -3 0 -1 5 2 -5 5 3 -5 3 3 2 
0 -4 2 1 4 4 1 1 -5 1 3 2 3 1 1 3 1 1 1 0 
5 4 3 1 1 -4 2 4 -3 0 1 1 -3 3 -2 3 2 5 4 -4 
1 -5 2 2 3 0 -5 -3 -3 5 -2 0 1 4 5 4 -4 5 4 4 
-4 2 3 5 3 3 4 3 -3 3 5 -5 1 1 3 2 -5 -1 5 1 
5 2 1 3 2 -2 -5 1 1 3 1 3 1 4 0 1 3 -4 2 1 
-3 5 1 -3 1 5 0 2 4 5 1 4 2 -2 -5 3 5 3 5 1 
40
7
16 11
9 6
19 10
18 10
10 12
11 18
7 0
3 8
10 13
0 9
1 9
9 7
8 1
12 19
6
12 15 16
11 7 13
12 11 9
7 4 16
8 12 13
7 8 9
26
1 19
15 10
13 11
9 10
9 14
4 6
8 14
1 13
13 10
4 10
9 8
1 6
2 15
18 0
4 9
6 8
10 9
10 5
15 13
11 5
18 6
6 9
15 9
10 11
18 13
17 4
