20 20
22 9 -15 23 7 17 -8 -19 8 9 -14 8 17 -23 19 -15 9 3 23 1 
11 14 16 6 -15 13 16 19 6 8 23 6 9 13 22 14 -19 10 11 1 
20 14 9 11 23 0 9 4 1 -15 19 4 -7 1 21 11 -16 -10 23 20 
15 0 0 2 8 17 9 -5 1 11 10 10 5 -14 11 0 15 -2 -8 -15 
-23 -3 14 21 15 8 3 14 21 -21 18 16 21 4 10 6 -23 11 23 -16 
-9 16 19 3 13 13 8 6 22 21 8 -7 6 13 18 1 -21 -10 20 7 
17 11 13 -19 19 13 23 19 8 -22 -10 23 17 -3 22 11 18 3 16 17 
-15 8 22 20 15 19 -23 -2 -12 -23 -15 13 -17 2 22 10 4 21 23 -11 
-5 -9 23 21 5 6 12 -17 -16 11 23 -1 23 6 23 15 0 21 -10 -15 
14 16 -12 10 18 9 15 -5 11 10 6 -15 11 5 -9 2 14 22 -22 -3 
-3 -22 22 14 2 -9 5 11 -15 6 10 11 -5 15 9 18 10 -12 16 14 
-15 -10 21 0 15 23 6 23 -1 23 11 -16 -17 12 6 5 21 23 -9 -5 
-11 23 21 4 10 22 2 -17 13 -15 -23 -12 -2 -23 19 15 20 22 8 -15 
17 16 3 18 11 22 -3 17 23 -10 -22 8 19 23 13 19 -19 13 11 17 
7 20 -10 -21 1 18 13 6 -7 8 21 22 6 8 13 13 3 19 16 -9 
-16 23 11 -23 6 10 4 21 16 18 -21 21 14 3 8 15 21 14 -3 -23 
-15 -8 -2 15 0 11 -14 5 10 10 11 1 -5 9 17 8 2 0 0 15 
20 23 -10 -16 11 21 1 -7 4 19 -15 1 4 9 0 23 11 9 14 20 
1 11 10 -19 14 22 13 9 6 23 8 6 19 16 13 -15 6 16 14 11 
1 23 3 9 -15 19 -23 17 8 -14 9 8 -19 -8 17 7 23 -15 9 22 
33
2
17 1
5 2
2 18
14 17
6
8 18 10
16 0 10
2 16 13
11 1 10
3 19 10
17 3 13
34
6 10
3 8
7 15
8 16
18 9
3 18
18 13
8 13
18 11
19 10
19 5
4 19
9 11
3 9
17 19
11 13
10 7
13 9
16 11
12 4
11 3
1 10
16 1
1 6
11 6
1 8
0 9
0 14
15 0
10 8
16 10
2 0
8 6
9 12
