20 20
18 -15 6 -7 24 -2 9 -24 -3 20 -5 26 -21 25 -21 5 14 -26 -7 26 
23 -7 21 -4 1 15 3 7 18 18 15 22 -15 19 13 -27 14 17 -13 23 
20 27 23 24 21 14 -11 1 -7 26 13 -16 3 16 13 -26 15 8 -3 1 
2 24 16 9 2 22 17 9 25 9 -13 20 24 20 -12 -12 11 0 17 6 
6 25 -23 1 3 -17 11 7 -22 24 13 1 20 21 18 -15 -2 4 -15 -19 
14 26 17 23 16 24 21 2 -27 -22 17 15 8 9 25 8 3 -21 21 1 
-4 2 1 5 19 1 -8 0 -23 8 -19 18 11 14 18 26 27 7 17 20 
20 -8 26 1 -8 21 18 12 1 -13 15 27 -20 -22 15 -1 -11 20 15 21 
7 6 18 7 13 17 21 -21 -6 6 19 18 1 -16 3 24 22 17 9 1 
-10 -22 11 -18 1 15 24 15 0 23 8 25 -13 9 8 19 21 -2 -17 -25 
-25 -17 -2 21 19 8 9 -13 25 8 23 0 15 24 15 1 -18 11 -22 -10 
1 9 17 22 24 3 -16 1 18 19 6 -6 -21 21 17 13 7 18 6 7 
21 15 20 -11 -1 15 -22 -20 27 15 -13 1 12 18 21 -8 1 26 -8 20 
20 17 7 27 26 18 14 11 18 -19 8 -23 0 -8 1 19 5 1 2 -4 
1 21 -21 3 8 25 9 8 15 17 -22 -27 2 21 24 16 23 17 26 14 
-19 -15 4 -2 -15 18 21 20 1 13 24 -22 7 11 -17 3 1 -23 25 6 
6 17 0 11 -12 -12 20 24 20 -13 9 25 9 17 22 2 9 16 24 2 
1 -3 8 15 -26 13 16 3 -16 13 26 -7 1 -11 14 21 24 23 27 20 
23 -13 17 14 -27 13 19 -15 22 15 18 18 7 3 15 1 -4 21 -7 23 
26 -7 -26 14 5 -21 25 -21 26 -5 20 -3 -24 9 -2 24 -7 6 -15 18 
41
5
14 9
18 14
5 6
10 16
4 6
5 10
1 5
14 13
9 3
15 13
20
7 1 16
10 14 10
8 2 9
10 6 16
15 0 16
14 15 16
11 19 13
9 1 14
7 11 13
8 17 11
12 18 16
9 5 10
11 17 9
9 13 16
4 19 16
5 4 16
8 0 13
10 18 14
12 8 13
11 2 11
26
1 16
11 8
6 17
1 17
17 9
10 1
2 8
0 8
8 4
13 5
10 0
4 15
5 8
18 3
8 11
13 2
18 2
2 10
9 18
17 11
19 11
11 15
6 14
9 19
15 4
14 11
