20 20
18 -15 12 -7 6 19 5 0 2 15 -1 18 -4 4 3 0 -1 16 -11 13 
13 14 18 -18 16 12 17 9 12 2 12 18 1 5 3 17 17 18 12 8 
-16 19 15 7 1 11 16 15 19 -8 12 11 13 18 -11 7 -9 5 7 7 
17 12 8 0 13 14 4 13 -15 17 19 0 11 5 15 3 -5 7 -12 4 
-9 -11 17 1 16 14 7 8 1 9 4 12 17 15 -16 15 9 7 9 -14 
0 16 -7 0 -15 14 12 7 -15 18 -5 6 -15 8 3 3 15 -15 13 7 
1 10 1 1 17 17 19 -2 -11 5 -10 9 6 6 6 -6 14 0 17 -2 
-19 -16 10 18 3 1 2 -4 3 2 -11 6 10 1 5 19 4 -15 -4 19 
15 19 18 7 8 14 -12 16 1 -9 2 16 14 5 15 -15 8 -4 18 -4 
19 -3 2 11 -6 16 14 -13 0 6 13 1 17 14 18 15 14 -10 -9 1 
1 -9 -10 14 15 18 14 17 1 13 6 0 -13 14 16 -6 11 2 -3 19 
-4 18 -4 8 -15 15 5 14 16 2 -9 1 16 -12 14 8 7 18 19 15 
19 -4 -15 4 19 5 1 10 6 -11 2 3 -4 2 1 3 18 10 -16 -19 
-2 17 0 14 -6 6 6 6 9 -10 5 -11 -2 19 17 17 1 1 10 1 
7 13 -15 15 3 3 8 -15 6 -5 18 -15 7 12 14 -15 0 -7 16 0 
-14 9 7 9 15 -16 15 17 12 4 9 1 8 7 14 16 1 17 -11 -9 
4 -12 7 -5 3 15 5 11 0 19 17 -15 13 4 14 13 0 8 12 17 
7 7 5 -9 7 -11 18 13 11 12 -8 19 15 16 11 1 7 15 19 -16 
8 12 18 17 17 3 5 1 18 12 2 12 9 17 12 16 -18 18 14 13 
13 -11 16 -1 0 3 4 -4 18 -1 15 2 0 5 19 6 -7 12 -15 18 
52
2
4 9
8 0
15 10
11 19
20
11 13 8
16 6 9
3 8 16
3 10 10
16 4 12
14 2 12
7 16 11
13 10 10
18 12 8
19 6 10
8 6 8
3 13 9
16 11 16
16 9 10
3 15 12
5 17 12
12 3 11
6 9 10
1 7 8
0 13 10
34
14 13
6 11
17 13
15 3
10 6
12 5
0 14
0 5
5 8
0 6
11 4
6 15
7 2
3 4
1 10
18 19
9 14
5 6
13 8
2 6
4 16
9 13
7 14
19 5
19 14
14 11
19 13
8 15
13 4
12 17
16 15
18 9
1 0
10 5
