20 20
12 -1 11 15 10 9 11 15 7 -3 5 9 3 0 5 7 8 0 1 9 
-4 9 5 13 7 3 6 -4 14 2 7 3 -4 -9 7 -14 5 -1 1 4 
-10 14 14 10 5 -1 12 14 11 11 6 9 -6 2 7 -13 14 10 1 0 
-1 4 7 7 13 7 -4 5 9 -8 7 11 1 -5 13 0 9 15 1 2 
-11 8 7 11 -10 6 9 12 8 -9 0 15 12 -4 15 10 10 0 13 13 
-4 14 3 12 -7 5 4 -7 -6 -5 13 11 -5 -10 2 -3 7 12 -8 -1 
9 5 -11 15 4 2 -9 3 0 5 5 10 -11 6 15 9 4 11 1 10 
2 6 -2 15 -3 -1 2 15 10 1 13 -11 -2 8 15 8 14 8 4 1 
4 8 0 -15 -1 13 13 -15 8 7 10 6 13 3 7 7 -5 9 3 13 
14 -8 -7 15 10 12 10 -14 -15 9 10 2 1 6 13 -6 6 2 7 1 
1 7 2 6 -6 13 6 1 2 10 9 -15 -14 10 12 10 15 -7 -8 14 
13 3 9 -5 7 7 3 13 6 10 7 8 -15 13 13 -1 -15 0 8 4 
1 4 8 14 8 15 8 -2 -11 13 1 10 15 2 -1 -3 15 -2 6 2 
10 1 11 4 9 15 6 -11 10 5 5 0 3 -9 2 4 15 -11 5 9 
-1 -8 12 7 -3 2 -10 -5 11 13 -5 -6 -7 4 5 -7 12 3 14 -4 
13 13 0 10 10 15 -4 12 15 0 -9 8 12 9 6 -10 11 7 8 -11 
2 1 15 9 0 13 -5 1 11 7 -8 9 5 -4 7 13 7 7 4 -1 
0 1 10 14 -13 7 2 -6 9 6 11 11 14 12 -1 5 10 14 14 -10 
4 1 -1 5 -14 7 -9 -4 3 7 2 14 -4 6 3 7 13 5 9 -4 
9 1 0 8 7 5 0 3 9 5 -3 7 15 11 9 10 15 11 -1 12 
53
4
15 9
16 8
1 8
3 0
4 10
3 11
18 11
16 19
8
18 7 8
15 14 15
0 18 16
7 10 13
1 12 8
4 5 15
19 1 16
12 9 13
34
18 2
5 0
19 12
15 10
16 3
6 4
17 4
9 2
3 14
7 9
17 7
14 13
18 5
1 18
9 10
8 7
7 16
1 17
14 19
0 7
4 9
3 16
13 15
2 15
10 17
16 5
12 10
2 12
5 6
1 14
18 1
10 9
11 12
12 3
