20 20
23 10 11 4 27 3 16 3 -23 27 -6 20 -8 16 -8 -7 -25 16 9 -15 
-9 22 5 -5 24 23 23 5 22 19 20 3 21 6 24 -26 8 21 18 2 
4 14 26 7 -23 11 19 8 26 25 -4 13 7 10 25 3 12 17 11 20 
-20 7 -2 9 10 0 10 13 -3 -2 20 19 7 20 14 -20 19 20 2 10 
17 -10 25 19 26 -22 21 -13 2 23 0 17 6 9 0 -16 10 8 14 8 
1 13 9 27 9 3 -20 21 0 1 22 18 5 16 15 6 19 13 6 2 
19 21 8 25 25 11 13 15 25 2 -19 15 2 -8 27 11 -7 16 25 9 
26 26 13 7 0 -2 11 10 -19 -3 26 1 23 -5 27 27 19 26 -5 7 
1 22 20 -15 8 21 16 -25 7 9 -11 12 -18 9 10 26 22 17 13 6 
3 5 -14 20 -23 12 -13 18 15 4 25 25 5 7 22 9 7 18 10 4 
4 10 18 7 9 22 7 5 25 25 4 15 18 -13 12 -23 20 -14 5 3 
6 13 17 22 26 10 9 -18 12 -11 9 7 -25 16 21 8 -15 20 22 1 
7 -5 26 19 27 27 -5 23 1 26 -3 -19 10 11 -2 0 7 13 26 26 
9 25 16 -7 11 27 -8 2 15 -19 2 25 15 13 11 25 25 8 21 19 
2 6 13 19 6 15 16 5 18 22 1 0 21 -20 3 9 27 9 13 1 
8 14 8 10 -16 0 9 6 17 0 23 2 -13 21 -22 26 19 25 -10 17 
10 2 20 19 -20 14 20 7 19 20 -2 -3 13 10 0 10 9 -2 7 -20 
20 11 17 12 3 25 10 7 13 -4 25 26 8 19 11 -23 7 26 14 4 
2 18 21 8 -26 24 6 21 3 20 19 22 5 23 23 24 -5 5 22 -9 
-15 9 16 -25 -7 -8 16 -8 20 -6 27 -23 3 16 3 27 4 11 10 23 
46
7
16 14
7 1
10 19
19 15
3 11
7 8
8 1
3 5
12 18
9 0
0 4
16 8
12 11
11 18
20
1 7 9
2 19 16
2 12 14
14 1 15
7 0 14
0 8 15
11 17 12
6 1 10
18 13 8
10 0 10
18 12 9
17 0 16
17 7 14
5 18 15
12 19 14
19 11 15
8 2 12
13 18 10
1 6 8
9 19 10
26
17 3
0 19
1 4
2 1
2 5
1 2
4 7
18 4
12 14
7 6
16 9
6 18
0 17
2 16
19 0
18 15
17 18
17 14
18 17
15 12
1 15
7 5
12 13
3 10
13 1
19 2
