20 20
1 12 19 -9 14 6 -5 14 14 2 6 9 0 12 12 1 1 19 9 12 
12 10 1 15 7 10 7 -8 6 1 -11 12 9 -7 9 11 18 5 13 1 
7 -18 -17 15 -19 11 16 20 7 2 11 3 -13 5 11 -2 7 13 -11 2 
15 7 16 9 19 5 12 -4 0 14 6 -2 6 2 16 16 7 -8 20 5 
5 16 19 2 18 -7 8 19 2 14 10 12 19 16 0 9 -11 16 7 19 
1 3 14 -11 -2 2 14 6 15 17 14 5 8 7 2 16 7 -17 -6 1 
-15 -3 6 -19 6 -8 -16 15 10 4 16 15 17 6 2 13 -14 2 7 2 
20 2 -1 -5 20 -4 12 -8 2 19 8 20 0 -10 1 2 -14 5 -15 -4 
17 -2 19 -18 3 20 -11 15 7 7 1 14 1 11 -11 15 14 3 0 16 
13 -11 12 16 13 3 13 20 14 15 2 15 -14 17 -19 -6 0 -12 4 7 
7 4 -12 0 -6 -19 17 -14 15 2 15 14 20 13 3 13 16 12 -11 13 
16 0 3 14 15 -11 11 1 14 1 7 7 15 -11 20 3 -18 19 -2 17 
-4 -15 5 -14 2 1 -10 0 20 8 19 2 -8 12 -4 20 -5 -1 2 20 
2 7 2 -14 13 2 6 17 15 16 4 10 15 -16 -8 6 -19 6 -3 -15 
1 -6 -17 7 16 2 7 8 5 14 17 15 6 14 2 -2 -11 14 3 1 
19 7 16 -11 9 0 16 19 12 10 14 2 19 8 -7 18 2 19 16 5 
5 20 -8 7 16 16 2 6 -2 6 14 0 -4 12 5 19 9 16 7 15 
2 -11 13 7 -2 11 5 -13 3 11 2 7 20 16 11 -19 15 -17 -18 7 
1 13 5 18 11 9 -7 9 12 -11 1 6 -8 7 10 7 15 1 10 12 
12 9 19 1 1 12 12 0 9 6 2 14 14 -5 6 14 -9 19 12 1 
43
3
13 10
0 4
11 18
6 9
19 15
8 1
14
2 5 14
9 1 11
9 14 12
10 15 11
13 3 14
6 15 11
9 7 13
17 14 14
10 18 11
10 5 12
9 4 11
6 16 14
13 4 11
10 12 13
32
7 17
10 1
0 14
15 17
14 2
3 11
4 13
14 5
2 9
16 0
17 19
1 13
4 9
15 2
12 17
17 0
12 2
9 18
19 5
4 2
5 17
16 8
15 6
5 14
17 10
3 19
2 0
18 6
15 10
4 17
7 2
2 19
