20 20
4 9 2 6 6 -2 1 -6 2 -3 4 6 4 -11 4 10 10 2 6 -2 
5 1 3 11 2 9 8 -8 -5 5 10 6 11 12 4 -4 4 3 8 -1 
-11 7 -2 -12 4 3 8 -10 0 2 -7 1 -11 -10 0 6 -3 8 4 12 
-9 -8 10 5 10 9 7 4 3 7 -2 1 2 12 5 -5 2 9 1 8 
7 9 -8 5 -4 0 3 9 12 -5 11 4 12 0 6 8 -8 8 12 10 
0 4 -4 6 5 -11 10 -5 9 11 6 3 2 3 -3 3 3 2 5 5 
2 6 5 8 5 4 0 8 -7 3 -11 12 4 7 10 8 -4 -2 10 4 
-9 10 5 10 4 -7 8 0 2 12 4 2 3 3 8 9 -3 3 2 6 
-2 8 7 11 7 3 11 8 -12 -6 1 8 5 9 0 -12 1 10 3 6 
3 6 -9 3 -12 5 9 4 -1 10 10 8 5 12 2 6 -3 -8 2 -2 
-2 2 -8 -3 6 2 12 5 8 10 10 -1 4 9 5 -12 3 -9 6 3 
6 3 10 1 -12 0 9 5 8 1 -6 -12 8 11 3 7 11 7 8 -2 
6 2 3 -3 9 8 3 3 2 4 12 2 0 8 -7 4 10 5 10 -9 
4 10 -2 -4 8 10 7 4 12 -11 3 -7 8 0 4 5 8 5 6 2 
5 5 2 3 3 -3 3 2 3 6 11 9 -5 10 -11 5 6 -4 4 0 
10 12 8 -8 8 6 0 12 4 11 -5 12 9 3 0 -4 5 -8 9 7 
8 1 9 2 -5 5 12 2 1 -2 7 3 4 7 9 10 5 10 -8 -9 
12 4 8 -3 6 0 -10 -11 1 -7 2 0 -10 8 3 4 -12 -2 7 -11 
-1 8 3 4 -4 4 12 11 6 10 5 -5 -8 8 9 2 11 3 1 5 
-2 6 2 10 10 4 -11 4 6 4 -3 2 -6 1 -2 6 6 2 9 4 
47
4
1 10
19 10
6 19
10 14
18 9
0 9
13 0
9 5
10
19 4 9
4 19 12
17 12 10
3 7 14
8 13 12
0 15 9
15 0 12
2 7 10
16 12 14
11 6 12
40
12 7
18 3
11 13
6 14
0 3
3 8
13 6
15 6
10 13
6 15
10 3
13 15
15 10
9 4
15 4
16 13
5 10
13 8
18 19
0 14
7 12
1 16
8 6
13 5
19 16
16 11
6 13
4 13
9 6
13 4
9 16
6 4
4 9
10 15
4 15
3 6
14 9
6 11
1 0
19 5
