20 20
3 -9 8 -13 0 13 11 2 13 12 0 10 11 8 -3 -12 7 -8 8 1 
0 9 6 11 3 4 -13 11 5 -3 -12 6 6 10 -10 13 10 4 2 -12 
1 2 1 12 7 8 10 -1 6 1 12 12 4 3 10 10 1 8 1 -12 
5 5 2 11 11 12 13 10 6 7 1 10 -6 13 5 10 13 -9 5 2 
12 9 11 5 9 -2 4 5 7 2 -2 -4 -10 13 -13 5 5 0 8 -8 
13 0 8 -12 7 4 8 3 2 6 8 12 7 11 13 1 6 5 7 1 
6 6 9 -2 -7 12 2 4 -8 12 5 7 1 -2 12 12 2 -12 10 -6 
5 1 1 7 -13 6 2 0 5 -10 -7 4 -13 13 4 2 6 8 8 12 
5 -8 10 11 0 4 -6 8 7 8 11 -11 10 9 -13 -4 1 -13 11 -13 
0 -6 2 3 3 -5 6 6 5 4 -4 1 -4 1 11 13 5 1 2 5 
5 2 1 5 13 11 1 -4 1 -4 4 5 6 6 -5 3 3 2 -6 0 
-13 11 -13 1 -4 -13 9 10 -11 11 8 7 8 -6 4 0 11 10 -8 5 
12 8 8 6 2 4 13 -13 4 -7 -10 5 0 2 6 -13 7 1 1 5 
-6 10 -12 2 12 12 -2 1 7 5 12 -8 4 2 12 -7 -2 9 6 6 
1 7 5 6 1 13 11 7 12 8 6 2 3 8 4 7 -12 8 0 13 
-8 8 0 5 5 -13 13 -10 -4 -2 2 7 5 4 -2 9 5 11 9 12 
2 5 -9 13 10 5 13 -6 10 1 7 6 10 13 12 11 11 2 5 5 
-12 1 8 1 10 10 3 4 12 12 1 6 -1 10 8 7 12 1 2 1 
-12 2 4 10 13 -10 10 6 6 -12 -3 5 11 -13 4 3 11 6 9 0 
1 8 -8 7 -12 -3 8 11 10 0 12 13 2 11 13 0 -13 8 -9 3 
46
6
13 16
7 16
7 6
10 12
9 18
15 3
6 3
12 3
12 13
9 7
10 1
4 16
8
8 13 14
7 4 10
19 8 11
2 6 15
11 6 14
12 15 10
0 11 11
17 13 15
28
17 10
12 6
10 0
5 7
2 11
6 5
16 4
4 15
10 5
3 7
5 2
17 2
3 11
8 14
2 9
7 13
9 19
14 12
17 8
13 14
3 15
15 4
9 14
16 12
14 17
2 17
16 8
11 5
