20 20
-5 -2 0 8 2 2 1 2 4 3 -2 2 -7 -1 -7 4 5 8 -4 3 
8 9 2 7 6 5 8 8 4 4 4 6 4 8 -1 2 5 -8 3 4 
0 4 5 4 -3 -9 8 2 9 4 7 4 4 -5 -4 3 -9 5 1 3 
9 -6 0 1 1 -6 8 1 5 6 2 4 -2 8 7 -6 1 4 3 5 
0 -7 2 -5 1 5 -6 -4 8 8 3 4 2 1 8 -8 9 1 7 1 
-7 0 4 7 3 7 0 8 1 -8 -4 0 5 3 5 8 9 4 -4 8 
5 9 0 8 6 7 5 -2 3 6 6 5 2 8 0 9 9 3 9 8 
2 3 0 2 3 -6 1 9 2 0 3 -5 2 1 4 4 9 -8 3 -2 
1 4 0 4 8 8 6 2 2 5 -4 -2 1 3 -3 -7 -1 6 2 3 
1 -6 1 7 4 1 -6 9 2 9 1 -2 -9 6 -7 -8 6 4 -2 6 
6 -2 4 6 -8 -7 6 -9 -2 1 9 2 9 -6 1 4 7 1 -6 1 
3 2 6 -1 -7 -3 3 1 -2 -4 5 2 2 6 8 8 4 0 4 1 
-2 3 -8 9 4 4 1 2 -5 3 0 2 9 1 -6 3 2 0 3 2 
8 9 3 9 9 0 8 2 5 6 6 3 -2 5 7 6 8 0 9 5 
8 -4 4 9 8 5 3 5 0 -4 -8 1 8 0 7 3 7 4 0 -7 
1 7 1 9 -8 8 1 2 4 3 8 8 -4 -6 5 1 -5 2 -7 0 
5 3 4 1 -6 7 8 -2 4 2 6 5 1 8 -6 1 1 0 -6 9 
3 1 5 -9 3 -4 -5 4 4 7 4 9 2 8 -9 -3 4 5 4 0 
4 3 -8 5 2 -1 8 4 6 4 4 4 8 8 5 6 7 2 9 8 
3 -4 8 5 4 -7 -1 -7 2 -2 3 4 2 1 2 2 8 0 -2 -5 
32
4
13 14
15 19
9 11
12 14
6 5
4 0
10 8
7 5
8
5 15 9
12 1 8
15 13 16
8 9 10
14 4 9
7 18 8
4 6 16
11 10 10
28
14 8
13 19
12 11
8 7
1 9
18 1
11 6
13 18
3 17
16 17
3 18
4 11
5 17
12 19
5 11
6 0
7 8
11 12
18 10
1 18
8 13
6 1
16 2
3 2
16 1
15 8
14 2
7 0
