20 20
-3 19 7 15 -3 7 8 14 -1 6 11 -11 -14 -7 13 9 15 21 -11 14 
19 -10 14 3 -21 10 -4 9 15 -13 -17 2 -4 -15 3 1 7 -11 5 -5 
-9 7 5 16 20 10 5 1 14 22 5 2 -22 -17 13 20 14 -6 -11 -2 
10 -2 22 -4 -13 18 2 2 -3 15 19 20 11 15 3 10 -22 11 16 4 
3 20 21 -14 4 8 4 11 0 13 20 16 17 9 7 7 15 -16 15 14 
7 3 16 5 -14 18 2 15 -13 -3 4 -22 22 20 -22 20 11 6 20 17 
5 7 -8 -8 16 7 19 9 17 8 -14 -13 10 -3 -9 3 19 11 9 -10 
11 5 5 13 -10 -15 15 -19 17 -12 20 9 16 1 15 18 19 -1 7 6 
16 9 0 -15 13 20 14 8 20 3 14 19 16 3 -21 17 -12 -10 18 7 
-16 20 8 17 11 18 -16 20 20 2 16 -19 9 18 7 -21 14 0 16 7 
7 16 0 14 -21 7 18 9 -19 16 2 20 20 -16 18 11 17 8 20 -16 
7 18 -10 -12 17 -21 3 16 19 14 3 20 8 14 20 13 -15 0 9 16 
6 7 -1 19 18 15 1 16 9 20 -12 17 -19 15 -15 -10 13 5 5 11 
-10 9 11 19 3 -9 -3 10 -13 -14 8 17 9 19 7 16 -8 -8 7 5 
17 20 6 11 20 -22 20 22 -22 4 -3 -13 15 2 18 -14 5 16 3 7 
14 15 -16 15 7 7 9 17 16 20 13 0 11 4 8 4 -14 21 20 3 
4 16 11 -22 10 3 15 11 20 19 15 -3 2 2 18 -13 -4 22 -2 10 
-2 -11 -6 14 20 13 -17 -22 2 5 22 14 1 5 10 20 16 5 7 -9 
-5 5 -11 7 1 3 -15 -4 2 -17 -13 15 9 -4 10 -21 3 14 -10 19 
14 -11 21 15 9 13 -7 -14 -11 11 6 -1 14 8 7 -3 15 7 19 -3 
36
8
6 9
8 18
3 18
18 7
6 17
0 19
12 14
5 14
13 10
11 1
16 1
1 12
13 2
19 0
7 5
14 5
6
6 11 9
15 4 9
18 8 12
13 8 9
4 15 9
1 11 12
36
3 13
17 3
9 16
13 7
1 6
5 13
1 19
11 14
8 12
2 14
2 7
15 2
9 2
5 4
16 9
10 14
17 10
4 5
16 6
2 16
10 3
6 12
18 13
14 6
18 0
8 5
11 7
17 5
17 12
4 17
10 17
14 15
3 10
9 5
2 9
15 14
