20 20
17 1 18 4 15 2 -1 17 10 8 5 -16 9 10 16 17 7 6 17 -7 
18 7 -8 -6 14 -10 -18 17 17 6 -16 4 -10 -17 8 8 15 17 3 -13 
-12 12 18 4 13 4 -15 2 13 -1 5 -12 1 5 7 15 4 18 17 18 
4 -6 -11 4 16 13 1 -18 7 6 2 2 17 12 8 14 7 -1 0 18 
4 -10 -16 5 17 0 2 1 11 8 -3 6 11 16 1 15 15 -9 17 -12 
-14 10 5 15 2 16 -12 17 14 17 -11 1 8 -12 -9 6 3 5 -17 -7 
17 5 14 3 1 14 -4 7 14 12 5 -7 7 8 14 5 10 -9 5 12 
11 -14 -9 12 -10 -13 -6 10 17 -10 14 -10 18 11 -13 -5 15 -11 -8 -9 
18 4 -10 -17 -7 11 7 5 6 13 15 4 -14 11 7 -6 15 -17 -1 7 
5 17 9 2 4 18 13 1 -9 13 6 3 15 12 9 6 14 10 -9 10 
10 -9 10 14 6 9 12 15 3 6 13 -9 1 13 18 4 2 9 17 5 
7 -1 -17 15 -6 7 11 -14 4 15 13 6 5 7 11 -7 -17 -10 4 18 
-9 -8 -11 15 -5 -13 11 18 -10 14 -10 17 10 -6 -13 -10 12 -9 -14 11 
12 5 -9 10 5 14 8 7 -7 5 12 14 7 -4 14 1 3 14 5 17 
-7 -17 5 3 6 -9 -12 8 1 -11 17 14 17 -12 16 2 15 5 10 -14 
-12 17 -9 15 15 1 16 11 6 -3 8 11 1 2 0 17 5 -16 -10 4 
18 0 -1 7 14 8 12 17 2 2 6 7 -18 1 13 16 4 -11 -6 4 
18 17 18 4 15 7 5 1 -12 5 -1 13 2 -15 4 13 4 18 12 -12 
-13 3 17 15 8 8 -17 -10 4 -16 6 17 17 -18 -10 14 -6 -8 7 18 
-7 17 6 7 17 16 10 9 -16 5 8 10 17 -1 2 15 4 18 1 17 
50
8
14 13
6 8
11 0
11 2
5 17
1 6
15 2
4 1
5 6
13 11
8 19
8 17
14 2
18 13
4 17
15 18
12
3 8 11
6 13 9
4 9 16
2 11 13
13 10 15
11 9 16
16 11 11
13 6 9
15 10 16
17 8 13
6 9 15
8 10 16
26
17 14
11 17
8 4
17 13
12 14
16 15
6 18
18 5
10 0
14 7
15 17
12 11
16 7
2 5
8 2
11 15
2 6
7 5
3 4
13 1
1 14
9 19
5 12
4 2
7 8
3 12
