20 20
-21 19 -1 10 23 22 5 -8 16 22 -11 -21 -2 20 21 16 18 8 21 10 
6 13 12 14 -21 -3 -11 7 11 -6 21 13 18 15 14 12 -7 5 12 16 
-12 12 3 12 19 21 -17 12 14 11 1 15 21 -16 -11 16 -11 14 8 16 
10 17 -16 -18 -15 2 6 19 3 2 18 18 8 3 21 17 13 21 23 14 
12 10 12 11 12 -21 9 19 -14 14 -2 19 16 22 19 22 6 4 1 0 
18 21 -16 7 -7 -3 21 23 16 9 19 -7 1 13 10 -1 2 4 15 8 
23 1 12 6 9 13 14 12 5 15 23 2 -6 15 -7 -14 5 17 6 3 
-16 0 15 -7 8 21 9 15 8 -1 20 14 10 -19 15 -7 17 -3 6 8 
2 -7 22 20 -5 19 14 18 4 2 7 17 18 0 6 4 17 15 -5 -14 
12 -8 17 18 19 19 16 -14 11 18 10 16 -15 14 -14 21 9 12 14 -16 
-16 14 12 9 21 -14 14 -15 16 10 18 11 -14 16 19 19 18 17 -8 12 
-14 -5 15 17 4 6 0 18 17 7 2 4 18 14 19 -5 20 22 -7 2 
8 6 -3 17 -7 15 -19 10 14 20 -1 8 15 9 21 8 -7 15 0 -16 
3 6 17 5 -14 -7 15 -6 2 23 15 5 12 14 13 9 6 12 1 23 
8 15 4 2 -1 10 13 1 -7 19 9 16 23 21 -3 -7 7 -16 21 18 
0 1 4 6 22 19 22 16 19 -2 14 -14 19 9 -21 12 11 12 10 12 
14 23 21 13 17 21 3 8 18 18 2 3 19 6 2 -15 -18 -16 17 10 
16 8 14 -11 16 -11 -16 21 15 1 11 14 12 -17 21 19 12 3 12 -12 
16 12 5 -7 12 14 15 18 13 21 -6 11 7 -11 -3 -21 14 12 13 6 
10 21 8 18 16 21 20 -2 -21 -11 22 16 -8 5 22 23 10 -1 19 -21 
60
4
12 3
10 14
12 11
9 13
7 16
9 5
7 8
10 6
20
19 18 14
11 2 13
17 16 12
15 5 14
13 5 11
16 4 12
1 9 11
0 3 16
17 9 14
2 18 9
0 1 14
8 17 13
2 3 12
4 14 14
6 14 11
3 15 12
18 10 11
19 16 16
2 10 14
17 1 9
28
7 11
3 8
17 6
2 0
7 5
15 4
18 7
7 14
16 17
15 8
11 15
0 15
10 1
0 6
12 8
16 11
2 13
17 19
12 14
4 15
1 12
12 5
3 2
4 11
8 4
19 4
9 18
19 13
