20 20
1 14 9 -11 -11 14 13 -14 -13 14 5 4 8 10 8 15 12 5 12 8 
7 -4 4 3 0 5 14 3 1 14 -7 4 -10 0 -11 3 10 13 8 4 
14 4 3 3 -10 3 10 -15 13 4 10 14 0 0 13 4 10 14 -12 -14 
-5 -12 5 12 7 14 6 -3 2 10 1 15 0 12 -9 8 5 -10 8 15 
8 4 3 -6 10 0 0 12 1 -12 5 4 6 7 -15 12 -10 11 1 14 
1 11 2 12 7 7 -1 2 5 -15 3 3 2 6 6 1 0 1 4 5 
11 12 13 10 3 -9 -2 -6 1 -5 12 11 -6 -4 12 6 15 10 14 7 
13 1 6 2 6 7 12 -13 8 2 -12 10 10 0 4 8 15 8 9 10 
11 9 12 8 14 -13 4 6 6 5 6 11 9 9 14 9 -11 13 10 -5 
8 -7 10 12 -11 2 12 7 -11 1 3 -2 5 15 12 -13 1 -7 14 14 
14 14 -7 1 -13 12 15 5 -2 3 1 -11 7 12 2 -11 12 10 -7 8 
-5 10 13 -11 9 14 9 9 11 6 5 6 6 4 -13 14 8 12 9 11 
10 9 8 15 8 4 0 10 10 -12 2 8 -13 12 7 6 2 6 1 13 
7 14 10 15 6 12 -4 -6 11 12 -5 1 -6 -2 -9 3 10 13 12 11 
5 4 1 0 1 6 6 2 3 3 -15 5 2 -1 7 7 12 2 11 1 
14 1 11 -10 12 -15 7 6 4 5 -12 1 12 0 0 10 -6 3 4 8 
15 8 -10 5 8 -9 12 0 15 1 10 2 -3 6 14 7 12 5 -12 -5 
-14 -12 14 10 4 13 0 0 14 10 4 13 -15 10 3 -10 3 3 4 14 
4 8 13 10 3 -11 0 -10 4 -7 14 1 3 14 5 0 3 4 -4 7 
8 12 5 12 15 8 10 8 4 5 14 -13 -14 13 14 -11 -11 9 14 1 
56
7
14 7
10 13
17 15
8 19
16 18
17 12
7 8
5 12
9 6
2 4
11 0
3 1
2 7
12 11
6
14 19 15
6 7 13
11 16 13
5 0 15
13 12 13
8 3 13
30
10 3
2 12
0 18
3 15
15 12
9 18
16 10
16 2
2 3
15 14
11 12
1 17
13 4
0 10
7 0
9 16
17 7
19 1
16 4
4 7
10 1
3 9
3 17
17 16
4 5
8 7
18 2
6 15
19 9
12 19
