20 20
9 -6 5 -3 10 2 0 7 2 13 5 12 14 -6 10 9 5 12 12 1 
8 3 -9 12 -14 -6 3 -6 -1 4 -9 -14 4 8 3 -8 -4 -8 0 -5 
4 6 9 -11 -7 13 6 10 -3 -4 5 0 4 11 -6 -1 4 3 8 12 
9 2 8 2 -6 -7 13 3 3 -12 0 6 -6 1 8 5 7 11 8 2 
5 10 -6 14 12 9 -5 -13 11 1 9 -7 12 -1 8 1 -1 1 5 12 
14 14 13 13 2 7 12 -11 -11 4 8 -3 7 14 13 5 12 -2 -9 -14 
13 8 11 -9 -2 9 10 -8 10 14 -14 -11 0 14 12 -1 6 13 7 -12 
9 10 5 -9 -8 11 2 8 -14 2 -11 9 2 0 12 11 11 -14 10 -7 
7 4 -2 12 8 0 -9 9 10 1 0 0 -8 7 11 2 -3 0 14 2 
12 7 10 11 9 3 -13 6 8 13 2 9 4 1 9 13 10 9 3 0 
0 3 9 10 13 9 1 4 9 2 13 8 6 -13 3 9 11 10 7 12 
2 14 0 -3 2 11 7 -8 0 0 1 10 9 -9 0 8 12 -2 4 7 
-7 10 -14 11 11 12 0 2 9 -11 2 -14 8 2 11 -8 -9 5 10 9 
-12 7 13 6 -1 12 14 0 -11 -14 14 10 -8 10 9 -2 -9 11 8 13 
-14 -9 -2 12 5 13 14 7 -3 8 4 -11 -11 12 7 2 13 13 14 14 
12 5 1 -1 1 8 -1 12 -7 9 1 11 -13 -5 9 12 14 -6 10 5 
2 8 11 7 5 8 1 -6 6 0 -12 3 3 13 -7 -6 2 8 2 9 
12 8 3 4 -1 -6 11 4 0 5 -4 -3 10 6 13 -7 -11 9 6 4 
-5 0 -8 -4 -8 3 8 4 -14 -9 4 -1 -6 3 -6 -14 12 -9 3 8 
1 12 12 5 9 10 -6 14 12 5 13 2 7 0 2 10 -3 5 -6 9 
46
3
9 18
1 0
13 11
10 1
18 19
6 8
18
0 2 13
1 17 10
4 5 8
7 9 12
8 0 15
19 12 8
10 18 16
18 1 15
13 19 12
19 17 13
18 2 10
15 14 8
12 10 12
11 19 15
0 7 8
9 1 16
1 18 15
6 0 12
36
3 0
12 13
8 1
13 3
7 17
2 14
6 13
10 7
18 15
12 4
14 6
9 15
7 1
14 0
17 6
4 9
7 18
15 3
16 19
7 6
11 18
6 16
12 2
17 5
13 6
9 12
1 4
7 15
5 13
10 4
12 18
5 19
2 13
15 10
12 1
4 16
