20 20
-9 16 14 10 19 5 10 19 -8 14 -6 5 -15 -10 16 19 9 -16 7 18 
4 5 -6 5 -15 12 -10 -2 11 10 -10 3 16 1 3 18 -10 19 19 4 
12 -2 11 -15 -7 -8 6 12 9 1 -19 2 14 12 -12 8 6 -16 12 5 
-17 8 4 8 2 15 15 -11 18 6 0 5 13 6 -19 1 3 1 0 14 
-11 15 3 16 0 19 12 4 -18 10 16 -3 -18 18 14 14 13 9 19 3 
6 -19 16 0 4 12 4 8 4 -6 -14 0 5 19 10 4 19 12 17 4 
-12 1 15 13 2 7 -1 19 3 11 9 -16 -18 3 12 -3 -6 10 11 14 
6 1 5 12 17 6 1 7 3 9 -10 7 17 17 -15 0 16 15 -13 9 
12 7 19 8 2 -2 -7 3 -4 13 18 6 7 19 -2 -13 2 16 14 12 
2 16 4 14 16 4 13 7 -3 19 13 2 -16 3 5 -7 4 8 3 8 
8 3 8 4 -7 5 3 -16 2 13 19 -3 7 13 4 16 14 4 16 2 
12 14 16 2 -13 -2 19 7 6 18 13 -4 3 -7 -2 2 8 19 7 12 
9 -13 15 16 0 -15 17 17 7 -10 9 3 7 1 6 17 12 5 1 6 
14 11 10 -6 -3 12 3 -18 -16 9 11 3 19 -1 7 2 13 15 1 -12 
4 17 12 19 4 10 19 5 0 -14 -6 4 8 4 12 4 0 16 -19 6 
3 19 9 13 14 14 18 -18 -3 16 10 -18 4 12 19 0 16 3 15 -11 
14 0 1 3 1 -19 6 13 5 0 6 18 -11 15 15 2 8 4 8 -17 
5 12 -16 6 8 -12 12 14 2 -19 1 9 12 6 -8 -7 -15 11 -2 12 
4 19 19 -10 18 3 1 16 3 -10 10 11 -2 -10 12 -15 5 -6 5 4 
18 7 -16 9 19 16 -10 -15 5 -6 14 -8 19 10 5 19 10 14 16 -9 
42
4
19 15
18 9
11 17
1 2
0 4
1 10
8 2
18 17
18
4 7 11
9 13 16
7 11 9
18 13 9
5 12 8
4 6 15
3 6 11
13 10 10
17 15 11
15 12 11
10 6 16
12 8 9
1 6 9
14 7 8
15 13 15
16 13 11
6 9 10
2 4 11
38
17 2
13 0
3 1
6 11
1 11
8 5
7 0
6 16
1 7
17 14
6 5
17 16
6 4
0 5
4 16
8 16
8 14
3 13
6 18
2 17
6 19
16 18
13 8
18 8
11 14
12 19
13 3
18 12
2 5
13 14
2 3
13 15
19 14
15 3
11 3
11 5
16 6
13 1
