20 20
11 7 1 -7 6 7 -9 3 3 3 3 1 7 11 6 7 4 2 -9 -9 
11 -9 6 -8 3 9 0 11 11 11 0 5 10 6 -8 11 3 5 9 1 
3 10 9 10 6 -11 4 2 8 1 4 6 1 1 0 9 5 8 1 3 
5 8 6 9 5 0 10 6 3 3 7 7 -11 11 5 7 9 4 0 7 
-8 5 3 -9 -6 0 1 3 1 10 2 -2 2 3 5 9 -2 4 10 7 
4 8 4 10 5 -9 -4 -7 3 11 4 4 8 5 -5 6 5 11 0 8 
10 3 0 1 5 -8 7 3 -5 -3 2 2 9 7 4 -6 -9 1 5 2 
10 4 3 -7 -6 4 3 4 8 10 10 2 -10 7 -10 7 11 -2 3 3 
9 -10 5 0 0 2 9 5 8 -11 0 7 3 2 3 -4 11 5 7 -1 
5 6 9 8 8 7 7 9 3 6 5 7 -6 0 1 -7 -6 5 -9 9 
9 -9 5 -6 -7 1 0 -6 7 5 6 3 9 7 7 8 8 9 6 5 
-1 7 5 11 -4 3 2 3 7 0 -11 8 5 9 2 0 0 5 -10 9 
3 3 -2 11 7 -10 7 -10 2 10 10 8 4 3 4 -6 -7 3 4 10 
2 5 1 -9 -6 4 7 9 2 2 -3 -5 3 7 -8 5 1 0 3 10 
8 0 11 5 6 -5 5 8 4 4 11 3 -7 -4 -9 5 10 4 8 4 
7 10 4 -2 9 5 3 2 -2 2 10 1 3 1 0 -6 -9 3 5 -8 
7 0 4 9 7 5 11 -11 7 7 3 3 6 10 0 5 9 6 8 5 
3 1 8 5 9 0 1 1 6 4 1 8 2 4 -11 6 10 9 10 3 
1 9 5 3 11 -8 6 10 5 0 11 11 11 0 9 3 -8 6 -9 11 
-9 -9 2 4 7 6 11 7 1 3 3 3 3 -9 7 6 -7 1 7 11 
30
8
2 15
18 11
4 12
1 17
7 12
11 1
1 0
9 8
17 4
1 8
15 7
18 2
12 7
8 18
18 19
10 11
16
1 7 16
10 6 12
1 16 10
10 16 12
14 18 9
3 11 14
4 2 13
18 5 13
18 12 16
9 13 12
18 3 10
9 3 12
5 1 9
16 8 14
15 17 13
1 14 13
36
7 15
6 17
13 11
19 1
10 7
7 1
19 14
15 1
11 4
4 3
11 15
19 11
9 2
19 6
12 15
14 3
2 16
17 11
12 4
13 2
6 8
0 18
9 12
12 18
0 5
4 18
8 15
15 16
8 4
0 8
10 17
0 13
7 4
5 16
17 3
2 8
