20 20
5 0 5 -2 5 3 5 -1 1 6 4 3 3 6 -5 -1 3 -6 -5 4 
-4 2 2 4 0 0 1 6 3 -3 4 6 -5 5 -4 -3 1 6 6 2 
1 0 3 4 5 1 1 3 6 0 2 0 4 1 6 4 3 1 0 4 
4 3 -3 1 1 3 -2 2 3 -6 3 4 4 6 0 6 6 -5 2 5 
-4 2 2 -2 4 3 -1 4 -1 4 6 5 2 3 2 -4 3 5 5 -4 
1 5 3 4 1 -2 6 1 2 -5 5 1 5 1 6 1 -6 3 5 4 
3 5 3 2 0 5 3 4 4 -3 3 1 -2 6 2 1 3 4 4 4 
-3 1 6 6 0 2 6 4 2 6 6 1 5 6 1 -3 -4 6 6 4 
-1 5 -5 -5 1 -3 5 4 2 0 6 1 -3 4 6 6 0 4 6 -2 
4 3 -2 0 -6 -3 4 5 6 -3 -5 3 -6 5 5 -3 5 3 2 -5 
-5 2 3 5 -3 5 5 -6 3 -5 -3 6 5 4 -3 -6 0 -2 3 4 
-2 6 4 0 6 6 4 -3 1 6 0 2 4 5 -3 1 -5 -5 5 -1 
4 6 6 -4 -3 1 6 5 1 6 6 2 4 6 2 0 6 6 1 -3 
4 4 4 3 1 2 6 -2 1 3 -3 4 4 3 5 0 2 3 5 3 
4 5 3 -6 1 6 1 5 1 5 -5 2 1 6 -2 1 4 3 5 1 
-4 5 5 3 -4 2 3 2 5 6 4 -1 4 -1 3 4 -2 2 2 -4 
5 2 -5 6 6 0 6 4 4 3 -6 3 2 -2 3 1 1 -3 3 4 
4 0 1 3 4 6 1 4 0 2 0 6 3 1 1 5 4 3 0 1 
2 6 6 1 -3 -4 5 -5 6 4 -3 3 6 1 0 0 4 2 2 -4 
4 -5 -6 3 -1 -5 6 3 3 4 6 1 -1 5 3 5 -2 5 0 5 
44
5
1 0
19 6
0 8
10 2
6 12
18 19
0 13
19 11
9 17
13 7
18
2 17 8
10 16 10
6 19 11
10 18 11
8 12 10
17 10 10
19 12 12
5 19 12
0 18 10
17 2 8
9 3 10
13 0 11
9 1 11
11 7 10
2 9 10
0 7 12
14 0 12
19 1 10
38
6 7
4 2
6 9
10 12
0 10
6 17
0 11
4 10
18 14
12 0
0 15
7 14
3 16
18 8
3 4
11 12
6 15
11 4
7 13
13 12
15 17
13 10
9 7
19 9
13 2
19 8
15 9
1 5
7 19
19 4
12 5
16 3
1 11
16 15
8 7
13 4
8 15
12 6
