20 20
-13 15 1 20 10 20 3 20 22 -12 6 7 18 -24 11 15 -24 14 10 7 
-17 -24 24 0 12 -8 0 9 21 17 -7 -1 13 12 5 -1 14 21 14 12 
6 7 8 10 4 3 14 10 -16 15 15 22 -1 19 24 -22 15 -6 3 2 
-20 4 22 11 1 22 5 13 7 -7 2 3 13 19 -10 21 -17 24 -20 -11 
23 3 3 19 2 10 15 20 18 18 -9 -1 18 15 16 23 -24 8 24 -4 
6 17 5 -9 -12 -19 8 16 1 -3 -4 18 16 20 10 9 20 20 1 24 
18 0 -7 6 0 14 18 4 17 -15 -5 13 -23 14 9 -14 19 10 19 5 
5 18 -13 23 16 14 -8 21 22 21 13 -24 -16 18 7 22 16 12 4 10 
-16 11 -2 -21 19 19 16 -4 9 6 15 13 4 5 14 13 -21 7 21 21 
15 14 24 6 1 -3 -7 0 10 6 6 -19 17 3 10 16 24 6 -21 -16 
-16 -21 6 24 16 10 3 17 -19 6 6 10 0 -7 -3 1 6 24 14 15 
21 21 7 -21 13 14 5 4 13 15 6 9 -4 16 19 19 -21 -2 11 -16 
10 4 12 16 22 7 18 -16 -24 13 21 22 21 -8 14 16 23 -13 18 5 
5 19 10 19 -14 9 14 -23 13 -5 -15 17 4 18 14 0 6 -7 0 18 
24 1 20 20 9 10 20 16 18 -4 -3 1 16 8 -19 -12 -9 5 17 6 
-4 24 8 -24 23 16 15 18 -1 -9 18 18 20 15 10 2 19 3 3 23 
-11 -20 24 -17 21 -10 19 13 3 2 -7 7 13 5 22 1 11 22 4 -20 
2 3 -6 15 -22 24 19 -1 22 15 15 -16 10 14 3 4 10 8 7 6 
12 14 21 14 -1 5 12 13 -1 -7 17 21 9 0 -8 12 0 24 -24 -17 
7 10 14 -24 15 11 -24 18 7 6 -12 22 20 3 20 10 20 1 15 -13 
57
5
15 4
18 4
14 17
4 6
19 8
4 15
1 15
5 2
15 13
0 11
14
2 13 16
7 18 14
15 7 15
13 11 8
12 17 11
6 1 11
18 0 10
17 6 16
12 1 14
4 12 15
6 8 8
7 2 11
13 18 11
1 19 10
36
11 7
12 8
5 10
4 13
14 16
15 2
16 15
10 14
11 15
4 19
3 9
18 17
13 17
9 18
17 18
13 12
3 5
3 18
8 12
7 11
14 9
15 6
5 3
4 17
3 4
9 5
8 4
15 0
16 10
1 2
6 2
10 1
2 1
6 7
16 14
16 1
