20 20
29 -30 14 26 14 2 13 -11 21 16 -1 -17 12 6 21 8 2 28 30 17 
11 20 18 26 22 13 -18 1 2 23 25 1 -19 15 12 11 -29 1 -1 -18 
30 -12 13 28 -22 20 4 11 2 28 5 26 1 22 19 -7 1 -27 -2 10 
18 11 -19 29 2 9 17 7 30 26 22 10 -3 -24 19 18 26 1 30 26 
4 18 24 10 15 24 12 -21 24 4 22 7 10 -19 7 16 20 17 -22 25 
28 25 -1 7 23 16 -26 -3 -14 5 19 18 -19 -12 9 -13 1 11 -21 14 
0 5 26 -23 28 2 23 11 -14 4 29 -16 -15 25 20 24 14 13 15 -3 
19 -17 26 28 -28 -13 2 3 9 -29 26 -19 26 1 15 17 29 -29 -20 2 
18 26 17 26 4 -7 13 11 -16 -15 28 24 29 -7 9 23 25 -5 16 10 
-10 30 -28 0 11 12 -26 20 29 16 13 7 23 4 9 19 -1 0 28 4 
4 28 0 -1 19 9 4 23 7 13 16 29 20 -26 12 11 0 -28 30 -10 
10 16 -5 25 23 9 -7 29 24 28 -15 -16 11 13 -7 4 26 17 26 18 
2 -20 -29 29 17 15 1 26 -19 26 -29 9 3 2 -13 -28 28 26 -17 19 
-3 15 13 14 24 20 25 -15 -16 29 4 -14 11 23 2 28 -23 26 5 0 
14 -21 11 1 -13 9 -12 -19 18 19 5 -14 -3 -26 16 23 7 -1 25 28 
25 -22 17 20 16 7 -19 10 7 22 4 24 -21 12 24 15 10 24 18 4 
26 30 1 26 18 19 -24 -3 10 22 26 30 7 17 9 2 29 -19 11 18 
10 -2 -27 1 -7 19 22 1 26 5 28 2 11 4 20 -22 28 13 -12 30 
-18 -1 1 -29 11 12 15 -19 1 25 23 2 1 -18 13 22 26 18 20 11 
17 30 28 2 8 21 6 12 -17 -1 16 21 -11 13 2 14 26 14 -30 29 
31
6
4 8
4 19
17 0
2 8
5 16
3 10
15 11
15 0
2 19
17 11
14 3
16 9
14
9 0 16
3 6 10
13 11 11
14 5 10
7 1 8
9 14 11
3 15 12
10 19 16
16 13 10
6 8 11
5 14 10
12 18 8
10 5 11
16 4 12
28
3 5
3 18
9 17
15 1
16 12
7 10
14 19
11 3
13 14
3 4
19 8
19 9
17 1
19 11
16 14
16 1
10 2
4 18
3 7
12 9
5 0
8 16
6 5
16 15
0 11
0 10
2 18
0 8
