20 20
0 3 1 1 3 1 1 3 0 1 3 -1 -2 0 1 3 2 1 -2 3 
3 3 -1 3 3 3 2 1 -2 0 2 3 3 0 2 2 1 2 -2 3 
-2 3 2 -1 1 3 1 -1 3 2 1 1 2 -1 2 -3 3 2 0 2 
2 2 2 2 3 3 1 -2 2 1 3 0 -2 2 1 2 1 3 3 0 
0 0 2 -2 1 -1 2 3 -3 2 3 1 2 2 2 3 0 3 -2 2 
1 -3 2 1 2 3 -3 -3 2 2 3 2 2 -3 1 0 3 1 -2 -2 
1 3 -3 -3 3 1 1 0 2 3 1 2 1 2 3 2 1 -3 2 0 
0 3 1 -2 2 1 2 1 3 2 2 1 3 -1 0 3 0 1 0 3 
3 0 0 3 0 2 3 -2 -1 1 -2 1 -2 2 -2 2 0 2 2 0 
2 0 1 -2 -1 0 3 -3 2 2 0 3 -1 -3 2 -3 0 2 1 3 
3 1 2 0 -3 2 -3 -1 3 0 2 2 -3 3 0 -1 -2 1 0 2 
0 2 2 0 2 -2 2 -2 1 -2 1 -1 -2 3 2 0 3 0 0 3 
3 0 1 0 3 0 -1 3 1 2 2 3 1 2 1 2 -2 1 3 0 
0 2 -3 1 2 3 2 1 2 1 3 2 0 1 1 3 -3 -3 3 1 
-2 -2 1 3 0 1 -3 2 2 3 2 2 -3 -3 3 2 1 2 -3 1 
2 -2 3 0 3 2 2 2 1 3 2 -3 3 2 -1 1 -2 2 0 0 
0 3 3 1 2 1 2 -2 0 3 1 2 -2 1 3 3 2 2 2 2 
2 0 2 3 -3 2 -1 2 1 1 2 3 -1 1 3 1 -1 2 3 -2 
3 -2 2 1 2 2 0 3 3 2 0 -2 1 2 3 3 3 -1 3 3 
3 -2 1 2 3 1 0 -2 -1 3 1 0 3 1 1 3 1 1 3 0 
47
2
17 3
11 15
2 16
8 4
16
6 19 14
2 6 9
8 7 12
10 3 13
13 12 16
13 19 16
5 11 13
19 10 10
13 0 14
17 13 9
11 12 12
9 16 13
6 7 16
6 0 16
14 8 13
0 9 10
38
16 3
19 15
8 17
4 17
3 15
12 4
19 12
3 14
13 11
7 3
1 14
14 12
4 7
8 16
7 19
15 8
10 16
15 9
1 17
3 16
0 4
11 2
15 2
16 4
7 15
0 7
16 5
6 8
12 16
18 5
5 7
15 12
11 3
12 0
4 11
9 3
4 10
18 2
