20 20
4 4 4 0 4 3 -2 2 -4 1 3 -3 1 1 0 0 0 2 2 1 
0 4 3 2 -1 -1 1 -4 4 -3 4 3 0 -4 4 4 3 3 -2 3 
1 2 4 4 -3 0 1 1 4 2 2 -4 4 -3 -2 1 -1 4 0 3 
4 3 -3 -4 4 0 1 3 2 3 -3 3 4 1 1 1 1 3 -1 1 
2 0 3 -3 -3 -1 4 3 3 3 1 3 -1 2 -2 2 3 -4 4 3 
0 -4 2 4 3 -1 0 3 -4 -3 -2 1 4 2 2 4 3 1 1 1 
-3 3 3 4 4 -3 3 2 1 0 2 -1 2 3 -1 4 -1 2 4 3 
3 2 3 -4 2 -3 1 1 4 -4 0 -1 3 -4 2 0 4 3 2 1 
1 2 -2 3 4 3 0 -3 -3 3 3 4 2 2 1 3 -4 3 -2 0 
4 2 4 4 0 4 1 2 -1 3 -1 3 0 3 2 0 -1 3 -2 4 
4 -2 3 -1 0 2 3 0 3 -1 3 -1 2 1 4 0 4 4 2 4 
0 -2 3 -4 3 1 2 2 4 3 3 -3 -3 0 3 4 3 -2 2 1 
1 2 3 4 0 2 -4 3 -1 0 -4 4 1 1 -3 2 -4 3 2 3 
3 4 2 -1 4 -1 3 2 -1 2 0 1 2 3 -3 4 4 3 3 -3 
1 1 1 3 4 2 2 4 1 -2 -3 -4 3 0 -1 3 4 2 -4 0 
3 4 -4 3 2 -2 2 -1 3 1 3 3 3 4 -1 -3 -3 3 0 2 
1 -1 3 1 1 1 1 4 3 -3 3 2 3 1 0 4 -4 -3 3 4 
3 0 4 -1 1 -2 -3 4 -4 2 2 4 1 1 0 -3 4 4 2 1 
3 -2 3 3 4 4 -4 0 3 4 -3 4 -4 1 -1 -1 2 3 4 0 
1 2 2 0 0 0 1 1 -3 3 1 -4 2 -2 3 4 0 4 4 4 
52
5
3 9
13 5
14 15
18 7
13 11
16 10
6 14
5 4
1 12
6 8
12
16 17 13
12 5 14
1 4 13
10 11 11
8 9 14
9 4 11
3 2 13
7 14 14
18 15 13
9 8 11
11 10 14
10 15 11
26
2 3
16 11
11 3
8 15
14 7
0 15
8 13
4 11
10 1
8 6
7 13
7 10
11 19
17 16
3 8
8 16
11 4
5 12
19 4
11 6
15 8
9 18
11 13
12 6
12 9
8 0
