20 20
4 -3 8 13 5 12 5 21 6 1 6 19 14 3 -19 0 14 -10 11 9 
4 -6 3 1 6 16 2 0 12 3 15 20 21 10 11 17 8 1 -2 17 
0 17 9 5 14 16 -17 12 -18 19 11 11 19 19 15 8 -9 1 5 7 
-21 18 20 8 13 1 4 9 17 19 19 7 -6 12 12 -21 11 5 -6 -1 
-2 8 8 11 8 13 18 -17 16 7 5 17 3 -21 19 0 21 -7 10 9 
11 17 21 -5 0 21 9 6 20 -7 2 9 -3 7 2 -13 20 7 14 14 
-11 4 14 19 12 -20 12 21 10 16 7 3 -8 3 6 13 -18 -5 -8 7 
13 -2 14 17 3 4 1 -6 4 9 4 -10 1 13 3 -2 8 3 -5 12 
-13 -13 18 6 11 19 9 -17 18 -8 14 6 20 20 10 5 -13 -21 1 6 
16 5 -7 12 -17 4 15 12 9 3 3 6 5 18 4 1 2 16 -12 12 
12 -12 16 2 1 4 18 5 6 3 3 9 12 15 4 -17 12 -7 5 16 
6 1 -21 -13 5 10 20 20 6 14 -8 18 -17 9 19 11 6 18 -13 -13 
12 -5 3 8 -2 3 13 1 -10 4 9 4 -6 1 4 3 17 14 -2 13 
7 -8 -5 -18 13 6 3 -8 3 7 16 10 21 12 -20 12 19 14 4 -11 
14 14 7 20 -13 2 7 -3 9 2 -7 20 6 9 21 0 -5 21 17 11 
9 10 -7 21 0 19 -21 3 17 5 7 16 -17 18 13 8 11 8 8 -2 
-1 -6 5 11 -21 12 12 -6 7 19 19 17 9 4 1 13 8 20 18 -21 
7 5 1 -9 8 15 19 19 11 11 19 -18 12 -17 16 14 5 9 17 0 
17 -2 1 8 17 11 10 21 20 15 3 12 0 2 16 6 1 3 -6 4 
9 11 -10 14 0 -19 3 14 19 6 1 6 21 5 12 5 13 8 -3 4 
59
8
1 7
5 13
13 7
3 1
1 3
7 13
7 10
13 1
18 12
14 6
6 12
16 18
18 16
12 6
12 9
6 18
16
15 6 11
19 5 14
18 4 9
13 17 16
13 18 9
3 15 16
18 8 15
7 17 11
4 13 11
0 14 14
1 15 9
6 2 16
6 1 9
16 4 16
1 11 15
12 2 11
30
8 14
2 14
0 5
4 2
9 1
18 17
3 6
18 9
2 10
11 3
10 15
13 0
4 15
3 7
8 4
11 5
17 5
19 14
15 17
10 18
1 2
16 13
1 10
17 9
8 16
9 4
6 19
15 4
16 12
11 15
