20 20
0 6 2 9 8 0 11 2 -2 11 13 2 4 7 7 9 5 5 -1 7 
-13 1 3 8 -8 9 8 1 2 3 5 5 12 2 5 -5 -11 4 8 -6 
2 6 13 12 8 12 -13 -2 4 6 11 7 6 10 2 12 1 1 4 -1 
7 -1 -3 -11 -12 7 2 6 8 1 11 4 5 2 10 5 -7 -2 -1 9 
5 6 -12 11 12 5 8 5 -3 6 12 8 10 4 1 -5 7 5 -5 -4 
3 13 -10 7 7 7 13 3 12 -10 7 -2 -13 8 1 -3 2 7 10 1 
0 6 3 10 0 5 13 11 8 10 8 4 -3 4 -13 3 6 4 3 10 
9 10 5 8 5 7 -1 2 1 5 13 -7 6 2 9 -8 2 -2 6 6 
13 -11 12 -5 8 6 7 10 0 -2 3 7 -6 8 4 13 7 0 5 2 
0 10 2 1 4 7 2 -7 10 -13 10 -4 4 11 -12 3 6 7 6 -4 
-4 6 7 6 3 -12 11 4 -4 10 -13 10 -7 2 7 4 1 2 10 0 
2 5 0 7 13 4 8 -6 7 3 -2 0 10 7 6 8 -5 12 -11 13 
6 6 -2 2 -8 9 2 6 -7 13 5 1 2 -1 7 5 8 5 10 9 
10 3 4 6 3 -13 4 -3 4 8 10 8 11 13 5 0 10 3 6 0 
1 10 7 2 -3 1 8 -13 -2 7 -10 12 3 13 7 7 7 -10 13 3 
-4 -5 5 7 -5 1 4 10 8 12 6 -3 5 8 5 12 11 -12 6 5 
9 -1 -2 -7 5 10 2 5 4 11 1 8 6 2 7 -12 -11 -3 -1 7 
-1 4 1 1 12 2 10 6 7 11 6 4 -2 -13 12 8 12 13 6 2 
-6 8 4 -11 -5 5 2 12 5 5 3 2 1 8 9 -8 8 3 1 -13 
7 -1 5 5 9 7 7 4 2 13 11 -2 2 11 0 8 9 2 6 0 
52
8
7 15
7 9
2 18
17 15
4 19
18 9
5 3
8 14
12 4
12 10
17 1
2 4
15 0
1 10
14 16
11 5
12
10 19 15
0 7 11
18 17 16
10 4 9
15 9 10
1 8 16
9 0 15
19 12 11
1 2 16
9 15 9
4 10 10
18 11 16
32
14 12
5 4
12 2
11 14
3 19
17 19
14 13
12 1
0 17
17 4
13 7
3 1
12 13
0 14
14 1
7 11
5 7
14 15
7 17
8 5
16 0
2 0
5 6
7 18
19 2
2 15
6 12
16 18
7 6
19 5
5 18
12 8
