20 20
17 22 23 -13 7 19 -13 9 7 24 18 13 -20 -9 13 3 2 1 19 3 
16 20 18 15 2 20 16 2 2 11 -6 12 7 -5 14 -2 11 7 3 3 
19 14 0 -13 18 -8 -13 8 19 -24 9 10 -1 1 1 13 2 2 9 1 
-2 -22 -7 0 18 20 12 20 17 23 11 23 15 -20 -15 17 22 1 12 3 
-20 -13 -4 -7 14 2 15 16 8 20 -12 -16 7 11 20 -21 -8 18 19 -21 
10 -9 23 -24 19 13 15 21 23 15 -23 2 -10 11 1 13 20 18 1 -20 
22 23 7 9 11 20 19 -21 1 11 19 -2 9 3 24 3 24 19 1 3 
-18 -21 20 15 -21 -1 14 3 13 -7 -19 3 18 24 19 16 18 -17 -1 -13 
-7 15 23 15 22 20 11 -3 12 20 5 -11 3 12 16 3 -20 -18 20 19 
1 -15 15 24 15 7 15 23 14 2 24 20 18 13 -17 -9 0 -3 -16 -8 
-8 -16 -3 0 -9 -17 13 18 20 24 2 14 23 15 7 15 24 15 -15 1 
19 20 -18 -20 3 16 12 3 -11 5 20 12 -3 11 20 22 15 23 15 -7 
-13 -1 -17 18 16 19 24 18 3 -19 -7 13 3 14 -1 -21 15 20 -21 -18 
3 1 19 24 3 24 3 9 -2 19 11 1 -21 19 20 11 9 7 23 22 
-20 1 18 20 13 1 11 -10 2 -23 15 23 21 15 13 19 -24 23 -9 10 
-21 19 18 -8 -21 20 11 7 -16 -12 20 8 16 15 2 14 -7 -4 -13 -20 
3 12 1 22 17 -15 -20 15 23 11 23 17 20 12 20 18 0 -7 -22 -2 
1 9 2 2 13 1 1 -1 10 9 -24 19 8 -13 -8 18 -13 0 14 19 
3 3 7 11 -2 14 -5 7 12 -6 11 2 2 16 20 2 15 18 20 16 
3 19 1 2 3 13 -9 -20 13 18 24 7 9 -13 19 7 -13 23 22 17 
44
6
12 6
11 12
14 12
7 17
7 4
11 2
7 13
8 7
5 7
12 2
12 15
8 17
6
19 4 14
5 14 12
1 19 12
0 15 14
14 5 12
18 0 12
26
16 8
15 9
15 1
17 2
7 5
15 12
14 4
1 4
18 16
13 5
18 10
7 18
4 9
3 11
4 10
4 18
2 17
12 14
4 7
5 15
18 15
1 3
6 14
1 9
12 1
15 10
