20 20
15 -7 15 12 3 0 -7 13 -2 15 1 12 15 12 4 1 2 11 8 2 
11 -4 16 2 18 16 -14 19 15 -16 -7 15 10 11 -16 2 10 0 -19 13 
18 14 14 0 19 18 11 15 11 5 12 -13 14 6 4 -8 15 8 -12 7 
-13 18 4 -9 18 -19 6 6 10 9 -9 14 16 5 16 14 19 -3 -10 -13 
-10 -17 11 -8 1 7 6 19 3 14 -14 -9 11 4 12 -6 15 14 18 15 
13 2 1 3 2 9 9 2 -3 1 3 12 -15 8 -4 2 -11 6 10 18 
2 7 19 14 1 -16 10 -18 -8 -3 17 -10 6 -2 5 19 17 4 -2 -2 
-4 10 19 7 3 5 8 18 17 17 13 5 -11 15 7 19 16 14 16 1 
13 17 -16 2 -2 -13 3 -5 4 16 1 -10 18 9 -12 8 -1 12 8 12 
-6 18 9 1 13 12 -4 12 5 -16 19 11 2 2 4 7 -2 1 -3 19 
19 -3 1 -2 7 4 2 2 11 19 -16 5 12 -4 12 13 1 9 18 -6 
12 8 12 -1 8 -12 9 18 -10 1 16 4 -5 3 -13 -2 2 -16 17 13 
1 16 14 16 19 7 15 -11 5 13 17 17 18 8 5 3 7 19 10 -4 
-2 -2 4 17 19 5 -2 6 -10 17 -3 -8 -18 10 -16 1 14 19 7 2 
18 10 6 -11 2 -4 8 -15 12 3 1 -3 2 9 9 2 3 1 2 13 
15 18 14 15 -6 12 4 11 -9 -14 14 3 19 6 7 1 -8 11 -17 -10 
-13 -10 -3 19 14 16 5 16 14 -9 9 10 6 6 -19 18 -9 4 18 -13 
7 -12 8 15 -8 4 6 14 -13 12 5 11 15 11 18 19 0 14 14 18 
13 -19 0 10 2 -16 11 10 15 -7 -16 15 19 -14 16 18 2 16 -4 11 
2 8 11 2 1 4 12 15 12 1 15 -2 13 -7 0 3 12 15 -7 15 
39
7
19 14
9 11
9 1
14 19
9 4
15 0
18 19
0 5
10 8
10 18
5 0
10 15
4 19
1 0
6
10 13 12
17 19 12
13 2 16
9 6 12
2 0 12
6 17 16
34
10 1
17 1
4 9
14 3
1 11
18 7
12 7
0 14
1 8
1 17
12 17
13 9
15 6
19 0
1 18
5 9
13 8
9 18
2 18
15 10
5 16
18 8
1 12
7 12
19 5
18 11
18 2
7 2
6 10
4 13
0 19
18 1
14 10
6 11
