20 20
3 2 2 1 4 2 1 4 1 -1 5 5 2 4 4 -1 2 5 2 1 
-5 2 -4 3 -4 -2 5 2 3 4 0 1 -4 -2 3 4 1 1 1 -3 
2 2 1 4 0 2 3 -5 2 -3 5 1 2 2 -4 -2 1 -4 3 4 
-1 -4 2 4 4 1 2 3 1 4 2 3 1 -1 5 5 -5 4 2 2 
2 2 4 0 2 5 5 2 -3 3 2 -1 3 1 0 4 3 1 -3 5 
0 -1 4 3 3 5 5 0 4 0 -1 2 3 1 5 -4 1 2 2 2 
-5 -5 4 -1 4 4 4 -4 4 4 5 5 -4 0 -4 3 4 3 4 -4 
0 -4 1 -4 2 2 5 1 1 0 1 1 -5 2 0 0 2 4 4 5 
-1 3 3 1 4 2 1 5 0 1 -2 3 4 -5 1 4 -2 5 4 3 
4 -4 5 4 -4 -3 5 3 4 0 2 5 2 4 -5 -3 5 3 3 5 
5 3 3 5 -3 -5 4 2 5 2 0 4 3 5 -3 -4 4 5 -4 4 
3 4 5 -2 4 1 -5 4 3 -2 1 0 5 1 2 4 1 3 3 -1 
5 4 4 2 0 0 2 -5 1 1 0 1 1 5 2 2 -4 1 -4 0 
-4 4 3 4 3 -4 0 -4 5 5 4 4 -4 4 4 4 -1 4 -5 -5 
2 2 2 1 -4 5 1 3 2 -1 0 4 0 5 5 3 3 4 -1 0 
5 -3 1 3 4 0 1 3 -1 2 3 -3 2 5 5 2 0 4 2 2 
2 2 4 -5 5 5 -1 1 3 2 4 1 3 2 1 4 4 2 -4 -1 
4 3 -4 1 -2 -4 2 2 1 5 -3 2 -5 3 2 0 4 1 2 2 
-3 1 1 1 4 3 -2 -4 1 0 4 3 2 5 -2 -4 3 -4 2 -5 
1 2 5 2 -1 4 4 2 5 5 -1 1 4 1 2 4 1 2 2 3 
58
2
10 6
13 5
9 13
6 14
14
11 13 14
17 18 11
0 5 12
12 4 15
5 1 14
2 13 12
10 8 9
8 6 14
2 1 11
19 14 12
7 15 15
14 18 14
17 6 12
9 11 9
38
11 17
14 17
0 4
16 17
15 7
12 0
4 19
11 16
7 5
11 3
9 2
13 15
18 13
18 4
13 11
7 18
5 3
11 4
16 8
8 2
5 2
19 15
3 2
4 12
7 19
15 0
8 3
12 14
8 16
10 17
6 4
1 6
1 15
6 8
12 1
14 16
8 15
3 11
