20 20
8 -2 -5 -3 -5 -5 -9 2 0 3 1 5 -3 -6 6 -7 1 3 -9 8 
6 4 4 -1 3 -5 -1 0 -1 8 1 -8 6 6 3 5 6 2 2 9 
8 5 -3 8 8 5 3 2 8 -9 7 1 1 2 2 2 9 -9 1 6 
5 -2 2 0 6 -3 3 3 6 -5 -9 0 6 -2 9 6 5 4 -6 -7 
2 -3 5 -8 6 7 5 -4 2 7 1 1 -8 -9 8 -9 9 2 3 2 
8 0 4 8 -9 4 -9 3 6 4 -8 6 -8 -5 -8 0 9 1 9 -6 
6 1 -9 0 7 9 -4 -8 4 -7 -9 5 5 -7 0 8 -2 7 -4 2 
1 8 4 5 6 9 9 -8 4 9 7 6 -2 5 5 6 4 1 8 -9 
2 7 6 4 -6 7 7 0 4 3 -9 4 3 1 6 3 7 8 -3 4 
8 2 3 7 8 -6 5 -9 4 3 0 -3 -7 3 7 3 -5 5 -7 8 
8 -7 5 -5 3 7 3 -7 -3 0 3 4 -9 5 -6 8 7 3 2 8 
4 -3 8 7 3 6 1 3 4 -9 3 4 0 7 7 -6 4 6 7 2 
-9 8 1 4 6 5 5 -2 6 7 9 4 -8 9 9 6 5 4 8 1 
2 -4 7 -2 8 0 -7 5 5 -9 -7 4 -8 -4 9 7 0 -9 1 6 
-6 9 1 9 0 -8 -5 -8 6 -8 4 6 3 -9 4 -9 8 4 0 8 
2 3 2 9 -9 8 -9 -8 1 1 7 2 -4 5 7 6 -8 5 -3 2 
-7 -6 4 5 6 9 -2 6 0 -9 -5 6 3 3 -3 6 0 2 -2 5 
6 1 -9 9 2 2 2 1 1 7 -9 8 2 3 5 8 8 -3 5 8 
9 2 2 6 5 3 6 6 -8 1 8 -1 0 -1 -5 3 -1 4 4 6 
8 -9 3 1 -7 6 -6 -3 5 1 3 0 2 -9 -5 -5 -3 -5 -2 8 
50
7
12 18
12 5
5 14
17 0
18 4
11 13
4 16
7 1
7 14
14 5
2 19
1 15
8 6
15 3
10
1 14 14
4 8 15
19 2 9
14 1 10
12 8 13
18 5 14
15 11 15
0 17 9
5 18 10
7 11 13
30
19 18
6 9
14 15
11 15
14 17
8 11
15 16
4 13
4 2
6 2
0 11
7 0
5 16
8 19
9 6
0 1
13 10
5 4
8 4
5 2
11 8
4 3
15 6
15 17
13 17
19 8
12 19
14 3
11 0
10 13
