20 20
17 10 8 -30 -7 -27 10 29 17 -27 14 14 18 9 24 -23 4 17 29 15 
-13 15 10 30 7 21 25 26 15 0 -9 -26 11 12 -23 12 -25 23 -3 15 
28 19 7 -20 17 22 27 16 20 3 5 6 -8 -4 0 23 30 -5 29 8 
21 16 30 8 20 4 5 15 16 12 -11 1 6 11 5 -19 9 -13 12 13 
21 10 21 2 13 27 18 -10 -8 -1 7 1 -2 27 13 25 18 5 6 8 
-29 27 2 -20 7 12 11 15 25 11 -30 2 25 -28 -10 -29 4 28 27 27 
24 14 21 26 -6 -25 19 20 17 11 -15 26 25 18 13 -22 25 19 3 2 
-9 -30 -10 19 -3 7 18 14 7 7 -6 -6 29 7 18 24 10 4 10 6 
27 2 -25 2 17 2 30 27 13 -1 13 20 13 20 -26 -9 8 5 -2 2 
14 0 27 20 17 25 7 16 25 24 -8 26 15 25 11 21 21 11 -11 11 
11 -11 11 21 21 11 25 15 26 -8 24 25 16 7 25 17 20 27 0 14 
2 -2 5 8 -9 -26 20 13 20 13 -1 13 27 30 2 17 2 -25 2 27 
6 10 4 10 24 18 7 29 -6 -6 7 7 14 18 7 -3 19 -10 -30 -9 
2 3 19 25 -22 13 18 25 26 -15 11 17 20 19 -25 -6 26 21 14 24 
27 27 28 4 -29 -10 -28 25 2 -30 11 25 15 11 12 7 -20 2 27 -29 
8 6 5 18 25 13 27 -2 1 7 -1 -8 -10 18 27 13 2 21 10 21 
13 12 -13 9 -19 5 11 6 1 -11 12 16 15 5 4 20 8 30 16 21 
8 29 -5 30 23 0 -4 -8 6 5 3 20 16 27 22 17 -20 7 19 28 
15 -3 23 -25 12 -23 12 11 -26 -9 0 15 26 25 21 7 30 10 15 -13 
15 29 17 4 -23 24 9 18 14 14 -27 17 29 10 -27 -7 -30 8 10 17 
31
8
17 1
7 3
18 9
14 16
12 4
7 14
6 4
10 7
2 18
12 16
1 10
5 3
7 15
12 5
13 15
9 12
14
16 1 9
8 9 11
17 16 11
8 19 10
15 18 12
1 2 10
0 7 8
3 18 9
11 10 11
2 3 11
11 0 10
4 1 12
18 17 10
19 12 8
32
19 8
19 18
8 4
10 18
2 6
10 12
0 6
12 19
6 10
9 8
8 12
14 0
1 12
16 18
2 7
5 6
0 11
0 1
11 15
9 1
17 13
9 7
19 13
7 0
13 9
10 11
11 7
5 19
18 7
3 1
17 12
14 13
