20 20
18 21 21 11 21 -17 14 2 -21 -17 17 19 -15 13 -2 11 1 14 1 1 
0 -19 -3 -8 -5 6 12 16 -19 19 -12 0 -2 14 -21 13 11 -11 5 14 
4 8 -19 17 -15 14 -4 15 5 20 1 -5 15 18 3 6 20 13 5 8 
-6 15 15 14 15 13 17 6 17 1 8 2 10 -16 -16 11 3 -1 -13 -19 
-17 -12 -10 21 21 12 11 20 -16 6 -1 15 14 9 14 18 14 7 15 14 
12 0 16 10 3 20 -18 11 15 12 2 6 -3 20 -14 4 2 16 -8 -8 
18 -8 -21 -11 -18 16 10 12 19 3 -4 4 5 15 6 -7 8 -16 -3 9 
21 13 15 8 -6 -15 11 10 -10 17 19 17 18 4 -3 14 -13 -13 -7 -11 
15 21 0 19 1 8 1 1 -12 8 -12 9 3 -9 20 4 14 17 13 14 
-20 11 12 -1 15 17 5 11 14 -9 16 2 3 19 8 15 20 17 3 -11 
-11 3 17 20 15 8 19 3 2 16 -9 14 11 5 17 15 -1 12 11 -20 
14 13 17 14 4 20 -9 3 9 -12 8 -12 1 1 8 1 19 0 21 15 
-11 -7 -13 -13 14 -3 4 18 17 19 17 -10 10 11 -15 -6 8 15 13 21 
9 -3 -16 8 -7 6 15 5 4 -4 3 19 12 10 16 -18 -11 -21 -8 18 
-8 -8 16 2 4 -14 20 -3 6 2 12 15 11 -18 20 3 10 16 0 12 
14 15 7 14 18 14 9 14 15 -1 6 -16 20 11 12 21 21 -10 -12 -17 
-19 -13 -1 3 11 -16 -16 10 2 8 1 17 6 17 13 15 14 15 15 -6 
8 5 13 20 6 3 18 15 -5 1 20 5 15 -4 14 -15 17 -19 8 4 
14 5 -11 11 13 -21 14 -2 0 -12 19 -19 16 12 6 -5 -8 -3 -19 0 
1 1 14 1 11 -2 13 -15 19 17 -17 -21 2 14 -17 21 11 21 21 18 
50
7
5 12
4 19
16 5
1 14
9 1
11 7
19 18
14 7
15 0
3 14
18 5
10 18
8 12
0 1
20
6 7 8
13 8 10
12 7 13
13 11 16
7 9 15
3 16 10
4 3 16
5 9 8
9 17 16
17 0 15
13 12 8
6 11 10
7 12 13
6 8 16
12 10 15
16 3 10
15 16 16
14 10 8
10 2 16
2 19 15
40
5 15
6 0
11 9
6 12
14 15
9 18
1 18
15 7
19 3
12 0
0 4
3 5
17 16
9 12
12 16
9 4
2 16
8 18
18 16
16 8
14 4
13 19
8 10
13 7
5 4
10 1
18 1
4 12
0 16
7 19
19 15
16 14
2 3
10 7
7 3
10 15
17 3
11 1
1 3
3 11
