20 20
14 -8 -1 1 3 6 1 6 0 15 3 5 9 -1 -11 -15 0 10 4 -15 
15 2 12 -6 -8 6 4 13 7 12 8 6 4 7 -14 11 8 7 15 -2 
10 5 3 -12 13 0 9 14 -6 -5 -9 15 13 3 2 10 15 7 6 12 
11 1 -10 0 9 12 6 11 10 12 9 3 10 -12 1 5 11 11 7 6 
14 13 1 8 13 13 12 10 3 7 -10 -10 5 7 6 -3 12 5 11 14 
-14 -9 -1 13 13 -1 -2 11 9 5 4 6 -6 7 15 15 0 3 10 2 
10 -5 0 -14 9 5 -6 4 1 -9 5 -3 -5 11 3 14 -8 11 13 7 
6 1 15 9 15 12 7 -11 12 3 15 15 6 13 1 8 5 13 2 -5 
4 -1 0 5 6 -14 -3 12 -2 1 9 -11 13 5 13 3 4 8 7 11 
3 8 -10 11 9 13 10 -5 1 -6 -14 -9 8 -8 15 3 12 11 8 0 
0 8 11 12 3 15 -8 8 -9 -14 -6 1 -5 10 13 9 11 -10 8 3 
11 7 8 4 3 13 5 13 -11 9 1 -2 12 -3 -14 6 5 0 -1 4 
-5 2 13 5 8 1 13 6 15 15 3 12 -11 7 12 15 9 15 1 6 
7 13 11 -8 14 3 11 -5 -3 5 -9 1 4 -6 5 9 -14 0 -5 10 
2 10 3 0 15 15 7 -6 6 4 5 9 11 -2 -1 13 13 -1 -9 -14 
14 11 5 12 -3 6 7 5 -10 -10 7 3 10 12 13 13 8 1 13 14 
6 7 11 11 5 1 -12 10 3 9 12 10 11 6 12 9 0 -10 1 11 
12 6 7 15 10 2 3 13 15 -9 -5 -6 14 9 0 13 -12 3 5 10 
-2 15 7 8 11 -14 7 4 6 8 12 7 13 4 6 -8 -6 12 2 15 
-15 4 10 0 -15 -11 -1 9 5 3 15 0 6 1 6 3 1 -1 -8 14 
51
5
11 1
11 4
17 6
0 9
14 7
8 18
8 15
2 13
19 10
5 12
6
0 13 12
1 19 12
8 10 10
19 6 12
18 0 12
11 9 10
30
12 18
7 15
3 7
1 9
3 19
4 5
13 16
1 17
14 12
16 10
4 7
11 2
11 8
17 4
15 18
7 1
12 4
16 12
18 10
16 0
15 14
6 3
18 2
5 7
3 9
15 12
8 17
8 11
2 15
4 1
