20 20
17 10 1 4 11 16 12 2 -21 16 20 7 -2 17 -20 6 6 19 5 5 
-10 20 15 4 7 8 19 21 9 11 5 -18 16 20 1 3 22 11 14 15 
3 1 7 21 -13 -18 17 -10 6 6 12 -19 19 7 9 10 8 12 4 15 
5 21 13 6 9 20 -18 -12 20 11 -8 12 22 4 10 2 5 -14 7 9 
18 7 18 22 5 -15 -9 -10 22 17 19 19 21 18 -8 14 14 1 7 17 
22 -17 -8 2 9 7 -12 11 -3 19 12 1 16 5 7 -11 -19 8 -17 14 
20 -14 13 -6 3 11 6 16 13 20 9 -5 -2 10 15 17 -17 14 -17 13 
18 17 9 14 -17 11 6 19 -19 21 14 -19 17 8 2 -19 20 11 14 11 
18 4 -17 18 9 0 -12 11 10 -18 -15 0 13 14 4 7 21 1 22 9 
16 -21 16 15 -21 -7 4 10 1 10 15 17 2 10 6 15 13 -22 7 4 
4 7 -22 13 15 6 10 2 17 15 10 1 10 4 -7 -21 15 16 -21 16 
9 22 1 21 7 4 14 13 0 -15 -18 10 11 -12 0 9 18 -17 4 18 
11 14 11 20 -19 2 8 17 -19 14 21 -19 19 6 11 -17 14 9 17 18 
13 -17 14 -17 17 15 10 -2 -5 9 20 13 16 6 11 3 -6 13 -14 20 
14 -17 8 -19 -11 7 5 16 1 12 19 -3 11 -12 7 9 2 -8 -17 22 
17 7 1 14 14 -8 18 21 19 19 17 22 -10 -9 -15 5 22 18 7 18 
9 7 -14 5 2 10 4 22 12 -8 11 20 -12 -18 20 9 6 13 21 5 
15 4 12 8 10 9 7 19 -19 12 6 6 -10 17 -18 -13 21 7 1 3 
15 14 11 22 3 1 20 16 -18 5 11 9 21 19 8 7 4 15 20 -10 
5 5 19 6 6 -20 17 -2 7 20 16 -21 2 12 16 11 4 1 10 17 
47
7
6 0
1 15
19 13
17 2
19 7
10 13
17 7
13 19
18 4
0 6
2 17
0 12
9 6
2 12
12
3 18 16
9 4 14
9 17 14
14 4 12
19 12 14
1 3 12
16 1 16
10 15 14
10 2 14
5 15 12
0 7 14
18 16 12
28
6 7
7 4
8 12
2 6
12 17
6 1
8 5
18 1
9 0
12 0
18 17
10 16
19 2
18 8
13 12
12 15
11 7
17 13
7 2
13 18
11 14
1 18
10 19
7 19
1 2
9 3
0 17
1 11
