20 20
10 7 15 8 4 7 17 7 -3 16 9 13 1 -16 7 4 14 -9 -14 -11 
9 9 8 2 7 -13 3 14 -15 9 -5 5 16 16 8 13 15 4 -18 -5 
2 16 3 -2 15 4 -16 10 -4 -8 3 5 -8 9 13 8 -6 -10 10 -10 
17 4 7 14 16 -8 -18 -15 -7 10 0 5 10 2 -10 -8 14 12 16 -13 
14 2 10 2 15 0 16 5 1 9 10 14 18 13 -1 7 18 15 16 15 
10 18 6 -7 6 15 -11 9 -7 5 18 3 12 12 16 -15 11 -4 -10 11 
-17 0 15 9 0 1 -18 18 3 3 4 -17 -13 15 8 7 -4 17 10 15 
-18 0 6 -5 2 16 9 13 15 -14 17 4 8 2 16 8 18 -17 11 16 
10 12 1 2 3 0 0 -8 1 15 18 13 11 9 18 4 1 15 18 18 
12 -3 18 9 10 10 -16 2 11 -3 -7 -8 6 -8 18 16 1 7 0 2 
2 0 7 1 16 18 -8 6 -8 -7 -3 11 2 -16 10 10 9 18 -3 12 
18 18 15 1 4 18 9 11 13 18 15 1 -8 0 0 3 2 1 12 10 
16 11 -17 18 8 16 2 8 4 17 -14 15 13 9 16 2 -5 6 0 -18 
15 10 17 -4 7 8 15 -13 -17 4 3 3 18 -18 1 0 9 15 0 -17 
11 -10 -4 11 -15 16 12 12 3 18 5 -7 9 -11 15 6 -7 6 18 10 
15 16 15 18 7 -1 13 18 14 10 9 1 5 16 0 15 2 10 2 14 
-13 16 12 14 -8 -10 2 10 5 0 10 -7 -15 -18 -8 16 14 7 4 17 
-10 10 -10 -6 8 13 9 -8 5 3 -8 -4 10 -16 4 15 -2 3 16 2 
-5 -18 4 15 13 8 16 16 5 -5 9 -15 14 3 -13 7 2 8 9 9 
-11 -14 -9 14 4 7 -16 1 13 9 16 -3 7 17 7 4 8 15 7 10 
57
6
8 14
4 9
18 13
0 3
15 6
14 4
11 5
15 10
1 6
19 16
4 13
5 15
14
2 12 9
12 3 11
13 0 11
6 3 14
11 3 14
19 11 16
13 11 10
17 7 9
7 16 11
6 19 11
13 16 14
8 16 14
0 8 16
6 8 10
28
7 3
8 10
15 0
5 12
0 1
5 19
6 14
13 17
0 6
16 3
13 14
17 6
7 19
16 8
12 16
11 9
4 19
14 7
19 18
14 0
13 5
6 2
19 13
3 16
6 5
2 13
12 0
3 11
