20 20
23 -6 9 22 3 6 0 -2 17 -1 -13 -7 -19 18 5 2 -22 -18 22 14 
23 -23 20 -4 -7 -7 11 1 7 18 10 22 12 5 -2 1 10 22 -3 -16 
20 -16 13 14 5 20 -19 20 22 -7 0 16 21 4 23 -22 13 -15 12 20 
14 -12 18 8 19 1 6 13 20 21 4 1 3 13 -19 21 17 -22 7 5 
20 15 15 -4 -9 12 19 23 3 7 20 18 22 5 -17 8 3 15 13 -7 
19 8 15 2 6 4 5 14 18 19 19 13 4 7 10 -15 -3 -15 22 -22 
21 15 3 10 15 13 -22 -18 -22 19 11 14 8 17 8 0 20 18 4 -22 
16 -8 23 1 17 8 17 3 -5 2 12 -10 16 14 16 -6 23 18 -13 19 
-11 -10 3 -14 4 10 23 21 12 -5 -19 7 -13 13 21 -12 4 -10 8 20 
22 3 16 0 -13 1 22 18 -22 23 18 9 6 10 -13 3 1 10 14 -12 
-12 14 10 1 3 -13 10 6 9 18 23 -22 18 22 1 -13 0 16 3 22 
20 8 -10 4 -12 21 13 -13 7 -19 -5 12 21 23 10 4 -14 3 -10 -11 
19 -13 18 23 -6 16 14 16 -10 12 2 -5 3 17 8 17 1 23 -8 16 
-22 4 18 20 0 8 17 8 14 11 19 -22 -18 -22 13 15 10 3 15 21 
-22 22 -15 -3 -15 10 7 4 13 19 19 18 14 5 4 6 2 15 8 19 
-7 13 15 3 8 -17 5 22 18 20 7 3 23 19 12 -9 -4 15 15 20 
5 7 -22 17 21 -19 13 3 1 4 21 20 13 6 1 19 8 18 -12 14 
20 12 -15 13 -22 23 4 21 16 0 -7 22 20 -19 20 5 14 13 -16 20 
-16 -3 22 10 1 -2 5 12 22 10 18 7 1 11 -7 -7 -4 20 -23 23 
14 22 -18 -22 2 5 18 -19 -7 -13 -1 17 -2 0 6 3 22 9 -6 23 
60
4
12 19
3 8
12 11
18 9
7 0
16 11
7 8
1 10
8
17 0 14
16 7 9
13 17 15
2 17 13
2 19 14
3 12 9
6 2 15
17 2 13
36
5 1
5 14
1 7
6 4
5 19
9 6
12 18
1 0
1 18
13 10
13 7
3 13
17 18
4 12
19 14
0 18
19 16
5 10
14 18
14 5
18 12
13 15
14 0
10 13
7 1
18 19
18 1
6 9
6 12
16 6
2 1
15 7
0 5
19 1
0 3
14 9
