20 20
7 3 2 -9 -1 5 5 4 5 2 3 3 4 7 -10 -9 -3 4 9 10 
0 11 5 0 -9 7 -3 5 11 6 11 1 1 3 0 3 11 6 1 11 
1 11 -10 1 6 -10 2 10 -8 6 -8 3 4 7 5 3 -6 2 -11 7 
4 -6 1 4 -3 4 9 8 5 0 1 5 -5 11 2 8 5 7 -10 1 
4 1 10 2 -3 4 5 4 11 11 0 9 11 10 3 -10 7 7 6 -5 
6 9 7 -4 6 6 4 -4 11 10 8 11 7 9 3 6 0 10 10 -5 
-11 -8 2 -2 4 -5 6 3 1 2 8 9 4 9 -2 6 1 -6 -1 8 
4 5 -8 -11 -2 5 5 6 6 7 -5 4 -2 5 -1 2 2 2 -10 2 
11 2 11 9 -1 5 4 9 1 -10 8 3 3 8 5 -7 -1 -11 2 -4 
-5 10 4 2 2 5 1 6 4 4 0 -11 -9 6 -7 -4 7 3 6 8 
8 6 3 7 -4 -7 6 -9 -11 0 4 4 6 1 5 2 2 4 10 -5 
-4 2 -11 -1 -7 5 8 3 3 8 -10 1 9 4 5 -1 9 11 2 11 
2 -10 2 2 2 -1 5 -2 4 -5 7 6 6 5 5 -2 -11 -8 5 4 
8 -1 -6 1 6 -2 9 4 9 8 2 1 3 6 -5 4 -2 2 -8 -11 
-5 10 10 0 6 3 9 7 11 8 10 11 -4 4 6 6 -4 7 9 6 
-5 6 7 7 -10 3 10 11 9 0 11 11 4 5 4 -3 2 10 1 4 
1 -10 7 5 8 2 11 -5 5 1 0 5 8 9 4 -3 4 1 -6 4 
7 -11 2 -6 3 5 7 4 3 -8 6 -8 10 2 -10 6 1 -10 11 1 
11 1 6 11 3 0 3 1 1 11 6 11 5 -3 7 -9 0 5 11 0 
10 9 4 -3 -9 -10 7 4 3 3 2 5 4 5 5 -1 -9 2 3 7 
39
6
19 10
4 6
5 8
0 14
9 5
17 4
0 9
15 13
14 11
19 5
10 14
2 15
8
19 8 16
15 0 14
1 11 12
13 9 16
0 11 16
4 19 14
18 8 12
6 10 16
34
17 7
5 14
10 16
17 11
15 3
14 12
3 0
18 1
6 5
18 6
2 14
17 3
16 2
17 19
2 10
16 0
4 7
2 12
14 5
9 3
2 8
4 16
5 7
16 19
1 18
13 14
1 13
17 5
2 16
3 17
2 0
17 9
3 19
15 12
