20 20
4 4 -2 4 4 -4 4 -3 0 2 -3 4 2 1 3 3 4 -1 4 0 
0 0 0 -1 2 -2 2 -3 4 2 2 0 -3 1 -2 1 2 2 -3 2 
-4 1 0 -4 -1 4 3 4 0 2 3 3 2 -2 3 -2 2 3 4 2 
-4 3 3 1 1 -3 4 -2 4 2 -2 -3 -3 4 4 2 1 -1 1 4 
3 0 -4 3 1 -3 1 1 3 2 1 -3 2 -3 -3 1 -3 4 -3 1 
0 3 3 0 1 4 -2 -2 -2 -4 -2 -2 4 2 -1 1 3 -2 3 0 
-1 2 2 4 3 4 1 4 0 -1 3 2 -1 3 1 2 -1 3 3 1 
2 0 3 0 0 3 1 1 1 3 4 3 3 4 2 -4 -1 2 1 2 
2 3 -3 2 -3 0 3 1 -4 0 4 -2 3 2 -3 3 1 3 1 0 
4 4 -2 -1 -1 1 1 1 1 3 -1 2 4 1 2 1 3 2 3 1 
1 3 2 3 1 2 1 4 2 -1 3 1 1 1 1 -1 -1 -2 4 4 
0 1 3 1 3 -3 2 3 -2 4 0 -4 1 3 0 -3 2 -3 3 2 
2 1 2 -1 -4 2 4 3 3 4 3 1 1 1 3 0 0 3 0 2 
1 3 3 -1 2 1 3 -1 2 3 -1 0 4 1 4 3 4 2 2 -1 
0 3 -2 3 1 -1 2 4 -2 -2 -4 -2 -2 -2 4 1 0 3 3 0 
1 -3 4 -3 1 -3 -3 2 -3 1 2 3 1 1 -3 1 3 -4 0 3 
4 1 -1 1 2 4 4 -3 -3 -2 2 4 -2 4 -3 1 1 3 3 -4 
2 4 3 2 -2 3 -2 2 3 3 2 0 4 3 4 -1 -4 0 1 -4 
2 -3 2 2 1 -2 1 -3 0 2 2 4 -3 2 -2 2 -1 0 0 0 
0 4 -1 4 3 3 1 2 4 -3 2 0 -3 4 -4 4 4 -2 4 4 
58
6
19 8
9 11
11 0
17 5
4 9
18 5
0 11
10 8
8 19
2 14
15 10
1 14
12
10 3 10
8 9 10
11 5 15
3 8 8
2 16 10
15 5 8
9 16 10
11 10 10
8 14 15
16 11 8
17 3 10
4 14 8
40
18 17
1 13
10 6
14 2
0 1
7 16
11 6
10 7
6 18
13 15
19 3
7 15
12 15
16 17
15 19
17 13
15 18
8 5
5 2
9 10
1 2
18 6
9 13
5 17
19 18
12 3
8 13
9 12
13 1
6 4
0 16
12 4
7 4
3 2
4 0
2 6
4 1
11 14
14 17
10 9
