20 20
22 8 -6 9 23 3 2 17 25 23 12 9 -13 11 11 -14 11 -18 24 10 
25 6 6 -14 4 20 19 11 26 19 21 18 28 0 -16 -26 -18 -23 12 -11 
25 27 -9 16 18 10 27 7 1 11 -12 -2 26 15 26 -9 27 -6 -12 5 
18 25 -5 -24 -7 10 4 5 5 25 26 11 28 20 26 -21 2 0 11 20 
15 23 -10 9 -3 15 -21 21 10 9 17 -1 27 -17 11 10 20 -16 24 22 
23 15 13 2 5 14 4 22 17 14 4 7 23 -15 -6 12 8 20 5 -18 
2 10 -12 -19 25 6 20 -14 24 10 -20 23 24 19 22 15 20 4 -16 0 
18 9 -25 17 13 21 12 13 16 11 5 1 -1 18 0 16 27 21 3 -25 
6 -6 11 26 -16 12 4 -17 -27 13 -19 0 10 19 -15 23 -5 -10 22 25 
-23 6 14 16 13 18 3 -25 -27 12 -8 1 -19 -21 14 24 -1 -7 3 28 
28 3 -7 -1 24 14 -21 -19 1 -8 12 -27 -25 3 18 13 16 14 6 -23 
25 22 -10 -5 23 -15 19 10 0 -19 13 -27 -17 4 12 -16 26 11 -6 6 
-25 3 21 27 16 0 18 -1 1 5 11 16 13 12 21 13 17 -25 9 18 
0 -16 4 20 15 22 19 24 23 -20 10 24 -14 20 6 25 -19 -12 10 2 
-18 5 20 8 12 -6 -15 23 7 4 14 17 22 4 14 5 2 13 15 23 
22 24 -16 20 10 11 -17 27 -1 17 9 10 21 -21 15 -3 9 -10 23 15 
20 11 0 2 -21 26 20 28 11 26 25 5 5 4 10 -7 -24 -5 25 18 
5 -12 -6 27 -9 26 15 26 -2 -12 11 1 7 27 10 18 16 -9 27 25 
-11 12 -23 -18 -26 -16 0 28 18 21 19 26 11 19 20 4 -14 6 6 25 
10 24 -18 11 -14 11 11 -13 9 12 23 25 17 2 3 23 9 -6 8 22 
47
2
12 16
15 3
7 3
4 16
14
16 9 8
9 0 13
14 17 11
5 15 8
14 15 12
11 10 16
15 2 12
3 10 8
10 19 13
5 2 11
14 4 8
5 4 12
8 9 16
4 17 12
30
10 17
16 4
15 17
4 5
18 8
11 14
1 3
16 14
17 11
15 6
2 6
13 19
11 0
9 10
4 10
9 2
3 15
4 2
15 14
1 11
8 5
18 16
3 5
2 8
4 13
17 13
6 0
8 19
10 9
15 9
