20 20
7 3 16 9 -19 16 2 15 8 -19 -16 4 0 15 16 -4 9 15 -9 13 
5 17 23 -8 1 13 -15 10 20 8 17 -19 5 17 21 -2 -15 -5 19 20 
3 2 5 16 13 19 7 5 23 16 2 2 19 -8 4 7 -20 6 3 6 
9 3 22 7 12 6 0 9 10 7 -6 21 5 16 4 3 -4 17 12 5 
4 4 9 4 3 8 22 9 0 8 -21 -16 12 -18 13 -20 22 1 1 3 
15 11 4 21 0 16 -18 8 15 19 20 13 19 14 2 20 -12 -22 21 -5 
1 15 16 13 10 14 -15 13 -21 23 20 18 17 1 17 1 4 13 17 16 
19 7 15 -1 8 22 -20 7 6 17 8 7 3 11 2 -12 7 -8 0 16 
11 20 2 -11 -15 -6 9 17 19 12 17 17 -6 18 13 0 14 -20 -23 13 
16 12 16 -17 6 -3 -18 -21 20 -3 20 -23 18 19 9 -23 12 -10 6 15 
15 6 -10 12 -23 9 19 18 -23 20 -3 20 -21 -18 -3 6 -17 16 12 16 
13 -23 -20 14 0 13 18 -6 17 17 12 19 17 9 -6 -15 -11 2 20 11 
16 0 -8 7 -12 2 11 3 7 8 17 6 7 -20 22 8 -1 15 7 19 
16 17 13 4 1 17 1 17 18 20 23 -21 13 -15 14 10 13 16 15 1 
-5 21 -22 -12 20 2 14 19 13 20 19 15 8 -18 16 0 21 4 11 15 
3 1 1 22 -20 13 -18 12 -16 -21 8 0 9 22 8 3 4 9 4 4 
5 12 17 -4 3 4 16 5 21 -6 7 10 9 0 6 12 7 22 3 9 
6 3 6 -20 7 4 -8 19 2 2 16 23 5 7 19 13 16 5 2 3 
20 19 -5 -15 -2 21 17 5 -19 17 8 20 10 -15 13 1 -8 23 17 5 
13 -9 15 9 -4 16 15 0 4 -16 -19 8 15 2 16 -19 9 16 3 7 
59
2
14 15
8 15
5 4
11 4
8
19 1 9
3 1 16
0 8 15
4 15 8
0 18 9
16 18 16
19 11 15
15 4 8
26
2 0
12 5
11 16
14 19
15 17
18 16
6 10
3 12
12 1
11 7
14 17
17 3
8 11
17 19
7 14
8 3
5 0
4 2
1 3
13 9
16 7
7 18
8 12
5 2
2 16
11 8
