20 20
7 1 22 6 -9 3 16 18 24 23 15 17 22 16 26 29 1 -5 15 -16 
7 -15 -22 -5 18 13 25 26 -17 2 -9 13 -24 18 28 11 -20 1 24 4 
-15 27 25 23 12 16 13 25 19 3 9 21 -9 7 22 22 -11 12 28 11 
5 6 15 -29 3 -24 -29 2 -6 16 -17 24 -4 11 25 16 15 11 21 -28 
8 27 6 -13 -8 1 7 27 -9 16 4 7 15 23 13 1 -11 12 18 21 
27 6 -4 -8 16 23 7 21 23 3 -16 -9 11 26 17 11 -28 10 13 28 
24 22 12 23 18 11 8 0 8 23 1 -23 3 -26 23 27 7 19 0 15 
6 -1 11 12 17 0 -18 28 19 5 -25 19 18 26 6 5 10 1 5 28 
21 7 -1 13 13 3 25 -6 25 1 4 -10 19 24 9 13 12 24 10 19 
19 5 5 10 25 8 3 -12 2 2 -12 25 -22 20 29 7 27 6 3 2 
2 3 6 27 7 29 20 -22 25 -12 2 2 -12 3 8 25 10 5 5 19 
19 10 24 12 13 9 24 19 -10 4 1 25 -6 25 3 13 13 -1 7 21 
28 5 1 10 5 6 26 18 19 -25 5 19 28 -18 0 17 12 11 -1 6 
15 0 19 7 27 23 -26 3 -23 1 23 8 0 8 11 18 23 12 22 24 
28 13 10 -28 11 17 26 11 -9 -16 3 23 21 7 23 16 -8 -4 6 27 
21 18 12 -11 1 13 23 15 7 4 16 -9 27 7 1 -8 -13 6 27 8 
-28 21 11 15 16 25 11 -4 24 -17 16 -6 2 -29 -24 3 -29 15 6 5 
11 28 12 -11 22 22 7 -9 21 9 3 19 25 13 16 12 23 25 27 -15 
4 24 1 -20 11 28 18 -24 13 -9 2 -17 26 25 13 18 -5 -22 -15 7 
-16 15 -5 1 29 26 16 22 17 15 23 24 18 16 3 -9 6 22 1 7 
39
5
2 16
1 19
19 11
1 18
5 0
17 3
18 0
0 8
18 1
14 19
6
13 5 15
0 3 11
11 9 9
6 14 15
19 16 11
8 10 9
26
19 7
0 18
1 6
8 3
15 2
7 8
9 14
13 16
17 14
14 12
4 18
14 17
15 13
0 12
19 1
18 13
11 16
4 17
12 11
10 5
6 3
2 5
5 7
15 1
5 2
4 6
