20 20
1 6 15 8 -9 10 22 9 20 19 -3 21 23 7 -15 5 -16 -13 13 10 
5 19 7 3 5 18 1 21 7 -7 21 20 -11 -6 -14 5 14 22 13 11 
-15 3 19 7 7 5 0 13 -1 7 0 7 0 -8 13 4 7 23 -10 14 
15 5 9 -11 10 14 11 18 5 22 22 20 7 18 8 8 9 13 5 11 
1 13 17 14 6 18 9 -8 3 1 13 14 -17 7 20 -18 -4 8 15 15 
11 0 -14 9 7 13 5 16 -21 16 14 20 18 -8 18 8 21 -22 22 5 
6 1 20 7 14 -14 -3 19 -20 15 -20 12 -2 20 11 -16 15 1 15 -8 
19 18 23 16 19 3 20 -9 -13 21 -18 20 12 -5 20 -16 -5 11 -1 4 
5 -10 15 13 21 9 12 13 4 15 -4 9 -9 -22 0 22 5 7 18 15 
6 11 22 2 15 7 16 0 15 1 1 -21 21 -12 11 22 -14 2 -23 11 
11 -23 2 -14 22 11 -12 21 -21 1 1 15 0 16 7 15 2 22 11 6 
15 18 7 5 22 0 -22 -9 9 -4 15 4 13 12 9 21 13 15 -10 5 
4 -1 11 -5 -16 20 -5 12 20 -18 21 -13 -9 20 3 19 16 23 18 19 
-8 15 1 15 -16 11 20 -2 12 -20 15 -20 19 -3 -14 14 7 20 1 6 
5 22 -22 21 8 18 -8 18 20 14 16 -21 16 5 13 7 9 -14 0 11 
15 15 8 -4 -18 20 7 -17 14 13 1 3 -8 9 18 6 14 17 13 1 
11 5 13 9 8 8 18 7 20 22 22 5 18 11 14 10 -11 9 5 15 
14 -10 23 7 4 13 -8 0 7 0 7 -1 13 0 5 7 7 19 3 -15 
11 13 22 14 5 -14 -6 -11 20 21 -7 7 21 1 18 5 3 7 19 5 
10 13 -13 -16 5 -15 7 23 21 -3 19 20 9 22 10 -9 8 15 6 1 
40
6
16 8
5 11
2 0
1 9
16 13
7 5
3 11
14 8
17 19
18 10
3 6
12 14
12
0 16 14
18 16 15
6 19 9
12 5 9
0 10 10
12 13 11
19 3 14
1 3 15
13 0 9
7 14 9
19 9 10
7 6 11
40
19 7
2 13
13 8
19 12
1 0
1 8
4 0
8 2
19 11
11 7
15 8
10 19
12 19
19 6
8 6
13 12
0 18
11 0
14 7
18 3
0 12
17 6
6 11
0 7
18 19
18 11
15 19
11 17
0 8
8 12
4 11
9 0
7 0
0 13
11 13
6 7
19 1
8 19
5 12
1 16
