20 20
18 -8 6 7 4 6 5 8 -12 17 10 -11 2 2 13 13 -7 7 12 -3 
-7 6 16 17 6 15 9 12 9 17 9 2 14 14 11 -8 3 -8 9 3 
10 9 8 6 -10 14 2 11 10 -17 14 7 6 15 -12 7 -18 -3 10 -15 
-11 -15 -6 16 14 -5 -4 5 4 11 3 11 -14 8 8 3 17 -7 17 -7 
17 -5 -17 7 -8 16 13 -9 10 2 5 11 12 9 -7 2 -4 2 12 6 
-11 7 12 11 15 12 10 10 5 0 10 8 9 18 5 10 4 14 -3 7 
-8 4 9 9 15 -14 16 8 9 14 -10 5 18 -3 2 12 13 11 4 3 
7 11 13 -16 3 -3 7 0 18 -8 4 7 7 16 0 -15 5 18 -12 0 
13 16 -14 12 6 -7 8 2 4 6 17 5 12 6 5 12 15 5 -1 -14 
17 8 0 -2 15 10 -4 8 12 3 1 12 2 13 -15 18 7 9 6 6 
6 6 9 7 18 -15 13 2 12 1 3 12 8 -4 10 15 -2 0 8 17 
-14 -1 5 15 12 5 6 12 5 17 6 4 2 8 -7 6 12 -14 16 13 
0 -12 18 5 -15 0 16 7 7 4 -8 18 0 7 -3 3 -16 13 11 7 
3 4 11 13 12 2 -3 18 5 -10 14 9 8 16 -14 15 9 9 4 -8 
7 -3 14 4 10 5 18 9 8 10 0 5 10 10 12 15 11 12 7 -11 
6 12 2 -4 2 -7 9 12 11 5 2 10 -9 13 16 -8 7 -17 -5 17 
-7 17 -7 17 3 8 8 -14 11 3 11 4 5 -4 -5 14 16 -6 -15 -11 
-15 10 -3 -18 7 -12 15 6 7 14 -17 10 11 2 14 -10 6 8 9 10 
3 9 -8 3 -8 11 14 14 2 9 17 9 12 9 15 6 17 16 6 -7 
-3 12 7 -7 13 13 2 2 -11 10 17 -12 8 5 6 4 7 6 -8 18 
56
2
8 7
18 10
11 12
1 9
14
4 15 16
8 18 14
9 5 16
14 5 11
0 9 9
5 12 16
8 4 15
15 4 16
11 1 14
10 14 16
5 14 11
19 10 9
14 7 16
11 15 15
26
8 11
19 3
7 2
0 18
5 16
11 10
6 2
4 3
2 6
19 0
11 2
13 6
1 2
11 8
0 16
12 17
19 1
14 3
8 9
13 17
15 16
17 13
0 19
8 17
6 13
18 17
