20 20
5 -13 2 4 9 6 -8 5 12 9 -6 10 14 3 7 2 4 -1 3 -1 
11 11 2 11 7 3 12 12 7 9 12 2 -1 1 10 -1 10 13 -7 13 
6 -10 4 2 9 11 14 8 -14 11 -1 3 14 9 -13 14 -9 6 9 0 
9 9 3 -3 10 11 1 14 -3 12 -13 9 5 -5 5 3 12 5 3 14 
-11 1 9 12 11 3 6 14 2 9 10 0 6 -6 11 13 4 12 5 12 
-6 10 10 -4 -11 3 5 4 5 14 -13 9 10 7 -13 9 9 1 6 -3 
-3 8 -9 14 8 6 2 -8 -12 14 -2 4 -14 8 12 -2 2 7 10 8 
7 6 -12 7 10 10 -5 7 -13 8 9 4 12 11 6 2 4 -12 -10 9 
0 9 13 14 4 9 0 5 0 -12 12 9 8 -9 8 5 8 10 4 13 
-11 -5 6 -12 0 -1 1 4 11 4 8 13 -9 2 1 12 8 5 1 3 
3 1 5 8 12 1 2 -9 13 8 4 11 4 1 -1 0 -12 6 -5 -11 
13 4 10 8 5 8 -9 8 9 12 -12 0 5 0 9 4 14 13 9 0 
9 -10 -12 4 2 6 11 12 4 9 8 -13 7 -5 10 10 7 -12 6 7 
8 10 7 2 -2 12 8 -14 4 -2 14 -12 -8 2 6 8 14 -9 8 -3 
-3 6 1 9 9 -13 7 10 9 -13 14 5 4 5 3 -11 -4 10 10 -6 
12 5 12 4 13 11 -6 6 0 10 9 2 14 6 3 11 12 9 1 -11 
14 3 5 12 3 5 -5 5 9 -13 12 -3 14 1 11 10 -3 3 9 9 
0 9 6 -9 14 -13 9 14 3 -1 11 -14 8 14 11 9 2 4 -10 6 
13 -7 13 10 -1 10 1 -1 2 12 9 7 12 12 3 7 11 2 11 11 
-1 3 -1 4 2 7 3 14 10 -6 9 12 5 -8 6 9 4 2 -13 5 
38
2
8 5
18 4
11 14
1 15
18
2 6 16
16 19 12
13 3 9
8 17 15
12 4 14
13 5 8
9 5 16
17 19 8
12 17 11
17 13 16
3 0 12
6 16 9
11 2 15
7 15 14
6 14 8
10 14 16
2 0 8
7 2 11
32
17 10
6 5
5 4
3 11
6 1
5 0
5 10
0 3
4 7
10 16
15 10
0 6
5 15
10 9
13 17
12 15
2 9
13 14
14 15
16 8
13 18
14 19
14 9
19 16
15 12
9 3
4 9
19 13
14 4
9 10
6 2
7 4
