20 20
7 15 12 17 -5 -10 14 -17 7 1 11 11 8 -1 -9 8 6 -7 10 16 
11 17 7 9 4 -7 -4 6 12 12 -10 2 0 17 15 18 -6 1 10 6 
-7 -10 15 4 15 0 3 3 -16 18 -6 14 10 16 14 12 4 -5 11 12 
-16 10 -10 -18 -3 16 2 12 12 7 13 4 -3 13 17 6 2 -7 -17 1 
2 -2 4 2 8 2 18 -3 10 7 14 -8 14 17 5 17 1 5 16 9 
-8 -7 8 -13 10 -4 -1 9 18 -3 3 16 9 3 12 16 6 15 5 18 
1 15 5 -10 7 -12 2 4 14 7 1 15 3 -17 -12 7 4 -5 18 0 
11 -9 18 -3 16 -11 -10 -7 -6 2 10 -1 17 10 -15 13 -13 18 10 -17 
1 17 4 3 -16 17 12 6 6 6 4 1 12 -13 8 1 2 -9 -1 12 
10 -15 18 -7 16 2 18 13 8 18 8 18 2 13 4 8 5 8 2 3 
3 2 8 5 8 4 13 2 18 8 18 8 13 18 2 16 -7 18 -15 10 
12 -1 -9 2 1 8 -13 12 1 4 6 6 6 12 17 -16 3 4 17 1 
-17 10 18 -13 13 -15 10 17 -1 10 2 -6 -7 -10 -11 16 -3 18 -9 11 
0 18 -5 4 7 -12 -17 3 15 1 7 14 4 2 -12 7 -10 5 15 1 
18 5 15 6 16 12 3 9 16 3 -3 18 9 -1 -4 10 -13 8 -7 -8 
9 16 5 1 17 5 17 14 -8 14 7 10 -3 18 2 8 2 4 -2 2 
1 -17 -7 2 6 17 13 -3 4 13 7 12 12 2 16 -3 -18 -10 10 -16 
12 11 -5 4 12 14 16 10 14 -6 18 -16 3 3 0 15 4 15 -10 -7 
6 10 1 -6 18 15 17 0 2 -10 12 12 6 -4 -7 4 9 7 17 11 
16 10 -7 6 8 -9 -1 8 11 11 1 7 -17 14 -10 -5 17 12 15 7 
40
2
9 13
10 8
10 6
9 11
6
1 10 12
16 5 16
15 19 15
18 9 12
3 14 16
4 0 15
36
18 7
11 16
16 8
12 2
19 16
6 18
5 6
0 1
3 4
7 11
9 3
13 15
18 0
7 18
7 6
0 14
6 1
16 18
1 12
8 3
3 11
7 17
0 3
13 1
14 13
19 18
16 15
12 8
10 16
6 4
1 19
12 1
12 13
19 5
13 18
3 1
