20 20
17 17 25 9 10 25 -26 3 3 4 10 -6 21 21 1 -11 18 15 11 21 
16 5 17 -13 24 -23 16 23 26 3 -9 10 25 22 27 -8 -6 -22 25 14 
15 2 15 16 1 5 -15 10 19 23 12 10 24 24 12 10 -23 22 15 19 
10 26 20 14 16 -17 13 23 -16 15 -1 -22 1 18 24 -20 20 24 13 2 
-22 24 14 20 1 14 -2 15 14 -26 19 1 24 -12 16 8 -24 9 18 6 
27 13 21 1 -17 12 1 8 21 9 11 11 27 8 -2 0 10 8 4 -5 
6 2 3 -4 18 -2 6 -2 8 -9 -22 25 25 18 21 24 1 -24 -4 13 
8 8 6 2 26 5 -26 18 19 24 -19 5 4 9 -10 -2 -10 -11 -17 10 
17 -27 3 10 26 1 21 23 2 13 11 24 10 -23 -22 3 5 13 -13 16 
18 20 -12 20 23 -1 2 -16 -11 15 -23 15 14 3 20 -16 -3 24 5 -21 
-21 5 24 -3 -16 20 3 14 15 -23 15 -11 -16 2 -1 23 20 -12 20 18 
16 -13 13 5 3 -22 -23 10 24 11 13 2 23 21 1 26 10 3 -27 17 
10 -17 -11 -10 -2 -10 9 4 5 -19 24 19 18 -26 5 26 2 6 8 8 
13 -4 -24 1 24 21 18 25 25 -22 -9 8 -2 6 -2 18 -4 3 2 6 
-5 4 8 10 0 -2 8 27 11 11 9 21 8 1 12 -17 1 21 13 27 
6 18 9 -24 8 16 -12 24 1 19 -26 14 15 -2 14 1 20 14 24 -22 
2 13 24 20 -20 24 18 1 -22 -1 15 -16 23 13 -17 16 14 20 26 10 
19 15 22 -23 10 12 24 24 10 12 23 19 10 -15 5 1 16 15 2 15 
14 25 -22 -6 -8 27 22 25 10 -9 3 26 23 16 -23 24 -13 17 5 16 
21 11 15 18 -11 1 21 21 -6 10 4 3 3 -26 25 10 9 25 17 17 
45
7
16 9
4 15
0 7
7 8
10 0
6 12
9 4
3 10
15 4
19 12
12 11
9 19
13 7
10 15
20
10 16 12
15 9 11
6 5 16
19 9 15
16 2 10
4 11 16
16 19 13
9 16 10
4 0 11
7 0 12
9 3 12
4 10 11
13 14 16
0 10 15
3 17 10
15 8 16
3 0 13
10 3 10
15 19 11
12 19 12
36
1 14
13 17
2 19
5 10
10 6
11 4
9 12
15 17
5 16
15 14
0 2
11 6
18 6
7 16
14 4
13 15
8 0
8 1
18 5
6 2
17 0
14 9
9 13
8 15
10 7
4 2
14 3
4 5
19 17
8 13
1 13
12 3
5 15
6 4
11 19
11 18
