20 20
4 2 -5 -1 2 -6 -2 -1 2 1 6 0 1 5 2 3 -1 2 -5 2 
1 -2 4 6 0 3 4 -3 5 5 6 4 5 2 -4 4 2 -3 4 5 
6 1 3 6 1 2 2 -6 5 -1 2 3 2 4 5 4 1 -3 3 3 
-3 -6 5 6 3 4 3 -1 5 6 5 -1 4 5 -5 2 2 6 4 4 
4 5 -5 -4 6 1 0 0 2 4 2 5 2 1 -4 3 6 -5 1 3 
2 1 5 2 -2 2 0 3 2 -2 1 3 6 -1 -2 4 -1 2 0 0 
5 1 5 -6 -5 4 2 -6 0 2 6 -3 3 4 6 6 1 4 1 2 
4 2 3 2 5 6 0 0 -3 4 -6 4 -5 -6 1 3 -1 0 1 2 
1 -1 5 -3 1 1 2 -1 1 1 1 -2 6 0 4 1 4 2 2 3 
-2 2 3 3 -6 5 6 1 -6 -3 -1 4 1 6 5 3 -4 4 -6 -1 
-1 -6 4 -4 3 5 6 1 4 -1 -3 -6 1 6 5 -6 3 3 2 -2 
3 2 2 4 1 4 0 6 -2 1 1 1 -1 2 1 1 -3 5 -1 1 
2 1 0 -1 3 1 -6 -5 4 -6 4 -3 0 0 6 5 2 3 2 4 
2 1 4 1 6 6 4 3 -3 6 2 0 -6 2 4 -5 -6 5 1 5 
0 0 2 -1 4 -2 -1 6 3 1 -2 2 3 0 2 -2 2 5 1 2 
3 1 -5 6 3 -4 1 2 5 2 4 2 0 0 1 6 -4 -5 5 4 
4 4 6 2 2 -5 5 4 -1 5 6 5 -1 3 4 3 6 5 -6 -3 
3 3 -3 1 4 5 4 2 3 2 -1 5 -6 2 2 1 6 3 1 6 
5 4 -3 2 4 -4 2 5 4 6 5 5 -3 4 3 0 6 4 -2 1 
2 -5 2 -1 3 2 5 1 0 6 1 2 -1 -2 -6 2 -1 -5 2 4 
30
4
17 9
2 4
3 1
5 8
2 10
17 15
16 18
14 11
18
6 14 9
7 6 10
11 1 15
10 1 16
1 11 16
0 16 15
6 15 10
6 0 12
14 16 16
13 5 9
12 13 10
8 18 15
9 18 16
18 8 16
19 3 15
13 4 10
13 19 12
5 3 16
40
2 17
10 4
3 8
9 2
10 8
2 8
0 17
1 18
5 1
16 15
8 19
0 10
14 17
9 7
3 10
6 2
16 10
15 14
0 5
1 4
17 2
9 15
16 11
10 17
9 11
17 11
19 2
18 1
14 18
3 4
11 0
19 9
5 2
10 12
16 9
13 17
3 9
4 5
19 14
18 15
