20 20
8 11 -6 7 7 9 12 0 7 11 13 10 0 5 5 0 -1 5 11 13 
-7 -9 4 7 6 6 6 6 8 -11 9 -2 4 2 -2 -13 -12 13 -3 6 
10 2 -4 -1 10 11 12 8 5 6 9 6 10 10 7 -8 11 4 10 9 
6 3 9 5 -10 11 1 9 -13 12 6 11 5 11 6 5 -3 0 4 3 
7 10 -5 13 7 1 6 -10 10 12 7 -10 -3 9 10 7 12 2 4 10 
3 12 8 10 0 0 7 4 11 9 9 5 4 8 9 -10 -13 -12 7 -1 
3 -4 -6 12 4 10 8 1 2 7 6 11 1 13 0 13 8 11 2 4 
-5 4 3 5 4 5 6 13 13 1 11 -8 6 2 0 -1 4 -8 11 8 
4 4 -12 11 -7 7 0 5 10 -3 2 -8 13 9 -5 11 -13 -1 -4 4 
3 9 1 -13 -7 0 1 5 6 0 12 10 3 1 11 3 1 0 -12 -11 
-11 -12 0 1 3 11 1 3 10 12 0 6 5 1 0 -7 -13 1 9 3 
4 -4 -1 -13 11 -5 9 13 -8 2 -3 10 5 0 7 -7 11 -12 4 4 
8 11 -8 4 -1 0 2 6 -8 11 1 13 13 6 5 4 5 3 4 -5 
4 2 11 8 13 0 13 1 11 6 7 2 1 8 10 4 12 -6 -4 3 
-1 7 -12 -13 -10 9 8 4 5 9 9 11 4 7 0 0 10 8 12 3 
10 4 2 12 7 10 9 -3 -10 7 12 10 -10 6 1 7 13 -5 10 7 
3 4 0 -3 5 6 11 5 11 6 12 -13 9 1 11 -10 5 9 3 6 
9 10 4 11 -8 7 10 10 6 9 6 5 8 12 11 10 -1 -4 2 10 
6 -3 13 -12 -13 -2 2 4 -2 9 -11 8 6 6 6 6 7 4 -9 -7 
13 11 5 -1 0 5 5 0 10 13 11 7 0 12 9 7 7 -6 11 8 
37
2
3 14
4 8
16 5
15 11
10
10 6 12
5 7 9
7 1 10
13 6 12
2 19 14
9 13 12
14 12 9
12 18 10
6 13 12
17 0 14
30
16 18
2 7
0 17
8 1
4 6
14 7
4 5
2 15
5 14
14 3
7 11
7 18
12 5
6 0
1 16
3 1
17 12
19 2
11 18
15 13
5 12
15 14
17 4
14 5
5 16
12 8
12 1
7 14
13 19
18 3
