20 20
21 25 1 11 9 5 -11 15 -22 20 23 7 2 17 21 16 -21 -4 13 -8 
8 8 -25 10 -9 -10 19 8 21 15 24 -24 12 15 22 17 25 -16 25 19 
22 -14 7 1 24 4 25 0 15 14 21 24 3 -4 19 16 5 25 19 19 
20 22 23 6 -3 16 15 20 3 9 13 15 19 6 10 9 5 22 -6 23 
-5 17 -8 18 20 22 -5 4 12 8 -6 2 25 -6 -13 8 11 -22 -22 8 
5 19 -19 15 7 -1 20 -11 0 -9 11 -17 7 1 1 -19 1 -19 7 0 
-23 -4 -24 9 -25 17 21 -23 1 23 -13 -13 16 19 19 10 9 -22 23 8 
-23 -9 -19 4 17 24 22 -19 7 -11 20 4 -23 -23 7 -11 13 -25 -9 -12 
-9 -4 22 -4 -19 4 -15 23 2 21 7 -2 -2 24 -14 21 16 1 10 6 
7 17 8 7 -16 6 -24 -6 17 23 -8 12 1 0 7 -13 -24 -3 25 21 
21 25 -3 -24 -13 7 0 1 12 -8 23 17 -6 -24 6 -16 7 8 17 7 
6 10 1 16 21 -14 24 -2 -2 7 21 2 23 -15 4 -19 -4 22 -4 -9 
-12 -9 -25 13 -11 7 -23 -23 4 20 -11 7 -19 22 24 17 4 -19 -9 -23 
8 23 -22 9 10 19 19 16 -13 -13 23 1 -23 21 17 -25 9 -24 -4 -23 
0 7 -19 1 -19 1 1 7 -17 11 -9 0 -11 20 -1 7 15 -19 19 5 
8 -22 -22 11 8 -13 -6 25 2 -6 8 12 4 -5 22 20 18 -8 17 -5 
23 -6 22 5 9 10 6 19 15 13 9 3 20 15 16 -3 6 23 22 20 
19 19 25 5 16 19 -4 3 24 21 14 15 0 25 4 24 1 7 -14 22 
19 25 -16 25 17 22 15 12 -24 24 15 21 8 19 -10 -9 10 -25 8 8 
-8 13 -4 -21 16 21 17 2 7 23 20 -22 15 -11 5 9 11 1 25 21 
58
7
1 17
11 2
10 19
19 0
5 10
13 16
13 12
18 2
8 17
9 0
0 19
14 9
6 3
6 7
6
6 10 9
0 7 12
3 17 10
13 9 9
19 12 12
16 2 10
26
6 18
18 11
16 0
16 7
17 3
19 3
18 10
6 1
11 1
7 16
6 16
3 8
15 17
13 1
1 8
3 19
3 12
2 16
0 16
1 9
13 18
8 18
12 3
13 3
16 11
4 2
