20 20
22 26 -25 26 3 -21 21 9 25 21 17 27 25 8 -6 20 -21 2 -6 13 
20 26 25 10 28 9 21 10 6 18 15 26 -27 -15 27 10 -17 7 8 -15 
3 27 12 17 -3 21 20 -7 -24 8 10 -6 -4 24 5 26 19 13 8 14 
20 6 27 4 -22 23 -25 -7 25 9 -2 5 2 7 -27 -7 21 17 22 -13 
13 15 9 2 20 2 24 -14 11 27 20 27 -17 23 1 1 18 2 1 23 
11 -24 24 21 9 24 8 7 3 8 27 1 8 26 9 18 13 7 -18 13 
23 6 -10 14 19 13 -17 7 1 7 -17 -24 22 8 20 -16 8 27 4 3 
-4 18 -14 -6 26 -4 15 9 20 -24 22 14 -14 14 16 -2 16 -9 6 18 
14 0 -2 -27 -9 10 14 25 0 2 20 4 10 14 -9 21 16 19 7 7 
-12 13 26 27 18 25 24 5 -5 17 5 -7 -9 -19 17 22 1 1 -12 5 
5 -12 1 1 22 17 -19 -9 -7 5 17 -5 5 24 25 18 27 26 13 -12 
7 7 19 16 21 -9 14 10 4 20 2 0 25 14 10 -9 -27 -2 0 14 
18 6 -9 16 -2 16 14 -14 14 22 -24 20 9 15 -4 26 -6 -14 18 -4 
3 4 27 8 -16 20 8 22 -24 -17 7 1 7 -17 13 19 14 -10 6 23 
13 -18 7 13 18 9 26 8 1 27 8 3 7 8 24 9 21 24 -24 11 
23 1 2 18 1 1 23 -17 27 20 27 11 -14 24 2 20 2 9 15 13 
-13 22 17 21 -7 -27 7 2 5 -2 9 25 -7 -25 23 -22 4 27 6 20 
14 8 13 19 26 5 24 -4 -6 10 8 -24 -7 20 21 -3 17 12 27 3 
-15 8 7 -17 10 27 -15 -27 26 15 18 6 10 21 9 28 10 25 26 20 
13 -6 2 -21 20 -6 8 25 27 17 21 25 9 21 -21 3 26 -25 26 22 
46
4
6 3
7 11
1 15
1 0
13 16
12 8
18 4
18 19
8
16 18 15
7 1 11
8 6 13
16 4 13
3 1 15
12 18 11
11 13 13
3 15 13
28
8 2
12 17
15 4
9 8
19 7
1 6
0 2
6 8
17 14
19 0
9 17
15 12
12 14
18 3
11 17
7 2
4 15
10 11
0 12
18 13
19 17
13 11
2 5
0 19
10 2
4 7
7 5
1 16
