20 20
6 6 16 7 15 0 -22 5 16 2 16 17 13 9 18 19 20 20 -17 -16 
0 20 0 7 11 -12 -21 14 -17 15 6 23 17 -18 8 9 -19 17 2 18 
7 -15 23 0 19 14 -15 21 7 20 -17 9 8 22 4 13 -14 22 16 -15 
19 19 -10 10 12 2 16 17 20 21 2 -16 15 -17 -1 15 23 2 12 16 
12 8 4 1 21 1 -20 12 16 15 15 -18 -16 -9 22 17 19 4 3 -1 
9 -1 2 23 16 7 10 7 15 1 11 1 18 23 11 23 -12 11 -3 -20 
-3 19 7 12 8 3 17 21 11 17 0 -19 22 22 2 -3 -22 -9 2 17 
11 6 3 4 13 1 4 22 18 -23 -20 8 3 17 19 2 -22 -17 15 8 
0 19 6 17 11 1 -10 13 -23 -12 13 20 5 6 -5 -12 -16 13 17 6 
10 -12 20 -17 10 -7 7 7 22 12 10 21 12 11 1 -12 17 -14 14 -19 
-19 14 -14 17 -12 1 11 12 21 10 12 22 7 7 -7 10 -17 20 -12 10 
6 17 13 -16 -12 -5 6 5 20 13 -12 -23 13 -10 1 11 17 6 19 0 
8 15 -17 -22 2 19 17 3 8 -20 -23 18 22 4 1 13 4 3 6 11 
17 2 -9 -22 -3 2 22 22 -19 0 17 11 21 17 3 8 12 7 19 -3 
-20 -3 11 -12 23 11 23 18 1 11 1 15 7 10 7 16 23 2 -1 9 
-1 3 4 19 17 22 -9 -16 -18 15 15 16 12 -20 1 21 1 4 8 12 
16 12 2 23 15 -1 -17 15 -16 2 21 20 17 16 2 12 10 -10 19 19 
-15 16 22 -14 13 4 22 8 9 -17 20 7 21 -15 14 19 0 23 -15 7 
18 2 17 -19 9 8 -18 17 23 6 15 -17 14 -21 -12 11 7 0 20 0 
-16 -17 20 20 19 18 9 13 17 16 2 16 5 -22 0 15 7 16 6 6 
40
6
10 11
6 9
16 18
14 15
14 3
18 6
9 8
13 10
3 1
5 4
5 16
1 13
18
3 17 11
13 8 11
0 14 14
2 8 12
6 0 16
14 19 9
18 11 15
9 17 15
0 18 11
16 2 11
6 11 11
19 5 14
17 11 12
13 19 16
5 0 9
1 8 15
10 2 15
19 1 11
26
16 6
4 2
0 11
17 18
9 13
11 17
14 18
6 19
14 5
10 15
14 4
6 7
1 3
3 13
15 17
19 8
2 1
10 6
8 2
5 1
13 0
5 14
9 4
5 15
13 12
18 16
