20 20
14 5 2 -7 -16 -13 14 15 2 -6 -14 12 17 10 2 12 6 10 -8 11 
-11 9 10 -12 -16 12 4 8 14 4 2 17 3 14 13 12 -17 -17 -13 4 
15 7 -17 4 6 3 8 -3 3 10 8 19 16 10 12 12 -5 -18 6 1 
-12 -6 -10 -15 5 -8 18 18 18 19 19 9 9 -13 11 -3 0 -15 13 -17 
-5 17 9 0 16 17 3 11 8 10 12 14 16 6 8 15 8 -7 -14 -10 
13 -5 9 -10 18 0 -12 4 -7 -5 10 4 16 4 11 3 3 9 17 8 
14 1 16 13 2 -8 17 -1 1 4 -18 19 -7 18 3 10 5 3 11 12 
17 19 17 4 -8 10 15 5 -15 11 0 -16 1 10 -16 -2 12 3 7 11 
7 16 15 19 -18 -19 -14 16 -3 15 12 -11 -19 -19 -6 7 7 6 13 3 
9 -1 -3 -7 3 1 6 10 1 13 5 7 14 18 19 17 -4 15 19 13 
13 19 15 -4 17 19 18 14 7 5 13 1 10 6 1 3 -7 -3 -1 9 
3 13 6 7 7 -6 -19 -19 -11 12 15 -3 16 -14 -19 -18 19 15 16 7 
11 7 3 12 -2 -16 10 1 -16 0 11 -15 5 15 10 -8 4 17 19 17 
12 11 3 5 10 3 18 -7 19 -18 4 1 -1 17 -8 2 13 16 1 14 
8 17 9 3 3 11 4 16 4 10 -5 -7 4 -12 0 18 -10 9 -5 13 
-10 -14 -7 8 15 8 6 16 14 12 10 8 11 3 17 16 0 9 17 -5 
-17 13 -15 0 -3 11 -13 9 9 19 19 18 18 18 -8 5 -15 -10 -6 -12 
1 6 -18 -5 12 12 10 16 19 8 10 3 -3 8 3 6 4 -17 7 15 
4 -13 -17 -17 12 13 14 3 17 2 4 14 8 4 12 -16 -12 10 9 -11 
11 -8 10 6 12 2 10 17 12 -14 -6 2 15 14 -13 -16 -7 2 5 14 
51
6
3 18
14 17
2 3
5 9
1 10
11 13
16 1
5 2
17 16
14 10
18 9
8 6
20
19 9 8
16 13 11
4 9 14
2 12 15
3 17 15
12 13 14
5 16 8
1 6 10
4 8 14
8 4 14
0 10 8
3 6 11
15 10 14
17 7 15
16 2 15
7 6 14
14 3 8
18 13 10
15 11 14
11 15 14
28
11 18
4 12
18 7
4 6
7 18
12 10
14 4
3 13
2 6
1 2
19 2
19 8
5 17
19 18
8 1
15 7
1 12
15 13
12 1
7 9
5 15
16 6
17 13
18 17
0 17
0 11
14 2
0 1
