20 20
27 26 -5 2 5 -10 18 1 -14 1 20 5 -26 -17 -18 2 23 14 9 -27 
4 23 7 27 8 18 18 19 21 23 12 17 -10 3 13 -8 13 6 20 -19 
-7 10 19 -12 26 13 0 19 24 25 -6 3 13 -20 18 -26 6 -20 21 6 
11 15 25 -24 11 19 -8 8 7 24 2 10 -14 5 -20 -14 3 9 9 -18 
-2 13 14 25 -25 -4 21 8 10 1 -11 -12 11 16 18 17 -14 19 7 13 
0 2 14 2 15 6 10 6 -6 23 15 23 13 1 26 3 13 9 15 1 
5 21 -23 24 26 19 -26 7 -13 7 11 -19 5 -24 13 -23 1 -22 10 11 
7 22 3 24 -12 3 24 21 -16 0 23 4 15 17 9 18 8 5 -25 -14 
-1 17 -19 4 -20 -15 -6 1 9 -8 26 0 -27 -22 26 -2 15 9 13 5 
-1 24 27 26 -8 -21 -7 19 18 17 -18 16 19 18 -24 -10 16 9 -12 26 
26 -12 9 16 -10 -24 18 19 16 -18 17 18 19 -7 -21 -8 26 27 24 -1 
5 13 9 15 -2 26 -22 -27 0 26 -8 9 1 -6 -15 -20 4 -19 17 -1 
-14 -25 5 8 18 9 17 15 4 23 0 -16 21 24 3 -12 24 3 22 7 
11 10 -22 1 -23 13 -24 5 -19 11 7 -13 7 -26 19 26 24 -23 21 5 
1 15 9 13 3 26 1 13 23 15 23 -6 6 10 6 15 2 14 2 0 
13 7 19 -14 17 18 16 11 -12 -11 1 10 8 21 -4 -25 25 14 13 -2 
-18 9 9 3 -14 -20 5 -14 10 2 24 7 8 -8 19 11 -24 25 15 11 
6 21 -20 6 -26 18 -20 13 3 -6 25 24 19 0 13 26 -12 19 10 -7 
-19 20 6 13 -8 13 3 -10 17 12 23 21 19 18 18 8 27 7 23 4 
-27 9 14 23 2 -18 -17 -26 5 20 1 -14 1 18 -10 5 2 -5 26 27 
49
6
11 15
8 0
1 5
7 1
0 1
19 10
8 4
11 19
18 14
12 18
19 18
0 9
10
18 11 14
15 7 8
3 11 14
11 12 14
5 2 11
1 8 14
4 12 8
16 8 14
8 7 14
14 17 11
40
5 15
8 14
3 14
9 2
2 8
2 0
19 12
13 4
6 19
10 14
16 0
13 1
0 18
6 8
6 3
14 9
15 1
1 0
19 7
4 5
14 4
11 5
16 5
10 17
17 11
17 19
0 7
6 15
13 0
9 5
3 19
6 18
19 1
13 11
13 16
5 10
4 18
18 19
0 12
15 14
