20 20
-11 -16 10 22 18 10 5 10 17 8 0 15 -6 8 15 9 14 5 8 -3 
19 19 17 4 14 14 -2 16 22 -19 21 25 5 3 15 5 23 11 -16 10 
13 9 20 9 11 6 17 2 23 10 24 18 -21 8 20 -21 4 -11 -20 15 
-16 20 13 7 -2 15 9 8 4 8 -6 13 17 -19 2 -18 20 9 25 6 
8 2 10 -25 -7 19 25 0 -11 15 13 23 19 5 20 1 8 6 -6 12 
-23 9 8 3 0 -3 -10 17 -18 -18 1 14 23 21 -18 -22 21 -15 15 -12 
22 23 4 5 16 10 3 7 4 21 23 6 22 19 22 2 1 13 2 23 
1 21 12 18 14 -6 4 -3 11 -13 4 -18 22 25 19 -9 12 0 -24 16 
11 -19 10 -15 -13 1 -18 21 -2 23 -8 -17 4 13 8 -10 14 16 11 25 
25 -22 -18 10 -11 5 -14 12 -11 -10 12 19 -18 4 -11 15 -17 1 -24 -17 
-17 -24 1 -17 15 -11 4 -18 19 12 -10 -11 12 -14 5 -11 10 -18 -22 25 
25 11 16 14 -10 8 13 4 -17 -8 23 -2 21 -18 1 -13 -15 10 -19 11 
16 -24 0 12 -9 19 25 22 -18 4 -13 11 -3 4 -6 14 18 12 21 1 
23 2 13 1 2 22 19 22 6 23 21 4 7 3 10 16 5 4 23 22 
-12 15 -15 21 -22 -18 21 23 14 1 -18 -18 17 -10 -3 0 3 8 9 -23 
12 -6 6 8 1 20 5 19 23 13 15 -11 0 25 19 -7 -25 10 2 8 
6 25 9 20 -18 2 -19 17 13 -6 8 4 8 9 15 -2 7 13 20 -16 
15 -20 -11 4 -21 20 8 -21 18 24 10 23 2 17 6 11 9 20 9 13 
10 -16 11 23 5 15 3 5 25 21 -19 22 16 -2 14 14 4 17 19 19 
-3 8 5 14 9 15 8 -6 15 0 8 17 10 5 10 18 22 10 -16 -11 
47
3
13 2
1 0
7 8
6 17
18 19
12 11
16
19 0 9
9 19 9
3 12 9
5 11 11
14 17 11
0 16 9
3 17 13
1 2 16
0 19 9
10 0 9
16 7 9
14 8 11
5 2 11
19 3 9
16 2 13
18 17 16
40
17 0
19 8
14 11
0 4
5 4
10 11
5 18
9 6
12 5
6 11
6 19
6 15
3 14
3 7
19 5
13 6
5 1
10 14
9 12
1 5
2 19
0 11
5 8
19 15
14 15
9 8
14 1
10 13
7 14
13 8
13 0
13 4
16 5
16 12
0 14
6 13
14 18
9 5
10 7
18 14
