20 20
2 -2 1 13 16 12 14 -3 -5 15 -8 13 0 -12 7 -14 10 8 12 -10 
14 13 5 -4 0 3 14 4 1 7 7 3 9 8 14 10 12 -4 6 4 
4 15 10 5 14 8 14 15 13 0 6 10 15 9 13 1 6 3 -8 2 
11 -3 -16 -13 13 12 9 16 1 -1 14 6 -10 1 4 15 1 14 0 2 
2 2 6 -14 7 1 0 11 13 3 16 2 15 11 16 7 16 12 9 -2 
2 14 12 -1 7 -1 1 -14 2 -16 10 12 12 14 7 0 10 13 7 -7 
13 14 0 3 -3 -4 12 -15 3 1 -8 -12 4 13 16 -1 3 10 5 12 
7 12 13 -16 7 11 3 -11 4 -5 -10 5 14 7 3 -8 16 10 1 4 
7 7 3 -4 -16 -12 3 9 14 8 15 2 11 10 15 -16 3 -8 -9 5 
16 8 0 4 10 -10 -9 16 7 -5 -16 15 14 2 -7 7 11 14 7 14 
14 7 14 11 7 -7 2 14 15 -16 -5 7 16 -9 -10 10 4 0 8 16 
5 -9 -8 3 -16 15 10 11 2 15 8 14 9 3 -12 -16 -4 3 7 7 
4 1 10 16 -8 3 7 14 5 -10 -5 4 -11 3 11 7 -16 13 12 7 
12 5 10 3 -1 16 13 4 -12 -8 1 3 -15 12 -4 -3 3 0 14 13 
-7 7 13 10 0 7 14 12 12 10 -16 2 -14 1 -1 7 -1 12 14 2 
-2 9 12 16 7 16 11 15 2 16 3 13 11 0 1 7 -14 6 2 2 
2 0 14 1 15 4 1 -10 6 14 -1 1 16 9 12 13 -13 -16 -3 11 
2 -8 3 6 1 13 9 15 10 6 0 13 15 14 8 14 5 10 15 4 
4 6 -4 12 10 14 8 9 3 7 7 1 4 14 3 0 -4 5 13 14 
-10 12 8 10 -14 7 -12 0 13 -8 15 -5 -3 14 12 16 13 1 -2 2 
56
4
13 2
15 2
15 6
14 12
6 17
4 17
4 13
5 7
8
11 2 14
15 18 10
7 1 9
9 16 10
8 17 14
4 1 10
12 18 9
10 3 10
34
4 11
14 7
0 10
3 17
18 15
1 2
8 18
11 7
10 2
19 5
7 18
15 4
17 19
13 5
10 13
9 11
14 1
15 8
5 12
19 9
16 2
1 4
18 17
11 1
8 12
9 17
0 14
12 1
4 15
2 0
6 14
9 6
10 8
5 18
