20 20
28 3 7 -21 0 -12 3 27 12 5 13 -28 6 13 9 7 -6 -20 -24 -10 
-7 25 8 13 6 5 0 3 2 7 17 17 17 19 22 -22 26 25 -25 19 
19 -20 20 9 23 0 11 1 9 8 10 22 -5 16 1 -24 -27 7 3 10 
18 28 -9 15 18 7 -2 4 24 -25 15 -28 23 13 16 2 19 -4 6 17 
7 16 25 -9 12 4 14 2 3 -3 7 -15 23 -5 -11 21 8 21 28 25 
-20 -16 1 8 -23 1 2 23 11 16 21 -20 13 9 21 27 -25 17 20 21 
18 -6 16 -27 25 13 7 4 5 -13 10 5 10 14 26 12 6 7 16 24 
23 19 22 3 12 24 15 13 -27 23 25 22 -3 22 5 21 25 16 27 17 
0 10 2 23 1 22 25 7 8 2 8 13 2 4 27 12 8 6 -18 3 
23 5 -24 22 5 0 11 -23 7 26 27 -9 18 24 3 -8 2 -2 19 28 
28 19 -2 2 -8 3 24 18 -9 27 26 7 -23 11 0 5 22 -24 5 23 
3 -18 6 8 12 27 4 2 13 8 2 8 7 25 22 1 23 2 10 0 
17 27 16 25 21 5 22 -3 22 25 23 -27 13 15 24 12 3 22 19 23 
24 16 7 6 12 26 14 10 5 10 -13 5 4 7 13 25 -27 16 -6 18 
21 20 17 -25 27 21 9 13 -20 21 16 11 23 2 1 -23 8 1 -16 -20 
25 28 21 8 21 -11 -5 23 -15 7 -3 3 2 14 4 12 -9 25 16 7 
17 6 -4 19 2 16 13 23 -28 15 -25 24 4 -2 7 18 15 -9 28 18 
10 3 7 -27 -24 1 16 -5 22 10 8 9 1 11 0 23 9 20 -20 19 
19 -25 25 26 -22 22 19 17 17 17 7 2 3 0 5 6 13 8 25 -7 
-10 -24 -20 -6 7 9 13 6 -28 13 5 12 27 3 -12 0 -21 7 3 28 
32
4
15 18
4 10
6 12
5 8
4 1
15 9
13 7
14 11
6
14 2 11
7 9 16
8 11 11
5 17 11
12 10 16
11 8 11
34
13 12
2 18
9 16
4 13
7 8
18 17
1 8
9 13
3 10
15 7
8 5
0 1
3 15
6 15
4 14
11 9
18 13
6 7
17 1
10 3
15 6
12 11
1 2
18 11
10 6
16 9
4 12
11 14
19 18
16 4
13 4
15 5
8 10
1 6
