20 20
13 -1 14 5 6 5 2 13 5 16 14 -18 1 7 2 14 18 5 17 10 
-8 2 -3 13 17 -13 1 12 17 -2 10 1 -10 -3 5 3 10 13 -16 5 
6 8 7 -16 16 3 -2 16 8 16 1 -11 6 -18 4 -11 3 -12 3 14 
1 17 0 3 5 4 4 10 -5 15 -16 14 12 9 14 -11 1 11 18 13 
-15 18 12 10 8 5 -9 8 -16 -9 8 10 -5 -10 11 14 -1 2 9 -13 
-7 4 4 17 17 2 1 13 -10 7 16 8 5 12 -9 18 18 13 5 3 
13 15 -8 7 -18 7 14 8 -1 6 12 3 -4 10 11 1 10 10 4 14 
9 -7 9 5 12 17 2 -1 6 -6 0 11 -11 17 2 -4 8 11 15 9 
-2 2 -8 -18 6 -12 7 11 5 4 4 -12 4 16 -2 10 -12 6 1 17 
2 8 -8 -13 1 -10 10 2 9 11 14 14 2 18 -7 18 2 18 13 12 
12 13 18 2 18 -7 18 2 14 14 11 9 2 10 -10 1 -13 -8 8 2 
17 1 6 -12 10 -2 16 4 -12 4 4 5 11 7 -12 6 -18 -8 2 -2 
9 15 11 8 -4 2 17 -11 11 0 -6 6 -1 2 17 12 5 9 -7 9 
14 4 10 10 1 11 10 -4 3 12 6 -1 8 14 7 -18 7 -8 15 13 
3 5 13 18 18 -9 12 5 8 16 7 -10 13 1 2 17 17 4 4 -7 
-13 9 2 -1 14 11 -10 -5 10 8 -9 -16 8 -9 5 8 10 12 18 -15 
13 18 11 1 -11 14 9 12 14 -16 15 -5 10 4 4 5 3 0 17 1 
14 3 -12 3 -11 4 -18 6 -11 1 16 8 16 -2 3 16 -16 7 8 6 
5 -16 13 10 3 5 -3 -10 1 10 -2 17 12 1 -13 17 13 -3 2 -8 
10 17 5 18 14 2 7 1 -18 14 16 5 13 2 5 6 5 14 -1 13 
41
4
10 15
4 11
19 13
16 14
9 4
15 8
0 6
3 5
18
6 7 9
1 16 15
14 4 9
12 8 14
8 4 14
4 5 13
13 5 13
3 0 8
4 14 11
13 12 9
18 3 15
5 15 9
7 11 14
11 15 14
15 14 13
6 14 13
16 19 8
15 5 11
30
16 8
17 16
5 16
13 11
10 4
16 5
13 15
15 10
15 3
7 12
7 0
8 2
11 3
12 6
18 16
3 11
2 3
14 3
6 8
9 15
3 14
6 4
4 9
4 16
12 7
12 19
11 17
8 16
7 13
1 3
