20 20
0 4 -16 -15 16 -3 9 9 13 -18 14 -6 13 19 19 10 18 -13 4 10 
8 16 14 17 6 14 8 10 -4 1 12 11 -4 15 10 19 19 13 19 2 
4 -13 -14 13 2 3 -12 -13 4 -15 1 -5 11 19 19 18 -17 -6 12 12 
-4 7 -16 -3 15 9 14 18 6 1 6 7 9 2 8 15 9 17 6 14 
3 16 1 -12 4 -11 11 9 -18 2 9 13 0 15 19 2 -16 9 5 0 
-3 5 -13 -3 7 19 3 5 17 15 16 -12 5 1 1 12 16 18 3 6 
17 8 16 4 0 -3 3 15 16 11 8 9 16 14 5 14 -9 2 15 -18 
1 -13 10 2 8 7 -6 12 14 0 4 15 8 -19 12 8 2 19 1 18 
9 2 12 5 -10 -16 -3 4 8 3 15 14 -5 1 0 2 14 -9 2 -10 
19 -16 10 17 15 14 18 5 0 16 1 15 4 -10 3 10 -15 12 11 15 
15 11 12 -15 10 3 -10 4 15 1 16 0 5 18 14 15 17 10 -16 19 
-10 2 -9 14 2 0 1 -5 14 15 3 8 4 -3 -16 -10 5 12 2 9 
18 1 19 2 8 12 -19 8 15 4 0 14 12 -6 7 8 2 10 -13 1 
-18 15 2 -9 14 5 14 16 9 8 11 16 15 3 -3 0 4 16 8 17 
6 3 18 16 12 1 1 5 -12 16 15 17 5 3 19 7 -3 -13 5 -3 
0 5 9 -16 2 19 15 0 13 9 2 -18 9 11 -11 4 -12 1 16 3 
14 6 17 9 15 8 2 9 7 6 1 6 18 14 9 15 -3 -16 7 -4 
12 12 -6 -17 18 19 19 11 -5 1 -15 4 -13 -12 3 2 13 -14 -13 4 
2 19 13 19 19 10 15 -4 11 12 1 -4 10 8 14 6 17 14 16 8 
10 4 -13 18 10 19 19 13 -6 14 -18 13 9 9 -3 16 -15 -16 4 0 
38
4
3 12
17 1
2 1
4 5
16 7
2 18
17 18
15 14
14
14 6 9
18 13 14
12 9 16
9 12 15
7 18 8
7 16 14
12 11 12
5 13 9
1 6 14
7 10 16
10 7 15
12 1 8
12 3 14
7 8 12
38
16 9
15 12
2 17
8 4
9 16
0 5
5 17
18 8
2 3
4 15
3 7
17 13
17 8
18 3
9 4
19 15
8 16
15 18
13 10
3 10
4 7
17 2
11 15
10 3
19 14
14 2
1 11
17 16
15 4
16 12
2 6
2 11
1 16
10 15
0 4
11 3
4 1
6 9
