20 20
7 11 -18 26 26 2 3 3 19 3 6 6 20 12 19 -25 3 -25 20 22 
4 21 12 8 1 22 24 26 25 2 21 -5 25 10 8 19 -13 -1 7 17 
-8 4 -4 0 16 25 16 12 9 -2 25 25 -21 -7 25 2 -10 6 16 3 
-20 4 7 11 -14 -5 -24 -21 -4 -2 -12 9 22 11 4 7 2 9 8 -20 
0 -15 15 -8 11 -8 -1 25 -10 7 18 22 -7 9 26 -19 19 -15 -14 2 
-9 15 19 20 14 15 -26 1 21 8 -21 7 13 14 4 17 6 2 14 4 
13 1 -9 -7 12 -18 24 3 12 1 23 21 26 22 14 -18 5 11 14 9 
2 4 5 10 6 18 -2 17 3 -25 10 7 -7 -21 24 14 9 20 18 15 
24 8 -11 14 -5 8 9 24 7 6 -23 25 3 -15 -22 17 14 -3 -3 21 
20 3 14 16 14 6 16 -23 9 -14 13 23 2 16 9 13 3 15 2 18 
18 2 15 3 13 9 16 2 23 13 -14 9 -23 16 6 14 16 14 3 20 
21 -3 -3 14 17 -22 -15 3 25 -23 6 7 24 9 8 -5 14 -11 8 24 
15 18 20 9 14 24 -21 -7 7 10 -25 3 17 -2 18 6 10 5 4 2 
9 14 11 5 -18 14 22 26 21 23 1 12 3 24 -18 12 -7 -9 1 13 
4 14 2 6 17 4 14 13 7 -21 8 21 1 -26 15 14 20 19 15 -9 
2 -14 -15 19 -19 26 9 -7 22 18 7 -10 25 -1 -8 11 -8 15 -15 0 
-20 8 9 2 7 4 11 22 9 -12 -2 -4 -21 -24 -5 -14 11 7 4 -20 
3 16 6 -10 2 25 -7 -21 25 25 -2 9 12 16 25 16 0 -4 4 -8 
17 7 -1 -13 19 8 10 25 -5 21 2 25 26 24 22 1 8 12 21 4 
22 20 -25 3 -25 19 12 20 6 6 3 19 3 3 2 26 26 -18 11 7 
32
6
8 7
8 0
0 8
10 18
9 4
0 14
11 12
11 19
19 11
9 1
10 15
19 5
10
17 4 9
13 18 13
4 16 10
7 13 12
3 15 8
2 15 9
6 1 13
15 3 10
12 6 12
16 4 8
40
15 8
4 13
14 19
2 14
8 15
2 6
3 14
14 5
4 5
12 11
11 7
13 8
3 10
3 12
17 7
9 17
17 12
16 3
10 13
16 14
4 11
15 6
5 0
17 5
11 4
17 13
16 5
5 14
15 14
7 8
8 12
6 11
16 9
16 7
2 12
10 2
2 7
3 16
9 6
3 5
