20 20
7 13 -3 16 7 7 13 8 15 2 11 3 3 2 -5 -3 7 14 -13 -3 
6 -6 0 2 4 9 11 6 13 14 -5 10 -9 -11 6 8 11 5 1 -8 
14 2 4 13 8 15 -13 4 6 16 -16 8 1 1 -9 1 1 -9 -5 7 
16 -10 -12 5 7 12 15 2 2 4 14 0 14 0 16 -11 -5 -9 12 -13 
-5 -1 -1 0 9 7 11 -12 13 14 -2 7 -2 6 3 7 11 4 8 16 
8 12 3 6 13 8 7 15 5 -1 2 15 6 12 6 -15 12 8 -6 7 
-12 14 10 11 -8 -13 -13 15 -14 14 15 6 12 12 6 -13 9 16 3 5 
2 9 11 -2 -7 7 6 11 8 6 4 6 -6 -2 -14 11 8 2 14 4 
1 4 8 14 2 7 16 -15 1 2 9 13 10 7 1 10 -4 -9 1 -7 
-1 -4 11 4 6 7 -5 4 -2 6 12 -13 10 4 15 12 10 15 15 14 
14 15 15 10 12 15 4 10 -13 12 6 -2 4 -5 7 6 4 11 -4 -1 
-7 1 -9 -4 10 1 7 10 13 9 2 1 -15 16 7 2 14 8 4 1 
4 14 2 8 11 -14 -2 -6 6 4 6 8 11 6 7 -7 -2 11 9 2 
5 3 16 9 -13 6 12 12 6 15 14 -14 15 -13 -13 -8 11 10 14 -12 
7 -6 8 12 -15 6 12 6 15 2 -1 5 15 7 8 13 6 3 12 8 
16 8 4 11 7 3 6 -2 7 -2 14 13 -12 11 7 9 0 -1 -1 -5 
-13 12 -9 -5 -11 16 0 14 0 14 4 2 2 15 12 7 5 -12 -10 16 
7 -5 -9 1 1 -9 1 1 8 -16 16 6 4 -13 15 8 13 4 2 14 
-8 1 5 11 8 6 -11 -9 10 -5 14 13 6 11 9 4 2 0 -6 6 
-3 -13 14 7 -3 -5 2 3 3 11 2 15 8 13 7 7 16 -3 13 7 
45
8
15 4
3 10
2 5
13 2
6 2
0 15
18 2
6 16
4 15
16 9
17 14
6 17
13 17
19 4
1 17
13 3
10
19 7 11
12 8 11
18 0 9
16 14 15
0 6 14
0 12 11
7 11 11
1 19 9
3 5 15
19 13 14
26
16 5
16 11
0 2
13 1
11 9
11 1
2 3
13 9
3 13
6 7
10 12
16 3
12 2
3 14
3 8
19 17
6 18
8 10
8 18
17 16
6 10
16 6
13 12
9 7
3 16
7 17
