20 20
1 8 28 12 17 20 -7 19 27 8 -11 24 -4 -17 11 -15 26 -23 -23 7 
2 25 -15 8 -25 14 4 6 -14 26 11 13 17 7 -8 0 8 -18 -28 5 
-6 15 -26 -22 -6 -13 13 15 12 17 -19 3 10 18 17 -6 17 28 16 1 
27 17 -23 5 28 -21 -2 11 10 5 25 1 -7 -2 23 3 21 23 17 24 
24 4 -23 28 28 26 28 0 1 26 2 7 27 8 -18 4 20 3 27 -17 
-13 4 20 13 11 -17 20 -17 18 16 -15 -24 22 10 -12 10 25 -1 11 2 
-21 19 -20 -22 -15 26 16 27 21 15 16 28 13 24 26 10 15 4 15 20 
-26 4 20 7 -17 21 -15 11 22 -11 6 0 -22 16 -19 3 6 -14 1 28 
-12 -28 22 5 2 -2 21 -27 17 17 26 4 17 -2 19 24 -2 18 15 -13 
20 21 24 28 8 -11 0 6 22 13 11 -17 12 28 23 17 4 24 22 9 
9 22 24 4 17 23 28 12 -17 11 13 22 6 0 -11 8 28 24 21 20 
-13 15 18 -2 24 19 -2 17 4 26 17 17 -27 21 -2 2 5 22 -28 -12 
28 1 -14 6 3 -19 16 -22 0 6 -11 22 11 -15 21 -17 7 20 4 -26 
20 15 4 15 10 26 24 13 28 16 15 21 27 16 26 -15 -22 -20 19 -21 
2 11 -1 25 10 -12 10 22 -24 -15 16 18 -17 20 -17 11 13 20 4 -13 
-17 27 3 20 4 -18 8 27 7 2 26 1 0 28 26 28 28 -23 4 24 
24 17 23 21 3 23 -2 -7 1 25 5 10 11 -2 -21 28 5 -23 17 27 
1 16 28 17 -6 17 18 10 3 -19 17 12 15 13 -13 -6 -22 -26 15 -6 
5 -28 -18 8 0 -8 7 17 13 11 26 -14 6 4 14 -25 8 -15 25 2 
7 -23 -23 26 -15 11 -17 -4 24 -11 8 27 19 -7 20 17 12 28 8 1 
53
6
19 1
5 17
11 15
13 9
8 6
10 14
0 18
14 2
8 4
6 10
11 13
9 5
6
17 2 12
2 6 16
5 8 8
2 17 12
17 13 16
14 11 8
36
15 18
4 9
15 2
5 6
16 11
15 4
11 0
16 17
11 6
17 11
14 17
15 3
5 11
13 4
14 18
12 3
3 9
9 13
4 1
15 10
4 17
14 13
3 8
4 15
8 19
3 2
8 13
2 8
5 2
4 16
14 8
6 15
5 1
7 16
16 10
10 6
