20 20
-20 13 -11 6 -13 -25 -19 14 11 18 -25 21 6 0 17 23 17 25 7 8 
14 0 12 1 -7 19 9 18 16 -23 12 -1 7 6 21 13 10 5 21 -8 
15 10 -18 14 -22 -8 20 3 18 24 6 3 2 19 -23 10 5 25 22 16 
-24 12 8 22 20 21 8 9 -2 8 12 4 13 -7 -19 1 9 6 6 2 
21 20 13 12 12 -23 10 1 -11 21 -17 22 24 7 -23 7 20 3 0 21 
-2 1 12 -20 12 -22 -5 8 12 23 -14 16 -20 11 21 4 -8 0 -20 15 
-6 -24 20 5 16 15 5 -11 4 -25 19 -5 9 -21 8 24 22 -24 -22 -23 
-12 3 22 13 -22 1 4 0 11 23 22 -11 16 -1 2 13 11 20 16 5 
0 -4 24 21 25 18 -9 15 17 24 10 8 13 15 18 8 25 -16 17 3 
20 -22 1 -10 3 22 13 -7 22 -23 7 20 -13 -22 18 -8 16 15 5 19 
19 5 15 16 -8 18 -22 -13 20 7 -23 22 -7 13 22 3 -10 1 -22 20 
3 17 -16 25 8 18 15 13 8 10 24 17 15 -9 18 25 21 24 -4 0 
5 16 20 11 13 2 -1 16 -11 22 23 11 0 4 1 -22 13 22 3 -12 
-23 -22 -24 22 24 8 -21 9 -5 19 -25 4 -11 5 15 16 5 20 -24 -6 
15 -20 0 -8 4 21 11 -20 16 -14 23 12 8 -5 -22 12 -20 12 1 -2 
21 0 3 20 7 -23 7 24 22 -17 21 -11 1 10 -23 12 12 13 20 21 
2 6 6 9 1 -19 -7 13 4 12 8 -2 9 8 21 20 22 8 12 -24 
16 22 25 5 10 -23 19 2 3 6 24 18 3 20 -8 -22 14 -18 10 15 
-8 21 5 10 13 21 6 7 -1 12 -23 16 18 9 19 -7 1 12 0 14 
8 7 25 17 23 17 0 6 21 -25 18 11 14 -19 -25 -13 6 -11 13 -20 
60
6
9 0
11 7
5 6
8 3
11 0
18 16
10 19
8 12
14 13
11 16
8 19
1 3
16
4 1 8
15 14 14
9 2 16
6 0 10
14 11 16
1 19 9
10 11 13
10 1 13
15 18 8
4 5 14
10 17 16
13 19 10
5 8 16
18 0 9
9 8 13
9 18 13
30
10 7
6 8
12 16
9 5
15 5
8 18
12 11
0 13
1 16
14 12
11 10
12 3
17 16
15 3
6 16
9 12
13 11
7 3
10 14
4 14
11 1
7 8
19 6
18 3
5 7
8 9
7 16
2 3
4 16
13 3
