20 20
-2 1 1 3 -1 -2 -3 2 -1 3 2 -1 -2 0 2 1 3 1 0 0 
0 1 -2 3 0 3 -2 1 3 -3 -1 -3 2 1 1 -2 2 2 -3 1 
3 -3 0 1 -2 3 -3 3 0 0 2 3 1 0 0 1 1 0 0 2 
3 0 -3 -3 2 3 2 -1 3 3 2 2 3 3 -1 3 3 -1 2 2 
-2 2 1 2 0 1 3 1 -3 1 0 1 3 3 -2 2 1 -3 0 2 
1 3 1 -2 2 0 -3 -2 2 1 0 3 3 2 -1 3 2 -2 2 3 
3 0 2 2 2 1 1 0 0 3 0 -2 3 3 2 1 0 1 0 3 
-1 0 3 -3 -2 3 0 2 1 -2 2 1 2 0 2 2 1 0 3 1 
-3 3 -2 -3 0 2 0 3 0 1 1 1 -1 1 1 3 0 -1 1 2 
2 1 1 3 -3 -2 2 3 0 2 1 -2 2 3 3 -3 1 1 1 1 
1 1 1 1 -3 3 3 2 -2 1 2 0 3 2 -2 -3 3 1 1 2 
2 1 -1 0 3 1 1 -1 1 1 1 0 3 0 2 0 -3 -2 3 -3 
1 3 0 1 2 2 0 2 1 2 -2 1 2 0 3 -2 -3 3 0 -1 
3 0 1 0 1 2 3 3 -2 0 3 0 0 1 1 2 2 2 0 3 
3 2 -2 2 3 -1 2 3 3 0 1 2 -2 -3 0 2 -2 1 3 1 
2 0 -3 1 2 -2 3 3 1 0 1 -3 1 3 1 0 2 1 2 -2 
2 2 -1 3 3 -1 3 3 2 2 3 3 -1 2 3 2 -3 -3 0 3 
2 0 0 1 1 0 0 1 3 2 0 0 3 -3 3 -2 1 0 -3 3 
1 -3 2 2 -2 1 1 2 -3 -1 -3 3 1 -2 3 0 3 -2 1 0 
0 0 1 3 1 2 0 -2 -1 2 3 -1 2 -3 -2 -1 3 1 1 -2 
33
6
3 6
17 10
8 1
11 13
2 6
18 3
16 13
2 9
11 18
8 6
17 13
1 16
6
16 9 9
3 15 13
12 7 10
3 10 9
16 4 13
7 12 10
34
11 0
6 10
2 16
19 15
10 13
6 14
2 3
14 7
10 12
6 1
10 7
3 18
5 0
9 8
19 8
3 2
13 16
8 19
13 9
17 3
0 4
9 6
13 5
17 16
5 12
9 7
13 18
9 12
16 1
14 19
10 11
0 11
16 17
6 3
