20 20
3 19 25 15 14 22 26 19 12 15 -22 0 0 6 16 24 4 8 -8 8 
-5 13 -26 4 21 24 18 2 3 10 20 -23 3 26 25 10 -3 -20 22 16 
-8 8 -2 15 7 15 22 23 20 -5 21 0 17 2 15 19 -23 4 5 20 
-2 25 24 4 24 -26 6 -3 12 24 8 -16 12 9 -22 5 4 21 4 18 
22 -11 15 23 15 13 15 1 10 15 3 21 9 -19 13 12 0 -19 18 -23 
15 13 11 -19 18 22 21 22 25 22 20 -11 -15 -8 17 23 -17 9 3 26 
10 19 17 23 10 -16 8 -14 7 17 10 5 5 -11 -7 11 18 25 14 22 
14 12 19 14 13 -13 2 24 0 9 5 19 21 25 1 -4 8 0 26 21 
5 23 1 14 13 5 2 10 -6 -19 11 14 16 -11 16 13 -15 4 -4 15 
-3 19 22 -2 12 20 24 13 -17 5 22 -10 3 19 11 13 -4 4 9 11 
11 9 4 -4 13 11 19 3 -10 22 5 -17 13 24 20 12 -2 22 19 -3 
15 -4 4 -15 13 16 -11 16 14 11 -19 -6 10 2 5 13 14 1 23 5 
21 26 0 8 -4 1 25 21 19 5 9 0 24 2 -13 13 14 19 12 14 
22 14 25 18 11 -7 -11 5 5 10 17 7 -14 8 -16 10 23 17 19 10 
26 3 9 -17 23 17 -8 -15 -11 20 22 25 22 21 22 18 -19 11 13 15 
-23 18 -19 0 12 13 -19 9 21 3 15 10 1 15 13 15 23 15 -11 22 
18 4 21 4 5 -22 9 12 -16 8 24 12 -3 6 -26 24 4 24 25 -2 
20 5 4 -23 19 15 2 17 0 21 -5 20 23 22 15 7 15 -2 8 -8 
16 22 -20 -3 10 25 26 3 -23 20 10 3 2 18 24 21 4 -26 13 -5 
8 -8 8 4 24 16 6 0 0 -22 15 12 19 26 22 14 15 25 19 3 
31
7
18 8
3 12
14 4
10 4
13 4
0 7
7 18
1 11
16 7
5 15
9 15
6 15
19 12
12 1
10
7 1 8
6 2 11
4 0 13
9 5 8
17 12 13
12 18 8
13 17 11
15 19 13
10 14 8
2 7 13
30
19 7
2 11
11 1
1 14
4 17
6 14
14 9
0 18
7 10
5 1
2 16
9 6
15 0
17 4
1 10
0 12
17 8
8 18
18 5
15 2
13 5
5 10
19 1
12 9
14 18
17 3
10 13
4 19
2 15
18 9
