20 20
19 15 17 12 10 -15 3 -9 7 2 13 -10 -3 16 -16 6 9 11 0 7 
-7 9 18 -18 4 -12 16 5 -9 4 -4 11 12 10 0 15 17 19 2 6 
16 18 17 -19 19 7 -8 12 4 2 19 18 5 13 10 0 -1 1 3 3 
19 -8 -15 -2 7 6 17 9 12 7 8 -8 13 11 14 6 4 13 4 1 
3 14 4 -2 7 12 5 19 13 15 11 4 6 -2 -17 5 -14 -4 -12 0 
13 -5 13 -12 -8 -1 12 5 4 3 -15 19 18 8 18 -14 9 17 14 14 
-10 0 -18 13 19 0 16 -5 16 -14 18 8 -3 19 13 5 -8 8 -15 12 
11 -2 16 -17 10 7 2 2 16 16 4 5 5 8 3 10 10 2 -10 -6 
-1 14 2 14 10 4 1 13 5 19 5 15 10 -3 13 19 -10 1 1 3 
-4 18 8 6 -17 7 0 11 11 12 18 -14 17 19 3 19 -10 10 -9 2 
2 -9 10 -10 19 3 19 17 -14 18 12 11 11 0 7 -17 6 8 18 -4 
3 1 1 -10 19 13 -3 10 15 5 19 5 13 1 4 10 14 2 14 -1 
-6 -10 2 10 10 3 8 5 5 4 16 16 2 2 7 10 -17 16 -2 11 
12 -15 8 -8 5 13 19 -3 8 18 -14 16 -5 16 0 19 13 -18 0 -10 
14 14 17 9 -14 18 8 18 19 -15 3 4 5 12 -1 -8 -12 13 -5 13 
0 -12 -4 -14 5 -17 -2 6 4 11 15 13 19 5 12 7 -2 4 14 3 
1 4 13 4 6 14 11 13 -8 8 7 12 9 17 6 7 -2 -15 -8 19 
3 3 1 -1 0 10 13 5 18 19 2 4 12 -8 7 19 -19 17 18 16 
6 2 19 17 15 0 10 12 11 -4 4 -9 5 16 -12 4 -18 18 9 -7 
7 0 11 9 6 -16 16 -3 -10 13 2 7 -9 3 -15 10 12 17 15 19 
57
5
0 4
3 11
9 16
11 13
17 4
19 15
16 8
10 3
8 6
2 15
6
13 17 15
2 4 15
15 1 8
6 2 15
17 15 15
4 18 8
38
2 14
1 16
16 4
1 18
3 12
16 3
17 6
5 1
15 6
0 8
11 17
8 19
8 14
8 15
4 19
16 11
2 0
10 13
17 18
17 5
18 3
3 15
18 1
16 7
3 16
2 13
14 18
4 13
19 11
8 2
11 0
11 5
11 4
15 0
3 8
17 19
9 6
2 1
