20 20
4 -6 4 -8 4 12 0 4 9 12 7 -10 -10 1 -1 -10 11 -11 -9 -5 
-1 11 -10 5 5 3 3 2 12 10 10 5 12 6 -12 -3 4 -7 6 11 
5 -3 0 11 -11 -3 6 12 4 0 4 9 5 11 10 3 -5 5 8 7 
5 2 -11 -8 5 7 -10 10 5 -12 -9 2 6 2 4 2 6 9 2 -10 
9 2 9 -4 12 7 9 12 1 1 4 4 9 3 4 5 -1 -9 -12 9 
-7 7 -5 1 -7 -8 8 3 -5 0 11 12 -7 3 3 11 10 10 5 0 
8 -6 3 1 -5 -4 7 9 3 -6 1 12 1 12 7 7 3 5 -8 10 
5 12 10 6 8 12 -6 -9 -8 8 12 -1 9 1 -4 10 10 8 10 4 
4 7 -4 -11 2 0 -7 -4 9 11 9 1 -6 0 5 -4 -7 1 10 3 
4 11 6 8 2 11 3 -10 2 11 4 -11 -9 1 2 0 11 7 -10 9 
9 -10 7 11 0 2 1 -9 -11 4 11 2 -10 3 11 2 8 6 11 4 
3 10 1 -7 -4 5 0 -6 1 9 11 9 -4 -7 0 2 -11 -4 7 4 
4 10 8 10 10 -4 1 9 -1 12 8 -8 -9 -6 12 8 6 10 12 5 
10 -8 5 3 7 7 12 1 12 1 -6 3 9 7 -4 -5 1 3 -6 8 
0 5 10 10 11 3 3 -7 12 11 0 -5 3 8 -8 -7 1 -5 7 -7 
9 -12 -9 -1 5 4 3 9 4 4 1 1 12 9 7 12 -4 9 2 9 
-10 2 9 6 2 4 2 6 2 -9 -12 5 10 -10 7 5 -8 -11 2 5 
7 8 5 -5 3 10 11 5 9 4 0 4 12 6 -3 -11 11 0 -3 5 
11 6 -7 4 -3 -12 6 12 5 10 10 12 2 3 3 5 5 -10 11 -1 
-5 -9 -11 11 -10 -1 1 -10 -10 7 12 9 4 0 12 4 -8 4 -6 4 
39
6
11 5
3 11
19 4
18 11
10 8
13 19
8 14
16 8
0 15
1 8
9 11
6 0
8
15 8 14
0 16 8
3 5 10
16 11 12
4 11 14
19 3 8
16 14 10
3 8 12
32
19 1
13 6
3 16
1 0
19 0
7 16
9 4
3 6
1 7
4 7
14 10
17 18
8 1
3 12
19 6
15 16
0 18
6 13
16 3
18 19
0 19
12 3
10 15
16 13
18 12
15 12
5 9
2 1
11 18
16 7
0 13
4 3
