20 20
5 1 5 4 0 -11 1 -6 8 -9 7 -11 5 1 6 -1 -13 2 8 13 
6 13 7 11 11 7 6 1 -9 12 6 2 4 2 14 0 14 3 -4 -14 
-7 7 8 -6 -10 14 0 10 -6 14 1 3 -8 -8 9 -3 6 10 5 12 
12 12 -14 9 -9 -5 9 -12 -4 -11 5 -11 12 -9 -3 14 13 9 -4 -5 
7 2 -3 10 -11 9 9 8 0 8 -2 -4 0 -7 1 5 3 1 14 12 
6 -2 10 9 9 -7 1 4 4 9 8 9 -4 11 12 14 -6 3 11 8 
12 8 -10 3 -5 -1 12 -9 1 7 13 11 3 10 3 3 -7 6 14 5 
0 3 6 12 11 5 7 10 -12 6 3 9 -2 12 7 4 -10 -13 6 -10 
9 0 11 4 11 -13 6 2 0 -9 4 5 -2 9 -4 8 6 -6 10 10 
9 5 10 2 -2 7 5 -6 11 5 2 3 9 -4 0 10 -14 5 2 -10 
-10 2 5 -14 10 0 -4 9 3 2 5 11 -6 5 7 -2 2 10 5 9 
10 10 -6 6 8 -4 9 -2 5 4 -9 0 2 6 -13 11 4 11 0 9 
-10 6 -13 -10 4 7 12 -2 9 3 6 -12 10 7 5 11 12 6 3 0 
5 14 6 -7 3 3 10 3 11 13 7 1 -9 12 -1 -5 3 -10 8 12 
8 11 3 -6 14 12 11 -4 9 8 9 4 4 1 -7 9 9 10 -2 6 
12 14 1 3 5 1 -7 0 -4 -2 8 0 8 9 9 -11 10 -3 2 7 
-5 -4 9 13 14 -3 -9 12 -11 5 -11 -4 -12 9 -5 -9 9 -14 12 12 
12 5 10 6 -3 9 -8 -8 3 1 14 -6 10 0 14 -10 -6 8 7 -7 
-14 -4 3 14 0 14 2 4 2 6 12 -9 1 6 7 11 11 7 13 6 
13 8 2 -13 -1 6 1 5 -11 7 -9 8 -6 1 -11 0 4 5 1 5 
51
8
7 18
16 9
10 3
10 6
10 1
2 12
4 0
13 14
12 1
3 10
9 16
9 13
9 18
17 7
15 19
6 5
14
5 7 15
8 6 9
0 12 14
18 12 9
3 6 16
1 9 13
17 1 12
14 12 15
11 13 9
19 7 14
1 7 9
16 13 16
18 10 13
2 18 12
26
17 10
10 4
3 17
9 10
1 8
2 19
17 4
13 11
17 14
17 16
4 9
15 13
10 17
2 9
9 15
16 2
10 9
18 11
17 0
2 15
6 8
2 5
2 3
15 10
4 6
9 2
