20 20
10 12 15 6 11 15 14 4 17 3 7 9 6 9 9 6 17 12 -12 -2 
-14 -4 17 15 0 0 1 11 10 10 -8 16 15 2 14 10 15 7 10 -11 
5 13 12 15 4 15 -13 1 -16 13 14 6 1 4 17 3 15 6 5 10 
-16 0 12 7 -14 -1 5 10 -1 10 -2 11 0 2 -15 10 17 13 8 17 
-2 14 11 -16 11 0 -3 2 -14 13 3 17 15 10 7 8 3 13 3 14 
5 11 1 8 15 11 2 15 -16 13 11 -13 -8 11 7 5 1 4 -4 14 
-14 7 0 3 12 -2 -16 -8 8 11 9 15 4 7 0 3 16 -4 17 16 
8 14 10 7 14 8 10 12 13 15 -16 0 17 -10 -3 4 14 17 -8 16 
9 -17 -8 5 17 1 -6 -8 3 -7 8 -6 0 7 -8 14 17 -12 16 17 
16 17 -16 -2 13 -9 14 -10 12 9 16 13 3 -4 6 14 11 3 17 12 
12 17 3 11 14 6 -4 3 13 16 9 12 -10 14 -9 13 -2 -16 17 16 
17 16 -12 17 14 -8 7 0 -6 8 -7 3 -8 -6 1 17 5 -8 -17 9 
16 -8 17 14 4 -3 -10 17 0 -16 15 13 12 10 8 14 7 10 14 8 
16 17 -4 16 3 0 7 4 15 9 11 8 -8 -16 -2 12 3 0 7 -14 
14 -4 4 1 5 7 11 -8 -13 11 13 -16 15 2 11 15 8 1 11 5 
14 3 13 3 8 7 10 15 17 3 13 -14 2 -3 0 11 -16 11 14 -2 
17 8 13 17 10 -15 2 0 11 -2 10 -1 10 5 -1 -14 7 12 0 -16 
10 5 6 15 3 17 4 1 6 14 13 -16 1 -13 15 4 15 12 13 5 
-11 10 7 15 10 14 2 15 16 -8 10 10 11 1 0 0 15 17 -4 -14 
-2 -12 12 17 6 9 9 6 9 7 3 17 4 14 15 11 6 15 12 10 
38
3
7 0
7 16
4 7
12 19
12 3
15 12
10
2 5 10
16 15 12
6 3 12
7 4 9
14 5 8
17 14 10
3 4 12
13 16 12
12 15 9
5 14 8
28
7 5
14 15
11 6
4 1
5 2
0 15
7 10
10 2
14 18
10 7
17 13
16 7
18 11
10 9
12 14
5 4
8 13
15 18
14 17
19 4
12 9
9 17
5 1
9 12
2 6
3 12
1 8
9 10
