20 20
8 13 -10 -1 16 -8 8 5 0 11 -4 9 15 14 10 14 7 12 9 10 
4 11 9 10 -10 17 1 13 8 -4 14 8 5 16 -1 6 9 5 -14 -2 
6 13 17 14 15 1 13 1 3 14 4 16 14 -1 13 0 16 1 1 -5 
5 16 2 5 0 15 12 9 -16 -6 9 9 12 9 12 9 1 9 4 16 
-1 -4 11 -11 16 6 11 16 6 11 -3 4 15 0 3 11 10 10 -5 -6 
-16 -8 5 8 10 8 9 -1 12 8 14 -10 12 5 10 5 -14 3 17 10 
16 -8 8 16 1 15 -6 -10 6 -11 17 13 9 5 15 16 6 0 7 17 
-2 13 6 -10 0 8 -13 13 8 16 -4 4 -11 17 -13 -7 3 -10 6 6 
-12 14 7 8 0 9 -14 -5 8 15 6 12 13 11 2 -11 -17 0 2 -6 
1 -3 10 8 6 11 4 4 13 15 0 7 1 -4 15 5 13 11 1 7 
7 1 11 13 5 15 -4 1 7 0 15 13 4 4 11 6 8 10 -3 1 
-6 2 0 -17 -11 2 11 13 12 6 15 8 -5 -14 9 0 8 7 14 -12 
6 6 -10 3 -7 -13 17 -11 4 -4 16 8 13 -13 8 0 -10 6 13 -2 
17 7 0 6 16 15 5 9 13 17 -11 6 -10 -6 15 1 16 8 -8 16 
10 17 3 -14 5 10 5 12 -10 14 8 12 -1 9 8 10 8 5 -8 -16 
-6 -5 10 10 11 3 0 15 4 -3 11 6 16 11 6 16 -11 11 -4 -1 
16 4 9 1 9 12 9 12 9 9 -6 -16 9 12 15 0 5 2 16 5 
-5 1 1 16 0 13 -1 14 16 4 14 3 1 13 1 15 14 17 13 6 
-2 -14 5 9 6 -1 16 5 8 14 -4 8 13 1 17 -10 10 9 11 4 
10 9 12 7 14 10 14 15 9 -4 11 0 5 8 -8 16 -1 -10 13 8 
53
3
16 18
3 16
11 18
3 1
16 3
8 1
8
17 7 9
3 19 9
19 15 12
13 2 16
2 12 9
16 0 9
0 4 12
6 17 16
34
5 15
17 1
8 3
16 4
17 3
5 13
2 10
12 13
3 10
19 6
10 7
13 10
3 12
17 16
12 1
4 3
18 7
14 4
2 18
11 16
3 15
2 16
14 6
17 9
7 6
16 9
0 13
9 12
6 9
16 7
2 3
7 18
15 16
1 12
