20 20
7 6 0 1 2 1 -3 8 3 -4 -6 5 0 -3 7 -2 7 4 -2 -6 
-5 -1 2 5 6 1 1 5 4 -5 6 5 8 1 4 -6 -4 7 -6 6 
1 1 -1 1 -3 5 7 5 -1 -1 -8 4 7 4 3 6 4 5 7 -3 
-1 2 4 8 -8 7 -7 0 3 3 7 -4 5 1 6 7 3 5 7 7 
3 6 -3 6 0 1 -6 0 7 -4 5 -1 -5 5 2 1 2 -5 -6 7 
-4 2 8 1 7 4 -1 0 4 -3 6 1 -6 0 -8 5 8 3 5 6 
5 4 -4 -2 6 7 -8 3 1 2 -4 2 8 4 6 -8 6 6 7 5 
7 8 7 8 6 -3 4 -7 -5 3 3 8 4 -1 3 0 -3 -5 4 4 
7 0 1 2 6 3 7 3 1 -3 -8 2 7 1 2 5 5 8 -4 3 
3 6 7 7 0 6 -1 -2 3 -3 4 6 5 2 1 2 2 -2 4 8 
8 4 -2 2 2 1 2 5 6 4 -3 3 -2 -1 6 0 7 7 6 3 
3 -4 8 5 5 2 1 7 2 -8 -3 1 3 7 3 6 2 1 0 7 
4 4 -5 -3 0 3 -1 4 8 3 3 -5 -7 4 -3 6 8 7 8 7 
5 7 6 6 -8 6 4 8 2 -4 2 1 3 -8 7 6 -2 -4 4 5 
6 5 3 8 5 -8 0 -6 1 6 -3 4 0 -1 4 7 1 8 2 -4 
7 -6 -5 2 1 2 5 -5 -1 5 -4 7 0 -6 1 0 6 -3 6 3 
7 7 5 3 7 6 1 5 -4 7 3 3 0 -7 7 -8 8 4 2 -1 
-3 7 5 4 6 3 4 7 4 -8 -1 -1 5 7 5 -3 1 -1 1 1 
6 -6 7 -4 -6 4 1 8 5 6 -5 4 5 1 1 6 5 2 -1 -5 
-6 -2 4 7 -2 7 -3 0 5 -6 -4 3 8 -3 1 2 1 0 6 7 
56
7
12 7
9 8
3 12
14 10
19 13
9 12
16 6
7 12
10 11
16 7
5 9
0 6
10 7
3 13
6
13 8 16
2 8 8
1 8 10
6 11 16
17 11 8
18 11 10
40
16 18
19 5
9 11
14 8
11 7
4 0
0 7
14 3
16 10
9 10
19 8
5 1
13 4
18 3
2 11
17 6
9 4
6 9
11 16
17 12
3 1
0 14
10 8
5 11
8 12
15 19
19 12
5 16
3 9
10 9
0 11
14 18
6 15
1 16
17 8
2 13
10 15
13 10
8 3
2 7
