20 20
17 15 6 15 2 13 14 8 13 7 -5 5 8 -12 10 12 5 13 -14 16 
-11 17 -9 3 -12 9 -17 16 -6 2 -16 15 10 -7 1 7 7 17 9 -11 
2 9 5 -15 10 14 12 13 5 14 2 9 16 6 5 13 15 6 7 14 
7 -6 -3 15 17 5 10 7 3 8 -4 8 4 12 0 17 15 17 2 -15 
9 4 1 6 12 3 9 12 7 -12 14 17 -2 6 -17 12 17 4 5 13 
9 -1 4 14 0 -8 2 11 12 13 12 -3 16 17 0 3 16 2 17 9 
-10 12 11 10 -2 12 14 -4 -2 -17 17 -14 11 2 5 -14 13 5 -16 7 
12 10 9 -1 14 -2 16 6 -16 -11 -6 13 3 15 -11 10 7 4 5 16 
12 13 -17 3 15 3 8 3 13 6 14 11 -7 -4 2 17 3 -5 -16 1 
-11 -10 1 -12 -3 8 -11 -11 9 7 5 14 -7 -15 3 4 14 7 0 -5 
-5 0 7 14 4 3 -15 -7 14 5 7 9 -11 -11 8 -3 -12 1 -10 -11 
1 -16 -5 3 17 2 -4 -7 11 14 6 13 3 8 3 15 3 -17 13 12 
16 5 4 7 10 -11 15 3 13 -6 -11 -16 6 16 -2 14 -1 9 10 12 
7 -16 5 13 -14 5 2 11 -14 17 -17 -2 -4 14 12 -2 10 11 12 -10 
9 17 2 16 3 0 17 16 -3 12 13 12 11 2 -8 0 14 4 -1 9 
13 5 4 17 12 -17 6 -2 17 14 -12 7 12 9 3 12 6 1 4 9 
-15 2 17 15 17 0 12 4 8 -4 8 3 7 10 5 17 15 -3 -6 7 
14 7 6 15 13 5 6 16 9 2 14 5 13 12 14 10 -15 5 9 2 
-11 9 17 7 7 1 -7 10 15 -16 2 -6 16 -17 9 -12 3 -9 17 -11 
16 -14 13 5 12 10 -12 8 5 -5 7 13 8 14 13 2 15 6 15 17 
60
7
19 17
2 16
10 19
0 12
13 9
11 14
14 12
0 2
17 3
9 0
19 7
6 10
8 5
5 7
18
7 10 11
17 18 13
4 13 11
10 11 14
0 1 11
8 18 9
17 5 16
9 13 13
16 3 13
12 9 11
2 1 13
15 6 11
9 8 14
19 18 11
11 1 9
2 14 16
10 6 13
3 16 13
38
16 11
3 18
4 18
10 16
0 6
17 8
18 1
19 3
5 19
13 10
13 16
17 4
17 7
12 3
0 10
0 3
11 19
18 8
6 2
3 8
16 1
15 1
9 3
19 13
2 11
1 18
0 16
14 0
6 9
6 3
2 15
2 12
7 16
19 9
19 16
8 0
1 11
13 17
