20 20
-26 11 -21 14 28 -7 -25 -24 8 15 21 -18 4 27 -9 -14 -20 8 9 25 
23 -24 23 2 1 -11 14 17 28 -18 21 14 -14 -15 28 -1 2 -27 20 -4 
10 -21 17 4 13 11 19 -21 12 7 -17 28 5 20 -5 11 20 28 5 1 
5 8 20 2 10 24 27 15 1 7 -22 -13 -22 19 9 24 -26 12 6 23 
2 25 12 7 9 16 9 -4 7 15 0 -21 15 -14 22 20 7 -7 -13 28 
24 13 25 25 -1 19 19 -6 15 16 22 16 1 25 -17 28 16 13 18 21 
15 10 3 14 8 16 6 13 -2 -14 1 19 27 1 19 23 -8 -26 22 -13 
25 -15 -27 19 7 1 28 6 -28 2 4 -25 3 24 17 27 -27 25 1 20 
14 -9 27 19 6 8 20 -6 4 12 21 9 -13 -9 16 -1 6 -17 18 20 
19 28 11 -11 21 1 0 17 24 25 3 1 20 12 -8 12 5 26 14 16 
16 14 26 5 12 -8 12 20 1 3 25 24 17 0 1 21 -11 11 28 19 
20 18 -17 6 -1 16 -9 -13 9 21 12 4 -6 20 8 6 19 27 -9 14 
20 1 25 -27 27 17 24 3 -25 4 2 -28 6 28 1 7 19 -27 -15 25 
-13 22 -26 -8 23 19 1 27 19 1 -14 -2 13 6 16 8 14 3 10 15 
21 18 13 16 28 -17 25 1 16 22 16 15 -6 19 19 -1 25 25 13 24 
28 -13 -7 7 20 22 -14 15 -21 0 15 7 -4 9 16 9 7 12 25 2 
23 6 12 -26 24 9 19 -22 -13 -22 7 1 15 27 24 10 2 20 8 5 
1 5 28 20 11 -5 20 5 28 -17 7 12 -21 19 11 13 4 17 -21 10 
-4 20 -27 2 -1 28 -15 -14 14 21 -18 28 17 14 -11 1 2 23 -24 23 
25 9 8 -20 -14 -9 27 4 -18 21 15 8 -24 -25 -7 28 14 -21 11 -26 
43
8
4 17
15 6
14 12
8 16
0 2
0 12
6 9
18 8
15 2
4 13
5 7
11 3
19 17
19 7
13 10
1 11
14
0 8 12
10 1 14
16 19 8
18 4 15
14 6 15
0 5 10
16 8 11
19 11 12
9 18 14
3 0 8
1 15 15
5 13 15
19 14 10
3 11 11
40
6 15
1 10
10 9
8 14
3 6
6 16
10 0
19 8
0 9
9 3
18 12
14 16
2 11
8 2
15 10
12 18
18 19
10 2
3 2
12 7
13 4
18 9
9 10
11 5
16 13
13 3
9 19
0 11
19 10
10 16
1 7
5 3
17 8
11 17
4 9
7 1
1 0
9 17
16 17
7 12
