20 20
4 -1 2 2 -7 8 -3 -1 6 -8 6 0 -6 3 -5 8 8 2 2 5 
7 2 8 4 -7 8 4 -8 8 6 8 7 1 2 3 -1 1 0 7 1 
-1 -7 4 -7 5 3 6 8 6 0 4 1 2 6 6 6 6 6 -7 7 
6 -4 4 8 4 0 -1 -3 -5 -7 -5 8 8 1 -5 7 0 -5 0 0 
1 -4 5 2 -1 7 5 5 3 6 3 8 6 8 8 -5 1 5 6 0 
-3 0 2 -8 6 7 3 2 6 8 8 2 -6 4 -8 7 6 -8 -5 -6 
-4 3 1 5 -7 8 -3 6 7 0 2 2 -2 4 -6 2 6 -8 1 2 
8 1 7 7 0 4 -5 -7 7 3 4 -8 4 5 6 -5 3 1 6 3 
4 -5 1 2 4 0 5 5 1 3 0 -5 5 -1 4 1 -6 0 1 5 
8 6 2 1 0 -8 -7 8 8 2 4 1 1 2 1 3 1 8 7 -2 
-2 7 8 1 3 1 2 1 1 4 2 8 8 -7 -8 0 1 2 6 8 
5 1 0 -6 1 4 -1 5 -5 0 3 1 5 5 0 4 2 1 -5 4 
3 6 1 3 -5 6 5 4 -8 4 3 7 -7 -5 4 0 7 7 1 8 
2 1 -8 6 2 -6 4 -2 2 2 0 7 6 -3 8 -7 5 1 3 -4 
-6 -5 -8 6 7 -8 4 -6 2 8 8 6 2 3 7 6 -8 2 0 -3 
0 6 5 1 -5 8 8 6 8 3 6 3 5 5 7 -1 2 5 -4 1 
0 0 -5 0 7 -5 1 8 8 -5 -7 -5 -3 -1 0 4 8 4 -4 6 
7 -7 6 6 6 6 6 2 1 4 0 6 8 6 3 5 -7 4 -7 -1 
1 7 0 1 -1 3 2 1 7 8 6 8 -8 4 8 -7 4 8 2 7 
5 2 2 8 8 -5 3 -6 0 6 -8 6 -1 -3 8 -7 2 2 -1 4 
50
6
9 14
12 10
6 17
18 5
3 18
17 5
10 5
7 9
13 2
1 14
16 1
2 14
10
12 16 14
6 18 14
0 14 14
5 8 9
13 12 15
7 3 14
13 1 14
19 5 14
14 11 9
6 7 15
26
3 10
9 4
8 0
13 10
14 5
6 8
15 12
19 9
8 13
13 6
18 1
12 1
12 3
16 9
10 15
11 19
6 9
5 14
13 11
4 7
0 10
11 6
6 13
1 18
7 18
7 16
