20 20
-20 12 5 8 13 10 20 20 -22 16 0 22 20 21 -17 15 22 17 -6 22 
2 18 -3 7 -5 -7 -8 21 6 -22 17 21 17 -14 4 14 -20 -22 1 -17 
5 20 -19 -2 17 12 13 -7 15 19 5 4 19 12 0 -21 21 21 3 -19 
9 20 21 22 20 9 12 5 12 -2 3 6 4 -1 15 -11 19 15 10 1 
-21 21 12 -17 21 -12 15 13 5 -14 17 10 -6 20 5 15 16 17 7 0 
-20 2 1 9 -13 6 3 22 5 10 9 18 15 4 21 14 6 9 15 4 
-15 -13 1 9 13 8 5 -16 15 20 -9 5 21 -18 21 -5 -10 13 20 16 
-10 10 19 19 7 7 -14 22 16 -12 8 21 15 2 21 -20 3 21 3 12 
2 -16 18 1 -5 2 9 -13 22 8 -14 -21 11 -14 11 2 22 2 10 19 
-8 17 5 -1 7 4 18 16 5 11 11 16 7 5 17 1 22 -22 5 11 
11 5 -22 22 1 17 5 7 16 11 11 5 16 18 4 7 -1 5 17 -8 
19 10 2 22 2 11 -14 11 -21 -14 8 22 -13 9 2 -5 1 18 -16 2 
12 3 21 3 -20 21 2 15 21 8 -12 16 22 -14 7 7 19 19 10 -10 
16 20 13 -10 -5 21 -18 21 5 -9 20 15 -16 5 8 13 9 1 -13 -15 
4 15 9 6 14 21 4 15 18 9 10 5 22 3 6 -13 9 1 2 -20 
0 7 17 16 15 5 20 -6 10 17 -14 5 13 15 -12 21 -17 12 21 -21 
1 10 15 19 -11 15 -1 4 6 3 -2 12 5 12 9 20 22 21 20 9 
-19 3 21 21 -21 0 12 19 4 5 19 15 -7 13 12 17 -2 -19 20 5 
-17 1 -22 -20 14 4 -14 17 21 17 -22 6 21 -8 -7 -5 7 -3 18 2 
22 -6 17 22 15 -17 21 20 22 0 16 -22 20 20 10 13 8 5 12 -20 
38
8
2 16
9 2
8 16
19 1
2 10
1 4
19 13
7 14
17 3
10 17
11 3
0 18
17 9
18 15
0 6
12 5
6
8 3 14
9 19 11
1 0 12
11 16 14
10 0 11
18 19 12
32
5 1
3 17
0 12
5 3
15 9
10 3
16 0
11 4
8 5
13 18
6 10
18 13
4 13
8 0
0 16
11 6
14 18
16 2
19 7
14 16
4 10
9 16
3 19
8 15
11 14
6 1
13 9
1 6
15 6
11 19
19 3
8 13
