20 20
-2 16 29 6 2 26 1 12 28 -2 -16 26 -21 1 30 -16 -2 2 25 4 
27 17 -21 8 14 -27 10 21 -15 3 -5 25 2 1 12 20 1 -23 -5 -6 
11 12 1 16 11 -14 19 4 18 5 -2 -25 -30 -19 24 30 -30 10 21 6 
6 24 19 14 23 16 30 -17 22 15 25 -6 15 0 11 17 9 12 -22 -5 
17 11 0 -17 1 18 28 25 -6 27 28 1 10 -29 19 28 30 29 29 -22 
-23 -3 15 21 27 -10 24 -18 29 -12 8 17 10 16 15 -1 28 16 30 17 
14 9 -24 -27 7 30 17 -16 16 27 -24 26 3 15 19 18 14 29 0 11 
17 13 7 24 21 23 6 21 8 19 29 8 19 25 5 24 -8 6 17 26 
-18 26 15 6 6 -23 28 -29 17 -19 24 22 8 29 21 22 30 0 24 4 
24 15 -16 4 18 30 26 -10 13 12 -25 27 16 -29 17 18 23 25 19 6 
6 19 25 23 18 17 -29 16 27 -25 12 13 -10 26 30 18 4 -16 15 24 
4 24 0 30 22 21 29 8 22 24 -19 17 -29 28 -23 6 6 15 26 -18 
26 17 6 -8 24 5 25 19 8 29 19 8 21 6 23 21 24 7 13 17 
11 0 29 14 18 19 15 3 26 -24 27 16 -16 17 30 7 -27 -24 9 14 
17 30 16 28 -1 15 16 10 17 8 -12 29 -18 24 -10 27 21 15 -3 -23 
-22 29 29 30 28 19 -29 10 1 28 27 -6 25 28 18 1 -17 0 11 17 
-5 -22 12 9 17 11 0 15 -6 25 15 22 -17 30 16 23 14 19 24 6 
6 21 10 -30 30 24 -19 -30 -25 -2 5 18 4 19 -14 11 16 1 12 11 
-6 -5 -23 1 20 12 1 2 25 -5 3 -15 21 10 -27 14 8 -21 17 27 
4 25 2 -2 -16 30 1 -21 26 -16 -2 28 12 1 26 2 6 29 16 -2 
45
3
10 15
4 1
5 2
9 4
15 18
14 17
12
8 5 10
2 5 11
9 14 16
12 9 12
13 1 15
0 2 9
11 14 10
17 14 11
10 5 16
7 10 12
6 18 15
19 17 9
30
13 2
7 16
9 3
4 10
2 8
6 5
10 9
3 2
8 6
18 17
2 11
18 11
4 17
12 15
15 7
6 17
12 3
10 16
15 9
17 11
13 14
9 10
16 17
11 13
1 2
17 8
1 8
15 2
7 4
4 12
