20 20
-5 4 5 9 -14 -6 16 18 13 -13 11 16 -6 1 -1 3 12 5 -15 2 
-1 17 9 9 -1 14 11 4 7 4 -13 8 -2 6 4 15 11 13 -11 10 
9 15 14 9 -7 -8 -4 3 9 14 -18 1 16 15 5 17 2 12 -3 17 
3 1 5 13 -12 0 13 15 17 10 13 12 12 8 -4 15 9 -4 14 11 
3 6 18 16 12 17 13 11 18 14 13 15 7 5 15 17 2 13 18 7 
2 14 12 0 1 18 11 3 6 11 7 12 1 8 -17 18 -18 -2 0 7 
16 13 6 7 6 2 -1 12 7 11 -5 14 8 11 3 11 -5 -15 -4 8 
-11 12 15 3 0 -2 8 5 7 9 10 6 9 -12 17 12 3 4 13 -14 
2 9 7 3 -6 17 14 10 -15 16 12 9 -13 3 -2 14 6 -12 9 11 
13 6 5 3 8 5 5 0 5 4 15 14 7 -7 -15 4 1 16 16 12 
12 16 16 1 4 -15 -7 7 14 15 4 5 0 5 5 8 3 5 6 13 
11 9 -12 6 14 -2 3 -13 9 12 16 -15 10 14 17 -6 3 7 9 2 
-14 13 4 3 12 17 -12 9 6 10 9 7 5 8 -2 0 3 15 12 -11 
8 -4 -15 -5 11 3 11 8 14 -5 11 7 12 -1 2 6 7 6 13 16 
7 0 -2 -18 18 -17 8 1 12 7 11 6 3 11 18 1 0 12 14 2 
7 18 13 2 17 15 5 7 15 13 14 18 11 13 17 12 16 18 6 3 
11 14 -4 9 15 -4 8 12 12 13 10 17 15 13 0 -12 13 5 1 3 
17 -3 12 2 17 5 15 16 1 -18 14 9 3 -4 -8 -7 9 14 15 9 
10 -11 13 11 15 4 6 -2 8 -13 4 7 4 11 14 -1 9 9 17 -1 
2 -15 5 12 3 -1 1 -6 16 11 -13 13 18 16 -6 -14 9 5 4 -5 
36
5
6 15
8 5
18 16
7 5
7 15
13 4
11 14
1 3
12 14
12 4
18
2 3 9
15 16 8
5 4 13
10 17 13
11 3 15
6 13 15
18 19 11
4 8 9
13 10 8
17 16 9
4 3 8
14 15 13
9 2 13
8 16 15
13 6 15
1 0 11
15 11 9
6 9 8
32
0 19
16 7
6 12
5 13
8 0
1 2
14 9
0 11
17 8
5 0
12 8
14 11
6 16
3 5
4 17
2 8
19 0
3 12
13 7
14 6
11 19
18 17
5 10
19 8
2 11
14 19
7 11
5 8
13 3
16 14
15 2
17 11
