20 20
2 10 4 21 9 20 -27 6 16 26 -18 18 12 7 1 12 6 7 6 -27 
19 -12 -13 24 -22 -13 -2 6 -27 27 16 1 -22 0 6 14 14 14 11 14 
-10 -18 -20 -23 3 17 24 -25 26 6 23 20 11 26 24 10 26 27 21 -20 
-5 21 2 -2 26 13 20 -21 -9 -3 6 12 24 7 -10 11 10 -27 -10 -3 
26 15 9 14 25 8 9 6 -16 9 27 23 21 12 23 5 -21 -6 25 5 
12 7 24 -5 -25 2 6 9 22 10 11 -8 -22 13 15 -27 11 -14 26 -15 
-27 26 12 -9 -21 20 -22 1 26 18 -12 -19 19 15 -9 10 5 6 26 18 
24 4 8 21 8 10 27 -13 15 0 0 7 13 1 3 27 19 5 20 8 
27 21 3 -1 -9 7 3 2 3 -17 5 17 0 27 23 11 14 1 -16 23 
2 6 3 -14 19 -22 7 -21 22 -15 6 17 22 1 1 18 20 16 2 25 
25 2 16 20 18 1 1 22 17 6 -15 22 -21 7 -22 19 -14 3 6 2 
23 -16 1 14 11 23 27 0 17 5 -17 3 2 3 7 -9 -1 3 21 27 
8 20 5 19 27 3 1 13 7 0 0 15 -13 27 10 8 21 8 4 24 
18 26 6 5 10 -9 15 19 -19 -12 18 26 1 -22 20 -21 -9 12 26 -27 
-15 26 -14 11 -27 15 13 -22 -8 11 10 22 9 6 2 -25 -5 24 7 12 
5 25 -6 -21 5 23 12 21 23 27 9 -16 6 9 8 25 14 9 15 26 
-3 -10 -27 10 11 -10 7 24 12 6 -3 -9 -21 20 13 26 -2 2 21 -5 
-20 21 27 26 10 24 26 11 20 23 6 26 -25 24 17 3 -23 -20 -18 -10 
14 11 14 14 14 6 0 -22 1 16 27 -27 6 -2 -13 -22 24 -13 -12 19 
-27 6 7 6 12 1 7 12 18 -18 26 16 6 -27 20 9 21 4 10 2 
37
8
13 0
15 13
8 6
5 8
10 13
6 9
13 3
8 17
6 19
4 6
11 13
14 11
9 6
13 10
6 16
11 2
16
6 0 8
9 16 12
6 2 16
6 3 16
17 18 14
16 4 9
14 9 14
11 14 12
13 19 8
10 3 12
13 17 16
13 16 16
2 1 14
3 15 9
5 10 14
8 5 12
36
8 7
5 4
19 3
6 12
5 11
3 19
4 0
6 8
0 15
15 8
5 6
18 6
2 4
0 4
4 16
11 18
17 19
4 18
11 12
14 15
0 16
13 7
14 8
16 0
15 19
13 11
19 4
4 11
14 13
1 13
17 15
19 15
15 3
8 1
2 0
15 1
