20 20
21 19 5 14 -25 1 17 -17 -6 9 -9 15 20 -1 15 1 2 2 19 27 
-15 -13 22 26 24 2 26 13 4 -12 2 -24 16 -16 16 23 10 -27 -14 8 
0 21 16 -11 -17 -12 19 7 4 1 15 25 8 16 0 21 8 14 -3 -14 
14 -10 -2 9 15 23 4 2 -14 9 -15 -11 4 -4 11 24 26 12 26 9 
27 -13 -25 12 5 4 22 16 13 24 7 23 28 2 -19 19 5 -7 26 18 
15 17 20 -13 23 25 13 4 5 13 10 22 1 27 21 -6 15 1 13 -9 
26 4 -7 -9 -19 8 -3 8 -20 28 15 3 9 2 7 10 26 -18 22 11 
13 15 27 -21 17 9 9 -19 8 27 22 17 -15 4 15 27 27 20 12 28 
-18 20 -13 5 28 18 -10 10 15 -7 -9 -7 15 24 24 10 23 7 -10 3 
-21 16 -17 5 -15 18 3 17 -26 24 9 14 27 4 1 16 24 -17 17 28 
28 17 -17 24 16 1 4 27 14 9 24 -26 17 3 18 -15 5 -17 16 -21 
3 -10 7 23 10 24 24 15 -7 -9 -7 15 10 -10 18 28 5 -13 20 -18 
28 12 20 27 27 15 4 -15 17 22 27 8 -19 9 9 17 -21 27 15 13 
11 22 -18 26 10 7 2 9 3 15 28 -20 8 -3 8 -19 -9 -7 4 26 
-9 13 1 15 -6 21 27 1 22 10 13 5 4 13 25 23 -13 20 17 15 
18 26 -7 5 19 -19 2 28 23 7 24 13 16 22 4 5 12 -25 -13 27 
9 26 12 26 24 11 -4 4 -11 -15 9 -14 2 4 23 15 9 -2 -10 14 
-14 -3 14 8 21 0 16 8 25 15 1 4 7 19 -12 -17 -11 16 21 0 
8 -14 -27 10 23 16 -16 16 -24 2 -12 4 13 26 2 24 26 22 -13 -15 
27 19 2 2 1 15 -1 20 15 -9 9 -6 -17 17 1 -25 14 5 19 21 
50
6
9 17
15 1
15 12
0 10
7 10
3 13
10 2
4 18
4 7
19 9
12 9
16 6
8
6 17 15
10 16 13
8 10 13
7 11 14
13 2 15
9 3 13
11 9 13
12 8 14
40
10 5
13 5
6 5
9 10
14 19
3 7
0 12
1 18
17 5
1 3
14 3
15 16
16 10
1 4
2 3
4 5
11 6
9 8
4 14
17 8
9 14
6 14
13 14
10 9
5 0
16 12
19 7
18 1
2 14
18 16
5 16
4 3
3 9
18 15
17 16
15 14
8 13
10 11
15 5
2 11
