20 20
17 26 23 -5 20 21 6 11 14 25 3 4 7 16 9 0 -3 -4 26 25 
-26 5 22 -20 14 19 13 23 -19 14 -4 4 0 29 19 2 21 9 28 -20 
18 -10 9 -19 24 25 25 11 12 -27 -18 6 -10 1 25 28 20 7 4 21 
15 7 0 2 18 15 -1 15 -18 17 25 16 27 23 9 15 -5 -6 -25 6 
25 20 -14 18 -18 12 10 -23 -23 20 -4 3 -26 29 23 14 13 25 12 1 
3 4 7 27 22 15 16 -21 15 17 18 16 20 14 11 6 -19 -27 13 24 
26 20 20 28 9 -18 0 18 -11 8 1 -16 3 -6 24 23 5 12 17 7 
13 2 7 19 15 24 3 1 19 0 -8 20 2 0 17 3 14 -4 5 5 
7 19 26 2 20 -17 10 15 19 23 17 -11 21 -12 6 -16 9 2 -26 1 
5 -3 26 27 -13 6 0 -28 12 10 -10 -8 28 19 25 3 5 9 26 -14 
-14 26 9 5 3 25 19 28 -8 -10 10 12 -28 0 6 -13 27 26 -3 5 
1 -26 2 9 -16 6 -12 21 -11 17 23 19 15 10 -17 20 2 26 19 7 
5 5 -4 14 3 17 0 2 20 -8 0 19 1 3 24 15 19 7 2 13 
7 17 12 5 23 24 -6 3 -16 1 8 -11 18 0 -18 9 28 20 20 26 
24 13 -27 -19 6 11 14 20 16 18 17 15 -21 16 15 22 27 7 4 3 
1 12 25 13 14 23 29 -26 3 -4 20 -23 -23 10 12 -18 18 -14 20 25 
6 -25 -6 -5 15 9 23 27 16 25 17 -18 15 -1 15 18 2 0 7 15 
21 4 7 20 28 25 1 -10 6 -18 -27 12 11 25 25 24 -19 9 -10 18 
-20 28 9 21 2 19 29 0 4 -4 14 -19 23 13 19 14 -20 22 5 -26 
25 26 -4 -3 0 9 16 7 4 3 25 14 11 6 21 20 -5 23 26 17 
32
6
1 2
9 16
2 11
19 18
12 9
3 12
18 17
10 3
17 8
0 1
7 10
16 7
16
4 14 10
10 13 15
11 18 9
9 0 16
4 16 15
6 7 14
9 8 9
16 4 16
15 5 10
9 6 15
8 1 9
10 19 16
15 3 15
13 12 14
10 11 9
3 15 16
26
5 13
6 4
18 11
0 18
10 14
8 4
0 8
3 19
13 18
1 3
15 9
7 4
0 16
14 6
13 15
1 8
19 1
9 5
11 15
19 11
16 0
6 1
18 16
4 10
12 15
19 3
