20 20
1 -5 4 -11 6 4 9 13 16 1 -15 22 7 8 16 3 22 1 8 22 
12 22 5 16 -3 -19 18 12 -16 2 -9 -12 -1 8 3 3 15 6 3 -13 
19 -2 17 20 15 -14 22 -9 14 4 -8 -9 10 -6 -12 16 -3 20 -21 6 
9 14 20 0 6 6 -20 22 9 8 8 -4 0 7 -8 20 -3 16 15 -10 
16 14 12 -8 -19 16 -1 1 21 12 18 7 5 1 17 1 16 12 7 -7 
11 19 9 17 2 -10 9 -6 8 15 10 11 19 22 8 1 12 19 2 -22 
12 12 -8 15 10 13 8 22 22 1 15 13 -3 21 15 -12 19 -13 13 8 
-3 -11 -5 15 -9 7 -16 -6 -18 -10 -18 11 13 15 18 -4 19 15 3 -11 
5 -22 -22 10 13 16 -20 3 -20 11 7 0 11 6 15 -1 12 13 16 1 
-14 18 3 -13 0 -10 13 -4 16 11 18 21 20 11 10 -22 -16 10 5 4 
4 5 10 -16 -22 10 11 20 21 18 11 16 -4 13 -10 0 -13 3 18 -14 
1 16 13 12 -1 15 6 11 0 7 11 -20 3 -20 16 13 10 -22 -22 5 
-11 3 15 19 -4 18 15 13 11 -18 -10 -18 -6 -16 7 -9 15 -5 -11 -3 
8 13 -13 19 -12 15 21 -3 13 15 1 22 22 8 13 10 15 -8 12 12 
-22 2 19 12 1 8 22 19 11 10 15 8 -6 9 -10 2 17 9 19 11 
-7 7 12 16 1 17 1 5 7 18 12 21 1 -1 16 -19 -8 12 14 16 
-10 15 16 -3 20 -8 7 0 -4 8 8 9 22 -20 6 6 0 20 14 9 
6 -21 20 -3 16 -12 -6 10 -9 -8 4 14 -9 22 -14 15 20 17 -2 19 
-13 3 6 15 3 3 8 -1 -12 -9 2 -16 12 18 -19 -3 16 5 22 12 
22 8 1 22 3 16 8 7 22 -15 1 16 13 9 4 6 -11 4 -5 1 
40
2
17 3
5 4
2 16
14 15
18
1 7 11
17 4 12
5 14 13
13 6 16
11 12 16
2 3 12
13 11 14
13 5 14
2 7 16
18 12 11
2 15 12
14 5 13
6 13 16
8 7 16
17 16 12
6 8 14
6 14 14
17 12 16
26
4 18
10 6
3 11
5 8
1 13
6 19
8 9
16 19
8 14
11 18
3 15
10 17
11 3
15 1
9 13
16 8
14 11
18 6
13 0
11 10
3 0
11 5
8 1
16 4
9 2
8 16
