20 20
16 1 -13 -3 2 3 2 -1 13 2 -9 2 7 5 -3 -9 9 10 11 -16 
3 -6 8 1 4 -2 8 16 11 -7 7 -12 16 9 11 12 6 17 -14 12 
17 3 10 2 8 5 9 -10 14 15 8 7 9 0 5 1 10 -3 11 7 
-15 -16 6 5 13 12 -13 17 3 -7 -5 17 15 5 -12 -9 14 3 -13 4 
5 4 8 11 -12 15 17 -17 6 17 16 10 6 10 2 -10 11 4 10 12 
9 12 14 17 10 -16 8 12 8 -14 6 6 12 0 -15 9 17 -14 3 -14 
6 15 4 5 -15 4 3 3 8 16 11 -1 12 4 -4 2 11 0 9 5 
-2 -1 15 17 17 6 -2 15 7 4 5 6 17 -2 7 13 13 4 11 3 
-14 0 15 4 -5 14 -5 5 -16 -3 -10 -8 -3 -15 -10 -10 7 -11 3 12 
0 11 1 8 6 -1 4 4 -7 3 -8 13 11 -10 9 -11 17 12 -16 2 
2 -16 12 17 -11 9 -10 11 13 -8 3 -7 4 4 -1 6 8 1 11 0 
12 3 -11 7 -10 -10 -15 -3 -8 -10 -3 -16 5 -5 14 -5 4 15 0 -14 
3 11 4 13 13 7 -2 17 6 5 4 7 15 -2 6 17 17 15 -1 -2 
5 9 0 11 2 -4 4 12 -1 11 16 8 3 3 4 -15 5 4 15 6 
-14 3 -14 17 9 -15 0 12 6 6 -14 8 12 8 -16 10 17 14 12 9 
12 10 4 11 -10 2 10 6 10 16 17 6 -17 17 15 -12 11 8 4 5 
4 -13 3 14 -9 -12 5 15 17 -5 -7 3 17 -13 12 13 5 6 -16 -15 
7 11 -3 10 1 5 0 9 7 8 15 14 -10 9 5 8 2 10 3 17 
12 -14 17 6 12 11 9 16 -12 7 -7 11 16 8 -2 4 1 8 -6 3 
-16 11 10 9 -9 -3 5 7 2 -9 2 13 -1 2 3 2 -3 -13 1 16 
44
3
16 4
0 14
16 17
3 15
19 5
3 2
6
16 14 15
0 10 10
7 15 15
3 5 15
19 9 10
12 4 15
40
0 11
1 17
10 17
11 15
6 14
19 15
0 17
9 19
1 0
13 0
11 14
9 16
5 9
0 2
9 8
18 16
14 1
2 16
12 8
6 18
19 8
18 2
9 2
8 4
13 5
0 4
19 2
10 0
18 19
6 19
8 5
10 3
14 10
19 17
10 11
1 3
5 18
17 3
7 11
13 1
