20 20
6 -10 11 4 23 10 22 18 8 6 11 12 -6 11 3 19 2 10 14 18 
18 -8 10 -22 11 14 8 20 -21 0 6 17 17 -19 24 4 13 13 -21 24 
15 8 -24 14 -13 20 18 9 3 0 11 14 -9 21 19 15 3 23 -6 20 
16 24 16 -6 -23 2 10 7 -15 7 24 -2 12 3 -9 1 -8 -10 22 -5 
-17 3 13 22 9 -23 -24 16 12 10 -19 13 15 11 10 20 12 20 23 21 
2 -1 21 5 -12 -18 4 4 10 -4 -10 19 0 -13 22 -13 9 4 -11 -7 
-13 -21 16 5 17 12 -6 17 13 4 24 6 1 11 -12 9 13 -20 7 6 
7 23 -22 3 6 1 -14 16 -10 20 5 7 1 10 -24 7 -6 6 11 15 
16 13 -21 16 15 22 7 4 9 2 14 -21 -24 22 14 21 17 7 -12 21 
7 12 9 23 15 5 12 22 2 15 14 6 13 18 22 24 10 11 6 5 
5 6 11 10 24 22 18 13 6 14 15 2 22 12 5 15 23 9 12 7 
21 -12 7 17 21 14 22 -24 -21 14 2 9 4 7 22 15 16 -21 13 16 
15 11 6 -6 7 -24 10 1 7 5 20 -10 16 -14 1 6 3 -22 23 7 
6 7 -20 13 9 -12 11 1 6 24 4 13 17 -6 12 17 5 16 -21 -13 
-7 -11 4 9 -13 22 -13 0 19 -10 -4 10 4 4 -18 -12 5 21 -1 2 
21 23 20 12 20 10 11 15 13 -19 10 12 16 -24 -23 9 22 13 3 -17 
-5 22 -10 -8 1 -9 3 12 -2 24 7 -15 7 10 2 -23 -6 16 24 16 
20 -6 23 3 15 19 21 -9 14 11 0 3 9 18 20 -13 14 -24 8 15 
24 -21 13 13 4 24 -19 17 17 6 0 -21 20 8 14 11 -22 10 -8 18 
18 14 10 2 19 3 11 -6 12 11 6 8 18 22 10 23 4 11 -10 6 
39
2
1 18
15 5
18 1
4 14
18
15 16 9
14 4 13
17 16 15
9 15 10
4 6 12
9 11 15
19 14 9
19 7 14
0 10 12
4 3 9
5 15 13
2 3 15
10 4 10
15 13 12
10 8 15
0 5 9
0 12 14
19 9 12
34
18 3
0 19
3 12
5 17
8 0
8 7
5 19
1 9
9 3
14 1
14 10
11 9
12 17
4 0
1 5
4 9
12 14
1 16
19 0
16 7
14 2
11 19
11 12
14 0
18 10
10 16
5 18
5 9
8 10
7 2
15 19
18 14
15 10
7 5
