20 20
19 9 11 3 23 1 11 20 17 -15 -1 -10 23 -18 16 25 25 -17 16 -7 
3 1 6 14 -3 6 15 20 11 13 25 -14 3 -11 4 18 10 -11 7 3 
7 23 -5 7 6 3 1 17 -23 19 1 22 10 23 -19 11 25 16 8 18 
7 -9 -19 22 12 14 13 -13 14 17 12 14 10 3 -3 13 -25 -20 22 23 
24 18 8 21 19 -18 23 21 14 22 24 16 0 23 19 11 5 23 25 -6 
20 1 15 7 21 20 25 0 -2 21 15 4 -19 6 -17 14 25 1 18 12 
3 10 16 23 8 18 19 6 15 2 5 1 23 18 -18 16 22 -13 -5 -22 
11 17 15 -18 -15 17 8 15 16 1 8 17 13 -7 8 14 20 -16 21 21 
-14 16 12 2 7 -20 17 7 -13 14 19 18 7 -11 25 23 21 -8 -13 1 
25 -10 4 18 7 15 16 21 15 13 1 11 7 8 -7 10 2 3 -5 -14 
-14 -5 3 2 10 -7 8 7 11 1 13 15 21 16 15 7 18 4 -10 25 
1 -13 -8 21 23 25 -11 7 18 19 14 -13 7 17 -20 7 2 12 16 -14 
21 21 -16 20 14 8 -7 13 17 8 1 16 15 8 17 -15 -18 15 17 11 
-22 -5 -13 22 16 -18 18 23 1 5 2 15 6 19 18 8 23 16 10 3 
12 18 1 25 14 -17 6 -19 4 15 21 -2 0 25 20 21 7 15 1 20 
-6 25 23 5 11 19 23 0 16 24 22 14 21 23 -18 19 21 8 18 24 
23 22 -20 -25 13 -3 3 10 14 12 17 14 -13 13 14 12 22 -19 -9 7 
18 8 16 25 11 -19 23 10 22 1 19 -23 17 1 3 6 7 -5 23 7 
3 7 -11 10 18 4 -11 3 -14 25 13 11 20 15 6 -3 14 6 1 3 
-7 16 -17 25 25 16 -18 23 -10 -1 -15 17 20 11 1 23 3 11 9 19 
45
3
16 10
6 2
6 17
3 9
13 17
13 2
10
10 18 11
13 6 10
0 7 14
18 3 12
13 14 16
9 1 11
6 13 10
19 12 14
1 16 12
6 5 16
34
14 17
17 1
12 16
0 19
17 13
0 12
15 5
7 12
15 1
14 2
19 8
13 12
9 18
18 9
6 18
0 8
10 14
5 2
2 18
7 3
19 0
2 6
19 7
4 14
12 7
4 18
5 17
0 11
6 7
10 1
1 10
13 1
19 11
9 5
