20 20
2 4 -15 -3 10 -8 17 19 -13 5 -16 -7 -2 -9 8 -3 5 -5 -16 -20 
23 -9 11 0 23 17 15 9 20 24 2 3 12 10 3 6 14 -21 19 2 
-14 11 14 1 5 24 10 6 8 15 12 7 7 7 5 10 2 12 14 -10 
22 15 -19 23 15 13 21 -12 15 9 15 11 14 10 -7 3 3 3 8 12 
4 13 -21 24 21 14 15 15 -18 3 19 7 -4 6 18 10 21 11 10 12 
-10 -15 -23 7 -1 14 -17 18 -18 -11 5 4 -3 -12 8 21 23 2 3 9 
20 18 1 20 16 14 6 -9 14 19 23 3 18 6 23 3 16 14 16 20 
7 -18 -8 18 -5 5 -3 -2 2 9 0 18 14 18 22 18 -14 -14 7 13 
8 13 -16 -19 16 21 14 11 12 -10 10 10 23 6 -12 3 9 3 -21 4 
18 3 5 12 3 -16 -7 7 -22 -21 20 16 21 14 6 24 12 3 1 2 
2 1 3 12 24 6 14 21 16 20 -21 -22 7 -7 -16 3 12 5 3 18 
4 -21 3 9 3 -12 6 23 10 10 -10 12 11 14 21 16 -19 -16 13 8 
13 7 -14 -14 18 22 18 14 18 0 9 2 -2 -3 5 -5 18 -8 -18 7 
20 16 14 16 3 23 6 18 3 23 19 14 -9 6 14 16 20 1 18 20 
9 3 2 23 21 8 -12 -3 4 5 -11 -18 18 -17 14 -1 7 -23 -15 -10 
12 10 11 21 10 18 6 -4 7 19 3 -18 15 15 14 21 24 -21 13 4 
12 8 3 3 3 -7 10 14 11 15 9 15 -12 21 13 15 23 -19 15 22 
-10 14 12 2 10 5 7 7 7 12 15 8 6 10 24 5 1 14 11 -14 
2 19 -21 14 6 3 10 12 3 2 24 20 9 15 17 23 0 11 -9 23 
-20 -16 -5 5 -3 8 -9 -2 -7 -16 5 -13 19 17 -8 10 -3 -15 4 2 
59
2
8 1
3 4
11 18
16 15
16
7 12 11
8 12 10
9 19 13
15 11 15
10 18 14
14 7 12
12 8 9
7 14 13
12 7 11
11 7 10
10 0 13
4 8 15
9 1 14
5 12 12
7 11 9
12 5 13
40
15 12
9 5
6 2
9 0
8 0
11 13
15 1
7 3
11 0
18 14
7 6
16 13
3 5
15 17
18 16
15 18
10 15
19 5
5 17
6 1
4 7
10 14
13 17
10 19
11 19
8 6
4 18
12 16
8 19
1 5
12 13
3 6
16 14
4 2
1 3
4 1
9 4
0 14
14 2
13 18
