20 20
1 1 2 1 1 -1 1 -1 2 1 3 1 3 -2 3 -3 -2 3 1 1 
1 2 3 1 1 1 3 1 3 3 0 -3 1 -1 2 -1 -1 2 2 0 
3 3 0 2 0 1 2 3 0 3 0 3 3 0 2 -3 -1 2 3 2 
3 2 1 -3 3 2 2 1 2 3 -2 1 2 -1 3 -3 3 3 -1 3 
3 3 1 2 0 -3 3 -2 -1 1 2 -2 0 0 -2 2 3 2 3 1 
-2 3 2 3 2 -1 3 -2 1 0 3 2 2 -3 2 1 3 3 0 0 
2 -1 3 0 3 0 0 0 2 2 -1 -3 1 3 3 3 -1 -2 1 3 
1 0 -1 -3 2 2 1 1 -2 1 -3 3 -1 -2 3 0 2 1 1 -2 
1 3 3 0 2 3 2 3 -1 1 3 -2 3 3 0 2 -3 0 2 2 
1 -3 -2 3 3 0 1 3 2 1 1 2 0 3 -3 2 -3 3 0 0 
0 0 3 -3 2 -3 3 0 2 1 1 2 3 1 0 3 3 -2 -3 1 
2 2 0 -3 2 0 3 3 -2 3 1 -1 3 2 3 2 0 3 3 1 
-2 1 1 2 0 3 -2 -1 3 -3 1 -2 1 1 2 2 -3 -1 0 1 
3 1 -2 -1 3 3 3 1 -3 -1 2 2 0 0 0 3 0 3 -1 2 
0 0 3 3 1 2 -3 2 2 3 0 1 -2 3 -1 2 3 2 3 -2 
1 3 2 3 2 -2 0 0 -2 2 1 -1 -2 3 -3 0 2 1 3 3 
3 -1 3 3 -3 3 -1 2 1 -2 3 2 1 2 2 3 -3 1 2 3 
2 3 2 -1 -3 2 0 3 3 0 3 0 3 2 1 0 2 0 3 3 
0 2 2 -1 -1 2 -1 1 -3 0 3 3 1 3 1 1 1 3 2 1 
1 1 3 -2 -3 3 -2 3 1 3 1 2 -1 1 -1 1 1 2 1 1 
33
4
2 13
7 16
12 16
5 18
17 6
12 3
7 3
14 1
10
0 15 14
14 3 9
1 12 11
9 17 9
11 0 13
19 4 14
5 16 9
18 7 11
10 2 9
8 19 13
34
1 15
19 14
1 16
4 2
16 13
10 8
9 15
18 12
0 12
19 12
3 2
6 11
16 3
10 18
7 0
1 8
11 10
18 4
0 5
18 3
15 17
3 6
9 11
10 4
1 7
19 7
0 7
16 17
13 8
3 16
9 1
12 19
18 11
8 9
