20 20
0 4 -11 -3 -19 18 3 16 -14 3 19 8 -19 7 2 1 0 15 -3 -19 
4 16 -4 8 7 3 4 14 -16 13 13 9 17 8 14 2 7 14 18 5 
19 13 4 3 -4 15 10 2 10 11 -3 20 1 12 17 19 16 13 -3 9 
-1 -19 15 12 1 13 -12 2 15 -2 19 19 15 -3 1 -6 1 18 13 8 
18 -4 3 20 10 19 6 11 6 10 15 10 4 -6 16 5 13 2 8 -18 
13 8 8 14 -2 7 12 3 -16 -5 2 18 1 -5 9 1 10 2 7 16 
10 9 -3 9 8 -14 -11 2 6 -18 -11 4 9 18 -2 -12 11 14 -10 8 
15 2 17 13 -20 10 13 17 16 3 4 19 -2 8 -8 13 8 4 6 13 
-5 16 6 13 8 18 10 -18 0 -2 -15 10 8 15 5 5 4 8 15 5 
17 19 3 18 3 16 20 19 11 -19 -19 13 14 10 -5 20 2 14 -18 17 
17 -18 14 2 20 -5 10 14 13 -19 -19 11 19 20 16 3 18 3 19 17 
5 15 8 4 5 5 15 8 10 -15 -2 0 -18 10 18 8 13 6 16 -5 
13 6 4 8 13 -8 8 -2 19 4 3 16 17 13 10 -20 13 17 2 15 
8 -10 14 11 -12 -2 18 9 4 -11 -18 6 2 -11 -14 8 9 -3 9 10 
16 7 2 10 1 9 -5 1 18 2 -5 -16 3 12 7 -2 14 8 8 13 
-18 8 2 13 5 16 -6 4 10 15 10 6 11 6 19 10 20 3 -4 18 
8 13 18 1 -6 1 -3 15 19 19 -2 15 2 -12 13 1 12 15 -19 -1 
9 -3 13 16 19 17 12 1 20 -3 11 10 2 10 15 -4 3 4 13 19 
5 18 14 7 2 14 8 17 9 13 13 -16 14 4 3 7 8 -4 16 4 
-19 -3 15 0 1 2 7 -19 8 19 3 -14 16 3 18 -19 -3 -11 4 0 
30
8
16 15
7 2
6 8
16 6
14 7
10 3
5 15
7 13
3 4
12 17
13 11
3 13
5 12
9 16
14 4
12 6
12
5 4 13
17 8 13
8 12 15
7 19 12
17 7 10
18 8 15
14 15 13
2 11 13
11 7 15
12 0 12
2 12 10
1 11 15
36
2 7
13 4
7 12
11 2
16 1
18 4
7 9
5 8
9 1
18 0
17 16
12 3
10 2
8 15
11 6
3 5
4 15
6 17
17 12
6 15
12 7
8 17
3 18
1 15
12 10
14 11
10 18
1 19
2 3
7 16
9 17
11 4
8 13
16 14
15 4
13 2
