20 20
2 3 2 1 1 1 3 1 -1 2 1 -2 0 3 1 -1 0 3 3 0 
-3 -1 2 1 2 2 3 2 -1 3 1 -1 3 -1 2 2 2 -2 2 -2 
3 0 0 3 3 1 1 0 -2 1 -2 3 -3 1 2 0 2 2 3 0 
-3 2 1 0 0 2 0 2 1 1 1 1 3 3 3 0 -1 0 2 1 
1 1 3 3 -2 1 1 2 3 -1 1 2 -2 2 0 3 1 3 1 -3 
-3 1 1 -3 1 -2 -2 2 1 1 1 0 2 3 3 2 -2 -1 3 3 
3 3 3 1 -2 3 3 2 3 2 -3 1 3 3 3 -3 2 -1 0 1 
1 -1 3 1 1 2 2 3 0 2 0 1 2 -2 0 -3 3 3 3 1 
-1 2 1 3 1 1 0 3 1 0 1 2 3 3 3 -2 1 1 -3 2 
0 2 1 1 1 1 0 1 0 1 3 2 1 1 -3 3 1 3 1 -1 
-1 1 3 1 3 -3 1 1 2 3 1 0 1 0 1 1 1 1 2 0 
2 -3 1 1 -2 3 3 3 2 1 0 1 3 0 1 1 3 1 2 -1 
1 3 3 3 -3 0 -2 2 1 0 2 0 3 2 2 1 1 3 -1 1 
1 0 -1 2 -3 3 3 3 1 -3 2 3 2 3 3 -2 1 3 3 3 
3 3 -1 -2 2 3 3 2 0 1 1 1 2 -2 -2 1 -3 1 1 -3 
-3 1 3 1 3 0 2 -2 2 1 -1 3 2 1 1 -2 3 3 1 1 
1 2 0 -1 0 3 3 3 1 1 1 1 2 0 2 0 0 1 2 -3 
0 3 2 2 0 2 1 -3 3 -2 1 -2 0 1 1 3 3 0 0 3 
-2 2 -2 2 2 2 -1 3 -1 1 3 -1 2 3 2 2 1 2 -1 -3 
0 3 3 0 -1 1 3 0 -2 1 2 -1 1 3 1 1 1 2 3 2 
44
7
18 2
13 4
4 15
6 10
14 12
8 18
8 14
1 17
6 15
15 4
13 9
5 7
11 1
11 5
12
15 5 11
14 16 16
11 12 10
9 7 13
19 3 13
4 9 10
4 14 11
5 3 16
8 7 10
10 12 13
0 16 13
15 10 10
30
19 7
3 7
11 10
6 14
18 1
3 0
9 14
14 0
11 3
19 2
12 6
8 15
5 11
11 2
15 16
0 12
16 12
8 9
13 5
1 18
16 19
10 5
5 19
8 16
0 17
7 13
11 4
14 8
8 17
4 3
