20 20
4 -4 0 5 3 4 2 6 1 -4 -2 -1 2 6 -5 5 4 -6 0 2 
4 4 5 -6 6 6 -4 1 6 6 2 -4 5 2 3 4 -3 5 4 4 
4 6 5 5 3 3 6 2 2 1 4 4 3 -1 2 5 2 -1 4 5 
1 2 1 3 0 4 2 5 5 5 5 -2 -1 -1 6 1 2 5 -6 0 
4 3 5 1 -2 5 2 2 2 -4 2 6 1 6 0 0 5 5 2 4 
6 5 0 5 6 2 2 3 1 1 6 3 5 0 1 2 1 -5 6 6 
6 6 1 6 5 -6 -6 6 6 0 5 6 2 1 0 5 6 -2 3 -5 
3 1 0 2 3 4 4 0 4 -4 -1 5 -1 2 6 3 1 1 0 2 
1 -6 -6 4 -3 6 3 -4 1 2 0 4 2 6 0 6 5 -1 -4 4 
6 -3 2 6 1 5 2 5 3 0 -3 5 6 -6 6 3 3 1 -5 0 
0 -5 1 3 3 6 -6 6 5 -3 0 3 5 2 5 1 6 2 -3 6 
4 -4 -1 5 6 0 6 2 4 0 2 1 -4 3 6 -3 4 -6 -6 1 
2 0 1 1 3 6 2 -1 5 -1 -4 4 0 4 4 3 2 0 1 3 
-5 3 -2 6 5 0 1 2 6 5 0 6 6 -6 -6 5 6 1 6 6 
6 6 -5 1 2 1 0 5 3 6 1 1 3 2 2 6 5 0 5 6 
4 2 5 5 0 0 6 1 6 2 -4 2 2 2 5 -2 1 5 3 4 
0 -6 5 2 1 6 -1 -1 -2 5 5 5 5 2 4 0 3 1 2 1 
5 4 -1 2 5 2 -1 3 4 4 1 2 2 6 3 3 5 5 6 4 
4 4 5 -3 4 3 2 5 -4 2 6 6 1 -4 6 6 -6 5 4 4 
2 0 -6 4 5 -5 6 2 -1 -2 -4 1 6 2 4 3 5 0 -4 4 
35
2
2 9
7 9
17 10
12 10
14
14 2 10
11 16 8
2 16 14
3 14 12
8 14 14
5 14 16
19 0 10
5 17 10
8 3 8
17 3 14
16 5 12
11 5 14
14 5 16
0 19 10
28
9 12
2 12
15 4
1 9
15 16
5 1
19 5
13 1
4 2
14 17
10 19
10 15
11 18
9 7
10 7
17 7
4 15
18 10
4 3
14 18
0 14
6 18
15 17
5 2
9 0
9 4
8 1
10 12
