20 20
0 14 -2 7 4 17 13 -4 0 12 11 6 11 8 14 16 -17 8 -7 -5 
11 15 8 1 15 -4 6 3 -1 15 14 -9 -12 -11 -3 11 2 15 17 18 
2 12 4 2 2 -9 7 -7 8 -8 1 -15 13 5 9 10 18 7 18 14 
6 15 -12 7 -9 17 4 -14 0 5 17 -9 8 2 11 10 -9 15 1 5 
6 3 3 4 1 7 -17 0 18 2 2 6 6 6 8 12 16 17 6 11 
3 16 13 -11 -10 16 8 10 14 -4 -9 18 -2 11 11 -17 5 5 1 4 
0 2 1 10 6 16 -5 17 17 -12 15 16 7 2 6 18 6 -5 12 -16 
4 9 2 -13 16 -6 1 12 -13 7 17 9 -5 5 1 12 6 8 10 8 
-17 -2 4 16 9 13 12 -16 11 0 -3 -9 -3 16 18 5 7 17 10 16 
2 -12 -9 7 -10 9 6 3 5 6 14 18 -2 -13 17 7 4 -12 2 13 
13 2 -12 4 7 17 -13 -2 18 14 6 5 3 6 9 -10 7 -9 -12 2 
16 10 17 7 5 18 16 -3 -9 -3 0 11 -16 12 13 9 16 4 -2 -17 
8 10 8 6 12 1 5 -5 9 17 7 -13 12 1 -6 16 -13 2 9 4 
-16 12 -5 6 18 6 2 7 16 15 -12 17 17 -5 16 6 10 1 2 0 
4 1 5 5 -17 11 11 -2 18 -9 -4 14 10 8 16 -10 -11 13 16 3 
11 6 17 16 12 8 6 6 6 2 2 18 0 -17 7 1 4 3 3 6 
5 1 15 -9 10 11 2 8 -9 17 5 0 -14 4 17 -9 7 -12 15 6 
14 18 7 18 10 9 5 13 -15 1 -8 8 -7 7 -9 2 2 4 12 2 
18 17 15 2 11 -3 -11 -12 -9 14 15 -1 3 6 -4 15 1 8 15 11 
-5 -7 8 -17 16 14 8 11 6 11 12 0 -4 13 17 4 7 -2 14 0 
45
8
9 12
6 18
4 19
18 1
6 0
7 1
7 5
14 3
10 7
13 1
15 0
1 18
13 19
12 18
12 14
5 16
18
6 10 8
9 0 12
1 19 12
6 1 16
1 10 8
6 7 15
8 1 12
10 0 11
14 6 12
13 9 8
10 19 12
18 0 12
13 18 16
18 9 8
13 12 15
11 18 12
9 19 11
5 13 12
34
5 17
12 2
2 0
11 10
3 13
2 17
5 8
12 13
0 3
15 18
13 6
6 19
16 18
18 4
12 17
8 17
2 5
14 2
7 17
17 19
8 9
16 6
17 2
14 11
7 6
19 16
4 1
6 13
13 0
3 1
1 15
7 2
11 2
17 14
