20 20
15 5 14 -12 8 14 4 4 -9 -18 17 -13 -7 2 13 18 9 -4 9 18 
3 17 4 -10 7 -1 -12 -17 5 14 -4 -12 -16 -6 3 1 9 17 4 13 
9 1 17 16 -5 16 -18 12 13 11 9 15 5 11 11 16 14 6 12 18 
18 13 4 13 5 13 6 -14 13 8 16 10 -12 13 2 8 -15 8 17 -8 
6 5 15 -13 -2 10 6 6 -16 16 17 2 9 11 9 18 9 16 4 -1 
15 -1 11 6 -16 -18 10 -7 -9 12 11 14 14 18 11 1 5 16 9 8 
12 15 -8 4 -15 7 -5 2 -1 7 13 15 9 -15 8 5 12 -6 1 15 
10 3 12 -7 4 16 -10 -13 -6 -11 -9 14 -12 -18 15 -12 6 7 6 -11 
11 14 2 6 -6 -11 17 7 5 -11 9 12 -18 4 6 11 6 -1 15 10 
14 3 14 18 3 4 -17 11 4 4 14 1 -6 -10 8 10 -1 -11 5 14 
14 5 -11 -1 10 8 -10 -6 1 14 4 4 11 -17 4 3 18 14 3 14 
10 15 -1 6 11 6 4 -18 12 9 -11 5 7 17 -11 -6 6 2 14 11 
-11 6 7 6 -12 15 -18 -12 14 -9 -11 -6 -13 -10 16 4 -7 12 3 10 
15 1 -6 12 5 8 -15 9 15 13 7 -1 2 -5 7 -15 4 -8 15 12 
8 9 16 5 1 11 18 14 14 11 12 -9 -7 10 -18 -16 6 11 -1 15 
-1 4 16 9 18 9 11 9 2 17 16 -16 6 6 10 -2 -13 15 5 6 
-8 17 8 -15 8 2 13 -12 10 16 8 13 -14 6 13 5 13 4 13 18 
18 12 6 14 16 11 11 5 15 9 11 13 12 -18 16 -5 16 17 1 9 
13 4 17 9 1 3 -6 -16 -12 -4 14 5 -17 -12 -1 7 -10 4 17 3 
18 9 -4 9 18 13 2 -7 -13 17 -18 -9 4 4 14 8 -12 14 5 15 
31
4
14 1
3 12
2 19
7 8
5 18
16 7
17 0
12 11
16
13 12 11
11 7 12
9 3 13
17 5 10
4 7 12
9 15 8
6 14 14
6 0 12
6 7 11
8 12 12
10 16 13
2 14 10
15 12 12
10 4 8
13 5 14
13 19 12
38
7 17
2 18
11 5
18 0
6 1
13 10
12 19
16 4
3 0
2 12
1 14
5 19
18 6
10 5
14 19
8 16
13 2
4 8
9 7
12 2
17 1
8 14
1 19
13 18
6 9
7 0
3 15
16 19
17 7
18 5
14 0
1 13
9 14
5 0
11 3
6 17
15 11
10 12
