20 20
6 24 8 18 -15 21 -1 19 27 15 7 4 16 26 10 28 9 16 0 8 
7 -5 13 26 -1 12 14 12 14 16 -4 11 19 16 6 9 22 3 9 24 
11 4 2 17 24 17 2 4 -20 7 14 26 7 -4 23 27 22 -8 5 25 
26 0 -19 -5 -5 16 22 22 -19 3 5 10 18 14 21 -3 6 8 13 4 
0 2 -3 -23 4 9 15 8 21 25 12 15 -19 -21 -18 -27 -18 21 27 6 
22 -9 9 3 11 -24 -7 28 -17 25 -5 8 20 28 9 15 6 4 6 -26 
7 -5 6 -22 20 24 17 1 18 15 8 0 17 -10 22 27 11 -23 13 5 
9 -24 4 -25 12 5 -5 1 -6 4 26 2 9 26 22 -14 24 19 8 9 
21 10 4 19 27 17 4 7 22 22 13 25 -9 10 10 -17 17 18 -27 1 
-14 9 26 2 -23 17 -2 28 3 -13 4 17 -20 -3 -12 13 17 10 -11 10 
10 -11 10 17 13 -12 -3 -20 17 4 -13 3 28 -2 17 -23 2 26 9 -14 
1 -27 18 17 -17 10 10 -9 25 13 22 22 7 4 17 27 19 4 10 21 
9 8 19 24 -14 22 26 9 2 26 4 -6 1 -5 5 12 -25 4 -24 9 
5 13 -23 11 27 22 -10 17 0 8 15 18 1 17 24 20 -22 6 -5 7 
-26 6 4 6 15 9 28 20 8 -5 25 -17 28 -7 -24 11 3 9 -9 22 
6 27 21 -18 -27 -18 -21 -19 15 12 25 21 8 15 9 4 -23 -3 2 0 
4 13 8 6 -3 21 14 18 10 5 3 -19 22 22 16 -5 -5 -19 0 26 
25 5 -8 22 27 23 -4 7 26 14 7 -20 4 2 17 24 17 2 4 11 
24 9 3 22 9 6 16 19 11 -4 16 14 12 14 12 -1 26 13 -5 7 
8 0 16 9 28 10 26 16 4 7 15 27 19 -1 21 -15 18 8 24 6 
48
4
16 7
17 5
5 1
14 9
3 12
2 14
14 18
5 10
8
11 13 15
19 5 9
1 4 15
15 0 16
8 6 15
0 14 9
18 15 15
4 19 16
34
13 3
0 2
14 0
3 5
13 18
7 5
9 16
12 18
15 14
9 14
10 18
11 18
8 5
1 18
5 8
8 10
4 18
6 16
19 17
5 19
16 14
6 1
12 14
10 3
7 1
4 5
10 5
9 1
8 1
11 14
18 1
14 11
11 9
15 1
