20 20
-2 -12 2 3 1 11 -2 5 -1 8 6 -5 11 -8 11 12 1 -7 7 5 
2 -8 1 -4 9 -11 7 3 12 12 4 12 -3 -10 4 2 12 10 9 -8 
-12 6 7 4 9 -7 1 6 5 3 4 9 8 -2 9 -3 4 -3 10 9 
5 8 2 4 0 12 -7 -8 -9 10 12 -12 -4 -8 -9 -7 -7 1 9 3 
-2 5 10 6 5 11 1 1 -5 10 6 4 12 0 -2 11 9 5 8 7 
10 3 9 5 8 -5 -4 6 5 -3 -3 11 8 -2 10 8 8 -8 12 3 
-4 6 0 2 7 1 11 1 0 5 1 9 9 4 -2 7 10 0 12 5 
1 3 8 -3 0 -1 -4 10 12 3 12 12 -1 -4 9 -12 8 6 -5 2 
-9 -8 -10 5 4 10 7 -8 5 -3 6 -1 4 -9 7 -6 -10 3 12 2 
10 -9 11 11 -6 4 5 11 9 10 -3 -1 -5 11 -12 -9 12 6 5 7 
7 5 6 12 -9 -12 11 -5 -1 -3 10 9 11 5 4 -6 11 11 -9 10 
2 12 3 -10 -6 7 -9 4 -1 6 -3 5 -8 7 10 4 5 -10 -8 -9 
2 -5 6 8 -12 9 -4 -1 12 12 3 12 10 -4 -1 0 -3 8 3 1 
5 12 0 10 7 -2 4 9 9 1 5 0 1 11 1 7 2 0 6 -4 
3 12 -8 8 8 10 -2 8 11 -3 -3 5 6 -4 -5 8 5 9 3 10 
7 8 5 9 11 -2 0 12 4 6 10 -5 1 1 11 5 6 10 5 -2 
3 9 1 -7 -7 -9 -8 -4 -12 12 10 -9 -8 -7 12 0 4 2 8 5 
9 10 -3 4 -3 9 -2 8 9 4 3 5 6 1 -7 9 4 7 6 -12 
-8 9 10 12 2 4 -10 -3 12 4 12 12 3 7 -11 9 -4 1 -8 2 
5 7 -7 1 12 11 -8 11 -5 6 8 -1 5 -2 11 1 3 2 -12 -2 
36
2
7 3
8 7
12 16
11 12
8
18 10 8
11 3 9
2 10 10
4 7 13
1 9 8
8 16 9
17 9 10
15 12 13
26
1 5
3 9
14 9
8 19
15 4
18 17
4 2
12 8
0 10
18 12
10 17
18 13
14 18
18 14
16 10
5 10
11 0
4 15
1 2
15 17
7 11
19 9
1 7
9 2
1 6
5 1
