20 20
0 0 1 5 0 1 -4 4 1 3 2 3 -4 4 2 5 2 4 -2 5 
3 4 -3 5 3 5 4 1 -5 1 0 4 0 4 -3 0 -2 5 5 2 
5 1 -5 1 4 2 3 4 -4 4 2 5 2 -3 4 5 -4 0 3 -4 
5 1 3 3 4 -5 4 5 3 5 -3 2 3 4 2 1 1 3 -1 -1 
4 3 0 3 -4 -4 0 4 4 1 -5 -1 2 2 3 4 4 4 3 4 
5 0 2 3 -3 3 1 0 1 4 2 4 1 2 5 3 -5 4 1 0 
2 1 4 2 4 -4 0 5 1 4 4 -2 -3 5 4 5 3 -4 -2 5 
-1 -4 5 4 1 -1 4 -4 -3 5 2 1 0 3 3 0 2 -1 5 0 
0 -2 -3 5 0 0 4 0 5 5 3 4 3 2 1 1 -2 3 4 5 
1 2 -3 1 3 -2 1 2 1 -3 -3 4 4 2 5 2 4 2 0 -4 
-4 0 2 4 2 5 2 4 4 -3 -3 1 2 1 -2 3 1 -3 2 1 
5 4 3 -2 1 1 2 3 4 3 5 5 0 4 0 0 5 -3 -2 0 
0 5 -1 2 0 3 3 0 1 2 5 -3 -4 4 -1 1 4 5 -4 -1 
5 -2 -4 3 5 4 5 -3 -2 4 4 1 5 0 -4 4 2 4 1 2 
0 1 4 -5 3 5 2 1 4 2 4 1 0 1 3 -3 3 2 0 5 
4 3 4 4 4 3 2 2 -1 -5 1 4 4 0 -4 -4 3 0 3 4 
-1 -1 3 1 1 2 4 3 2 -3 5 3 5 4 -5 4 3 3 1 5 
-4 3 0 -4 5 4 -3 2 5 2 4 -4 4 3 2 4 1 -5 1 5 
2 5 5 -2 0 -3 4 0 4 0 1 -5 1 4 5 3 5 -3 4 3 
5 -2 4 2 5 2 4 -4 3 2 3 1 4 -4 1 0 5 1 0 0 
31
3
0 4
6 5
18 3
19 15
13 14
1 16
20
2 11 15
17 10 8
5 3 13
9 5 9
17 9 11
8 19 12
19 1 8
18 6 14
4 13 16
9 16 12
17 8 15
2 9 8
14 16 13
10 14 9
2 10 11
11 0 12
0 18 8
1 13 14
15 6 16
10 3 12
32
7 11
10 18
7 10
9 0
5 12
17 18
5 6
11 7
6 19
13 9
4 17
4 6
8 5
3 7
9 7
12 1
12 8
9 1
12 9
10 19
14 7
2 1
14 13
8 12
13 0
6 10
15 2
15 13
11 14
16 12
10 12
7 18
