20 20
-23 22 20 20 14 3 12 20 5 16 1 7 -20 -26 9 6 11 22 22 11 
24 26 3 6 23 -7 2 -2 25 20 7 12 11 -3 -1 3 19 10 23 -25 
1 4 18 3 5 -15 23 2 18 18 22 24 -9 22 25 4 20 16 23 6 
7 -25 22 12 13 26 -8 25 1 4 24 11 9 8 -24 23 21 9 5 5 
-11 18 15 -3 -3 19 -12 24 4 23 11 1 22 16 18 -4 19 15 5 26 
2 19 12 13 10 18 24 16 26 15 0 -1 -13 15 -8 11 24 -16 7 6 
13 17 14 15 15 19 -1 -3 -4 -17 -10 19 -10 8 -20 23 18 1 -21 7 
15 19 -14 24 -2 5 5 12 24 9 23 6 -15 8 21 -8 10 19 6 26 
5 -25 3 22 1 -9 -14 5 0 16 22 -20 -21 14 1 -12 -15 6 13 14 
6 7 13 -16 7 16 21 22 5 7 22 -14 3 26 25 -19 19 19 18 19 
19 18 19 19 -19 25 26 3 -14 22 7 5 22 21 16 7 -16 13 7 6 
14 13 6 -15 -12 1 14 -21 -20 22 16 0 5 -14 -9 1 22 3 -25 5 
26 6 19 10 -8 21 8 -15 6 23 9 24 12 5 5 -2 24 -14 19 15 
7 -21 1 18 23 -20 8 -10 19 -10 -17 -4 -3 -1 19 15 15 14 17 13 
6 7 -16 24 11 -8 15 -13 -1 0 15 26 16 24 18 10 13 12 19 2 
26 5 15 19 -4 18 16 22 1 11 23 4 24 -12 19 -3 -3 15 18 -11 
5 5 9 21 23 -24 8 9 11 24 4 1 25 -8 26 13 12 22 -25 7 
6 23 16 20 4 25 22 -9 24 22 18 18 2 23 -15 5 3 18 4 1 
-25 23 10 19 3 -1 -3 11 12 7 20 25 -2 2 -7 23 6 3 26 24 
11 22 22 11 6 9 -26 -20 7 1 16 5 20 12 3 14 20 20 22 -23 
49
6
1 10
15 1
19 15
7 14
15 9
9 3
18 9
4 18
0 4
12 5
4 10
10 16
6
19 6 13
11 5 16
7 8 13
0 13 13
8 14 16
12 11 13
28
3 13
12 18
2 6
10 2
17 11
15 10
0 10
18 13
6 7
7 6
14 10
5 1
1 8
14 19
16 6
7 1
17 13
9 17
2 8
4 9
19 9
1 6
13 12
12 13
5 9
14 18
18 11
5 0
