20 20
6 14 -8 3 12 1 0 13 4 -14 1 8 0 4 -14 -1 10 11 11 11 
1 -9 5 10 13 12 8 10 5 12 0 -13 3 -4 0 1 11 -6 -12 -5 
5 11 -8 6 -2 10 6 10 14 0 6 -2 1 2 6 9 -6 0 7 -13 
14 5 0 3 5 -7 -11 -6 6 2 -1 5 4 11 10 9 -2 -5 14 11 
6 12 2 2 12 14 5 4 0 4 4 11 13 9 1 -13 6 8 -3 4 
-12 2 11 -13 2 7 9 4 -5 9 -1 -14 -5 -7 14 3 -11 2 2 -13 
6 3 13 8 -8 10 8 13 3 4 5 9 -10 2 7 11 6 7 11 2 
9 14 14 11 9 -11 2 8 1 14 8 5 -8 12 -12 11 3 -13 13 9 
6 -5 12 -7 3 7 2 4 -7 7 11 -14 -3 -14 0 11 6 10 -3 5 
13 10 9 0 -6 3 12 13 9 3 11 8 -3 -12 11 -4 12 -14 -8 -6 
-6 -8 -14 12 -4 11 -12 -3 8 11 3 9 13 12 3 -6 0 9 10 13 
5 -3 10 6 11 0 -14 -3 -14 11 7 -7 4 2 7 3 -7 12 -5 6 
9 13 -13 3 11 -12 12 -8 5 8 14 1 8 2 -11 9 11 14 14 9 
2 11 7 6 11 7 2 -10 9 5 4 3 13 8 10 -8 8 13 3 6 
-13 2 2 -11 3 14 -7 -5 -14 -1 9 -5 4 9 7 2 -13 11 2 -12 
4 -3 8 6 -13 1 9 13 11 4 4 0 4 5 14 12 2 2 12 6 
11 14 -5 -2 9 10 11 4 5 -1 2 6 -6 -11 -7 5 3 0 5 14 
-13 7 0 -6 9 6 2 1 -2 6 0 14 10 6 10 -2 6 -8 11 5 
-5 -12 -6 11 1 0 -4 3 -13 0 12 5 10 8 12 13 10 5 -9 1 
11 11 11 10 -1 -14 4 0 8 1 -14 4 13 0 1 12 3 -8 14 6 
45
8
19 5
1 6
1 14
19 7
1 18
19 17
3 11
5 9
0 14
18 13
18 5
0 12
18 1
0 2
16 8
14 10
6
18 6 12
11 1 9
12 0 13
1 13 12
8 18 9
7 19 13
28
18 8
14 7
7 8
2 5
18 11
11 3
10 11
15 0
7 12
0 6
14 15
13 11
18 7
14 11
1 11
5 12
12 11
17 14
1 8
8 16
9 8
4 19
12 7
19 13
5 4
6 8
1 12
5 8
