20 20
-4 20 -12 21 -21 9 20 1 1 5 1 -15 21 6 17 15 5 -12 16 10 
-6 15 0 20 18 8 -18 -6 -9 12 18 11 17 7 9 19 21 15 0 0 
10 3 16 10 18 -2 15 17 21 -1 1 3 -5 -11 6 -5 -5 12 6 8 
-17 18 10 10 11 4 -1 19 17 15 6 7 15 0 -21 15 13 -1 11 0 
3 -5 18 4 13 5 20 19 -4 9 3 20 1 20 8 -21 -10 6 -7 8 
-2 14 15 6 10 8 4 0 -8 19 9 7 20 2 12 18 7 5 3 16 
-3 0 1 20 12 -7 10 -19 15 -2 10 14 20 2 9 9 -12 1 20 15 
21 13 -5 20 5 -2 20 14 10 13 4 -16 19 6 15 -16 19 -20 11 -19 
-20 21 -1 6 20 12 9 11 -9 2 16 -10 11 3 7 18 0 16 9 18 
-16 0 -6 -15 3 15 19 7 19 -5 4 15 16 -2 11 3 -15 8 18 17 
17 18 8 -15 3 11 -2 16 15 4 -5 19 7 19 15 3 -15 -6 0 -16 
18 9 16 0 18 7 3 11 -10 16 2 -9 11 9 12 20 6 -1 21 -20 
-19 11 -20 19 -16 15 6 19 -16 4 13 10 14 20 -2 5 20 -5 13 21 
15 20 1 -12 9 9 2 20 14 10 -2 15 -19 10 -7 12 20 1 0 -3 
16 3 5 7 18 12 2 20 7 9 19 -8 0 4 8 10 6 15 14 -2 
8 -7 6 -10 -21 8 20 1 20 3 9 -4 19 20 5 13 4 18 -5 3 
0 11 -1 13 15 -21 0 15 7 6 15 17 19 -1 4 11 10 10 18 -17 
8 6 12 -5 -5 6 -11 -5 3 1 -1 21 17 15 -2 18 10 16 3 10 
0 0 15 21 19 9 7 17 11 18 12 -9 -6 -18 8 18 20 0 15 -6 
10 16 -12 5 15 17 6 21 -15 1 5 1 1 20 9 -21 21 -12 20 -4 
31
4
17 0
19 16
15 12
16 10
2 19
0 3
4 7
3 9
12
14 9 9
9 10 12
8 17 12
3 13 14
2 4 9
12 17 13
5 10 9
10 9 12
11 2 12
16 6 14
17 15 9
7 2 13
38
12 8
13 4
0 18
7 15
14 0
4 19
2 9
9 15
17 19
18 15
2 3
13 9
0 16
6 8
18 16
2 1
15 3
6 7
5 13
7 11
6 15
19 1
12 4
5 19
15 0
17 10
10 4
2 0
1 4
17 16
6 10
19 3
13 11
1 3
17 18
4 16
13 12
14 6
