20 20
22 7 17 5 17 7 -22 -17 22 2 25 -5 10 -29 14 9 19 26 20 -23 
3 28 27 29 28 25 0 11 18 3 14 19 28 28 18 -4 -28 24 -9 13 
26 20 15 18 25 17 16 -2 5 14 7 4 9 24 -10 17 2 12 15 15 
24 27 29 1 4 2 13 21 21 -18 10 -22 -19 14 15 -17 -7 8 -25 12 
-11 20 -12 13 28 26 22 20 15 0 25 23 7 -14 9 24 -16 -7 3 20 
1 26 13 7 4 -23 8 28 10 22 12 -4 13 9 -16 27 11 18 19 11 
0 -10 -15 -9 18 -15 -23 6 24 -2 -11 15 0 -17 16 19 -18 -20 13 23 
28 4 29 27 -23 16 -2 16 21 25 25 10 14 -1 10 -21 -28 11 29 18 
6 16 27 15 5 22 7 24 23 1 7 16 5 7 -28 10 1 3 -1 13 
25 25 -17 6 -18 8 17 20 27 13 16 28 1 20 26 28 17 8 24 10 
10 24 8 17 28 26 20 1 28 16 13 27 20 17 8 -18 6 -17 25 25 
13 -1 3 1 10 -28 7 5 16 7 1 23 24 7 22 5 15 27 16 6 
18 29 11 -28 -21 10 -1 14 10 25 25 21 16 -2 16 -23 27 29 4 28 
23 13 -20 -18 19 16 -17 0 15 -11 -2 24 6 -23 -15 18 -9 -15 -10 0 
11 19 18 11 27 -16 9 13 -4 12 22 10 28 8 -23 4 7 13 26 1 
20 3 -7 -16 24 9 -14 7 23 25 0 15 20 22 26 28 13 -12 20 -11 
12 -25 8 -7 -17 15 14 -19 -22 10 -18 21 21 13 2 4 1 29 27 24 
15 15 12 2 17 -10 24 9 4 7 14 5 -2 16 17 25 18 15 20 26 
13 -9 24 -28 -4 18 28 28 19 14 3 18 11 0 25 28 29 27 28 3 
-23 20 26 19 9 14 -29 10 -5 25 2 22 -17 -22 7 17 5 17 7 22 
45
3
16 11
15 14
14 7
3 8
4 5
5 12
20
16 1 14
5 10 11
4 14 11
6 1 14
3 7 16
1 7 13
6 18 10
0 3 8
17 3 12
3 6 11
3 18 14
14 9 11
15 5 11
13 18 14
16 12 16
18 12 13
13 1 10
19 16 8
2 16 12
16 13 11
30
6 7
12 14
18 10
17 12
9 7
14 19
4 13
18 14
1 11
4 19
3 1
8 7
18 2
15 16
19 14
13 12
7 5
1 9
2 7
10 12
5 0
15 6
1 5
18 8
15 0
16 18
11 12
1 17
4 3
0 5
