20 20
12 0 9 -12 3 12 13 6 14 13 -4 17 6 -1 8 -2 -5 6 11 14 
0 -8 4 8 1 6 15 14 9 5 10 6 1 14 6 4 14 -11 2 -12 
4 14 0 -8 -2 16 14 12 0 -8 7 -6 1 2 5 5 9 9 -3 11 
8 -14 -2 -7 8 3 -15 -17 3 7 7 -2 5 3 -5 4 1 1 16 8 
-6 10 1 -3 -7 -4 8 3 -5 1 13 7 4 -7 -11 10 9 6 3 14 
-6 10 9 11 6 11 -10 17 4 7 -13 14 7 13 -8 14 11 17 4 10 
15 16 14 4 16 -7 6 14 17 11 5 12 -11 12 10 -9 12 17 12 -7 
9 7 7 -15 16 16 -12 7 -16 2 -1 10 -8 13 8 0 -11 3 6 -7 
-10 1 6 -14 -6 1 -3 3 14 0 16 10 -12 9 13 -7 12 15 2 -8 
-7 2 -5 1 9 6 12 -3 16 -7 -9 -12 3 17 -17 15 8 5 -14 1 
1 -14 5 8 15 -17 17 3 -12 -9 -7 16 -3 12 6 9 1 -5 2 -7 
-8 2 15 12 -7 13 9 -12 10 16 0 14 3 -3 1 -6 -14 6 1 -10 
-7 6 3 -11 0 8 13 -8 10 -1 2 -16 7 -12 16 16 -15 7 7 9 
-7 12 17 12 -9 10 12 -11 12 5 11 17 14 6 -7 16 4 14 16 15 
10 4 17 11 14 -8 13 7 14 -13 7 4 17 -10 11 6 11 9 10 -6 
14 3 6 9 10 -11 -7 4 7 13 1 -5 3 8 -4 -7 -3 1 10 -6 
8 16 1 1 4 -5 3 5 -2 7 7 3 -17 -15 3 8 -7 -2 -14 8 
11 -3 9 9 5 5 2 1 -6 7 -8 0 12 14 16 -2 -8 0 14 4 
-12 2 -11 14 4 6 14 1 6 10 5 9 14 15 6 1 8 4 -8 0 
14 11 6 -5 -2 8 -1 6 17 -4 13 14 6 13 12 3 -12 9 0 12 
34
7
4 16
0 11
7 10
7 1
13 1
11 19
2 11
15 3
19 8
12 9
12 18
6 18
8 0
17 8
18
19 17 8
1 5 10
10 15 8
5 18 13
0 12 10
14 4 12
17 1 8
17 15 9
1 14 8
0 2 8
18 14 10
9 4 8
14 1 13
19 7 10
5 15 12
2 18 8
2 4 9
18 5 8
30
10 18
13 7
2 8
9 16
7 18
3 12
2 19
10 2
17 12
0 1
19 10
14 9
1 8
13 2
15 7
9 1
6 12
17 11
10 3
12 1
16 7
17 0
9 17
2 7
19 18
0 9
5 10
18 11
6 17
4 12
