20 20
-6 7 -2 -1 -7 -4 11 -11 16 12 14 2 7 -17 8 12 -5 4 -15 4 
15 16 1 -5 2 16 16 15 -6 -1 -9 5 -16 2 12 16 15 16 0 13 
-9 2 2 15 3 11 17 14 -16 4 0 14 2 -3 -4 -10 -16 15 11 -1 
4 -17 10 1 0 -10 -6 2 3 16 6 13 7 11 16 -13 7 -5 -6 7 
14 12 -13 -16 4 12 3 8 -13 0 3 14 -13 -4 9 -3 7 -8 13 9 
-11 -9 5 7 16 13 17 0 1 -1 7 1 12 -2 9 -1 5 13 15 -12 
-17 -12 3 5 -10 4 2 -5 8 -1 3 10 7 14 10 3 0 2 13 5 
1 -12 -10 9 -13 -6 0 4 -2 -3 14 14 -17 6 13 5 4 9 -6 -13 
8 7 -10 13 0 4 12 11 16 -11 0 15 11 -9 16 -9 10 12 15 2 
17 4 4 7 1 11 10 9 0 11 9 4 7 4 8 15 -8 -17 -12 -12 
-12 -12 -17 -8 15 8 4 7 4 9 11 0 9 10 11 1 7 4 4 17 
2 15 12 10 -9 16 -9 11 15 0 -11 16 11 12 4 0 13 -10 7 8 
-13 -6 9 4 5 13 6 -17 14 14 -3 -2 4 0 -6 -13 9 -10 -12 1 
5 13 2 0 3 10 14 7 10 3 -1 8 -5 2 4 -10 5 3 -12 -17 
-12 15 13 5 -1 9 -2 12 1 7 -1 1 0 17 13 16 7 5 -9 -11 
9 13 -8 7 -3 9 -4 -13 14 3 0 -13 8 3 12 4 -16 -13 12 14 
7 -6 -5 7 -13 16 11 7 13 6 16 3 2 -6 -10 0 1 10 -17 4 
-1 11 15 -16 -10 -4 -3 2 14 0 4 -16 14 17 11 3 15 2 2 -9 
13 0 16 15 16 12 2 -16 5 -9 -1 -6 15 16 16 2 -5 1 16 15 
4 -15 4 -5 12 8 -17 7 2 14 12 16 -11 11 -4 -7 -1 -2 7 -6 
34
5
1 14
17 0
15 18
18 16
16 5
18 5
2 19
4 1
1 3
3 14
18
8 4 15
6 18 15
11 18 15
17 4 8
14 9 16
15 10 16
2 1 13
2 11 16
15 2 13
11 15 15
13 1 15
8 1 15
2 15 8
5 10 16
4 9 16
17 18 13
17 8 16
4 17 13
36
11 9
16 13
10 4
16 11
18 13
13 7
15 12
5 2
4 14
19 5
3 17
12 16
6 8
4 18
7 4
15 7
16 12
1 15
8 10
3 6
9 15
3 8
1 6
6 12
4 7
14 17
15 5
0 14
16 2
7 3
13 11
15 1
12 15
4 12
3 7
18 4
