20 20
0 -2 29 -11 24 27 18 9 19 -8 6 -3 17 16 11 -24 -29 14 13 28 
3 3 6 -26 -7 17 23 21 6 14 -18 29 9 -4 -2 25 12 9 -19 27 
28 22 17 7 9 -10 10 -11 19 9 27 9 28 -13 10 24 -25 20 -25 -28 
7 -11 28 -13 -16 9 15 19 4 26 10 13 -1 -2 -23 14 10 27 4 -1 
27 -24 23 10 12 6 27 9 3 17 8 15 29 -19 14 -17 -21 29 12 -24 
24 -14 22 8 -8 15 0 15 14 -15 -8 1 18 -17 13 24 1 3 29 16 
22 0 -19 9 13 -27 8 -8 13 28 9 18 21 23 6 19 17 28 22 -27 
2 -18 19 17 17 24 2 3 6 -5 20 22 4 5 23 -10 12 -20 -26 -9 
25 3 -14 16 28 28 -13 7 2 12 -26 19 16 0 2 16 14 29 -15 -13 
-14 18 2 -17 -14 -4 -28 -9 10 28 1 21 -17 7 -12 15 19 24 2 26 
26 2 24 19 15 -12 7 -17 21 1 28 10 -9 -28 -4 -14 -17 2 18 -14 
-13 -15 29 14 16 2 0 16 19 -26 12 2 7 -13 28 28 16 -14 3 25 
-9 -26 -20 12 -10 23 5 4 22 20 -5 6 3 2 24 17 17 19 -18 2 
-27 22 28 17 19 6 23 21 18 9 28 13 -8 8 -27 13 9 -19 0 22 
16 29 3 1 24 13 -17 18 1 -8 -15 14 15 0 15 -8 8 22 -14 24 
-24 12 29 -21 -17 14 -19 29 15 8 17 3 9 27 6 12 10 23 -24 27 
-1 4 27 10 14 -23 -2 -1 13 10 26 4 19 15 9 -16 -13 28 -11 7 
-28 -25 20 -25 24 10 -13 28 9 27 9 19 -11 10 -10 9 7 17 22 28 
27 -19 9 12 25 -2 -4 9 29 -18 14 6 21 23 17 -7 -26 6 3 3 
28 13 14 -29 -24 11 16 17 -3 6 -8 19 9 18 27 24 -11 29 -2 0 
39
3
1 0
9 14
15 3
18 19
10 5
4 16
16
17 8 11
2 16 15
15 18 15
18 7 15
17 19 11
10 16 12
8 11 14
4 10 11
2 11 11
17 3 15
4 1 15
1 12 15
2 0 11
9 3 12
11 8 14
15 9 11
30
8 7
0 16
19 6
0 10
10 0
6 12
19 2
2 12
10 11
10 3
11 3
9 11
5 0
18 4
13 16
11 12
19 3
0 13
19 9
9 19
13 7
0 17
17 7
9 8
9 16
8 16
10 8
14 19
1 15
6 3
