20 20
8 18 16 3 9 18 -18 14 2 2 -4 3 14 0 -16 10 -3 14 -14 4 
-5 15 12 3 8 17 13 19 17 -1 2 6 19 9 10 12 15 16 13 8 
11 1 -20 11 16 9 4 17 9 5 6 10 8 16 2 1 1 4 11 -2 
12 10 15 -14 -6 8 -11 12 1 9 9 -18 1 12 -18 19 6 -17 3 6 
-12 16 16 16 12 19 0 17 -20 -20 7 1 3 14 13 2 18 -1 12 5 
-6 16 9 18 19 -6 -8 18 13 -16 3 19 16 10 18 11 16 17 8 -19 
19 -13 16 16 9 -12 6 20 20 20 18 -13 9 19 -6 4 8 -10 -14 7 
-9 18 -10 7 -8 20 -14 12 3 19 18 4 17 17 13 19 13 -18 12 -19 
-16 18 9 -10 -8 8 15 -1 6 14 17 -11 15 10 2 7 2 -6 4 20 
-7 5 1 6 18 18 9 3 11 11 9 15 17 16 9 7 10 10 2 0 
0 2 10 10 7 9 16 17 15 9 11 11 3 9 18 18 6 1 5 -7 
20 4 -6 2 7 2 10 15 -11 17 14 6 -1 15 8 -8 -10 9 18 -16 
-19 12 -18 13 19 13 17 17 4 18 19 3 12 -14 20 -8 7 -10 18 -9 
7 -14 -10 8 4 -6 19 9 -13 18 20 20 20 6 -12 9 16 16 -13 19 
-19 8 17 16 11 18 10 16 19 3 -16 13 18 -8 -6 19 18 9 16 -6 
5 12 -1 18 2 13 14 3 1 7 -20 -20 17 0 19 12 16 16 16 -12 
6 3 -17 6 19 -18 12 1 -18 9 9 1 12 -11 8 -6 -14 15 10 12 
-2 11 4 1 1 2 16 8 10 6 5 9 17 4 9 16 11 -20 1 11 
8 13 16 15 12 10 9 19 6 2 -1 17 19 13 17 8 3 12 15 -5 
4 -14 14 -3 10 -16 0 14 3 -4 2 2 14 -18 18 9 3 16 18 8 
54
3
6 5
16 8
7 6
13 14
3 11
12 13
18
16 15 13
2 6 13
19 18 13
0 15 8
18 11 10
5 1 13
7 12 12
16 11 13
6 18 12
3 4 13
17 13 13
0 1 13
19 4 8
1 8 10
14 18 13
12 7 12
3 8 13
13 1 12
40
1 4
13 19
13 2
18 0
6 19
16 12
7 11
4 7
11 12
17 4
0 17
8 4
15 11
5 0
14 12
5 9
17 2
5 2
16 7
10 1
18 15
6 0
6 17
1 19
13 0
3 7
12 8
15 12
8 7
2 15
19 2
11 15
4 8
14 19
5 7
14 10
2 17
14 17
3 12
9 18
