20 20
9 6 20 18 10 19 -29 10 7 2 10 -5 -6 -29 -17 -15 13 -7 11 7 
8 5 -6 -18 29 24 11 22 8 14 -30 21 8 -9 16 2 3 16 23 29 
18 17 -30 0 30 8 -10 7 6 -13 9 12 27 25 23 25 -2 5 21 -9 
2 -2 -10 14 -8 7 3 8 4 3 16 6 16 4 16 23 -14 11 18 14 
-29 9 -5 4 -8 23 30 1 2 -27 26 -20 -20 -29 9 24 -16 11 27 -15 
3 24 2 4 -10 1 29 -26 -8 8 10 -19 -28 28 17 11 11 22 13 -9 
20 7 -6 -10 13 -29 12 18 -25 20 4 30 13 0 -18 28 23 -18 26 2 
15 14 -21 22 9 -2 -16 8 1 28 -13 4 10 19 18 26 -28 27 -20 29 
-10 27 19 22 17 -18 14 -20 -1 3 4 -11 29 21 10 -17 25 -21 10 -4 
-18 2 8 17 19 19 5 15 18 7 8 1 6 20 19 25 21 20 -7 -20 
-20 -7 20 21 25 19 20 6 1 8 7 18 15 5 19 19 17 8 2 -18 
-4 10 -21 25 -17 10 21 29 -11 4 3 -1 -20 14 -18 17 22 19 27 -10 
29 -20 27 -28 26 18 19 10 4 -13 28 1 8 -16 -2 9 22 -21 14 15 
2 26 -18 23 28 -18 0 13 30 4 20 -25 18 12 -29 13 -10 -6 7 20 
-9 13 22 11 11 17 28 -28 -19 10 8 -8 -26 29 1 -10 4 2 24 3 
-15 27 11 -16 24 9 -29 -20 -20 26 -27 2 1 30 23 -8 4 -5 9 -29 
14 18 11 -14 23 16 4 16 6 16 3 4 8 3 7 -8 14 -10 -2 2 
-9 21 5 -2 25 23 25 27 12 9 -13 6 7 -10 8 30 0 -30 17 18 
29 23 16 3 2 16 -9 8 21 -30 14 8 22 11 24 29 -18 -6 5 8 
7 11 -7 13 -15 -17 -29 -6 -5 10 2 7 10 -29 19 10 18 20 6 9 
55
8
3 0
19 16
5 13
14 16
13 5
12 6
19 7
2 11
16 19
0 3
14 6
5 3
6 14
7 13
0 12
17 8
18
4 1 14
10 3 14
18 13 15
6 16 16
9 6 10
4 6 13
16 18 11
3 6 9
17 9 10
15 18 14
9 16 14
1 6 15
13 3 16
10 13 10
15 13 13
3 1 11
16 13 9
2 10 10
32
16 10
15 4
13 14
14 5
6 17
7 18
0 2
7 0
7 15
5 1
14 9
2 4
11 2
6 1
4 17
12 7
3 9
4 15
6 5
5 14
13 2
12 1
19 17
12 19
12 4
14 18
5 10
17 15
8 17
13 18
15 2
7 12
