20 20
-1 27 4 1 21 -14 -1 21 14 15 -3 14 21 0 2 -7 23 21 -6 8 
16 22 16 4 -6 27 17 25 1 -13 12 27 17 22 21 -20 -17 2 -25 18 
4 22 7 -11 23 13 23 20 18 23 25 12 6 -21 -4 8 27 -14 4 -24 
19 14 25 19 21 -24 -11 21 4 4 27 22 -3 3 27 13 15 13 16 -3 
18 -8 -21 20 18 27 -7 -1 20 -15 7 9 24 3 17 -11 -13 -20 3 2 
23 20 -6 3 17 6 6 -14 -14 23 16 23 26 19 -20 -19 -19 13 7 25 
-5 10 19 26 -9 7 26 4 2 -19 -20 -22 6 15 4 5 26 -2 -17 11 
-8 8 11 13 -16 -4 0 -23 20 20 2 14 20 -25 17 0 25 -3 -14 15 
-21 21 5 5 27 16 -6 12 9 3 -11 -6 26 7 -9 26 7 -27 8 -11 
3 22 6 19 8 -17 11 7 -22 11 3 15 20 19 21 -22 10 15 8 -13 
-13 8 15 10 -22 21 19 20 15 3 11 -22 7 11 -17 8 19 6 22 3 
-11 8 -27 7 26 -9 7 26 -6 -11 3 9 12 -6 16 27 5 5 21 -21 
15 -14 -3 25 0 17 -25 20 14 2 20 20 -23 0 -4 -16 13 11 8 -8 
11 -17 -2 26 5 4 15 6 -22 -20 -19 2 4 26 7 -9 26 19 10 -5 
25 7 13 -19 -19 -20 19 26 23 16 23 -14 -14 6 6 17 3 -6 20 23 
2 3 -20 -13 -11 17 3 24 9 7 -15 20 -1 -7 27 18 20 -21 -8 18 
-3 16 13 15 13 27 3 -3 22 27 4 4 21 -11 -24 21 19 25 14 19 
-24 4 -14 27 8 -4 -21 6 12 25 23 18 20 23 13 23 -11 7 22 4 
18 -25 2 -17 -20 21 22 17 27 12 -13 1 25 17 27 -6 4 16 22 16 
8 -6 21 23 -7 2 0 21 14 -3 15 14 21 -1 -14 21 1 4 27 -1 
60
5
4 11
5 3
2 13
13 3
12 4
15 8
14 16
17 6
6 16
7 15
20
15 6 15
10 4 11
7 17 9
9 18 15
10 14 14
15 10 10
9 14 14
18 1 13
1 8 14
14 12 9
4 13 15
9 15 11
12 2 9
10 1 15
9 5 14
4 9 10
10 5 14
1 18 13
18 11 14
5 7 9
38
8 11
5 0
15 13
7 5
1 16
3 5
5 2
19 2
1 10
13 0
0 19
17 15
19 17
0 16
17 3
14 5
13 11
6 5
7 8
11 8
14 19
4 6
12 14
18 3
16 14
14 17
0 17
18 9
6 19
19 0
2 4
0 2
19 3
2 16
5 14
6 8
13 14
12 11
