20 20
1 -6 9 7 5 6 9 9 6 -3 4 1 0 -7 6 0 -5 3 8 1 
8 2 -3 -5 8 0 7 -6 7 1 0 1 2 8 -4 4 1 -2 -4 3 
3 2 5 7 2 4 6 7 5 -4 -1 3 8 4 -1 -8 8 1 -6 5 
-3 2 9 5 3 1 3 0 -4 8 -9 1 8 9 0 6 9 5 5 -1 
9 5 6 8 8 -8 -3 -4 9 3 -7 4 -7 -7 7 3 2 -3 2 8 
-5 3 4 -6 5 -5 4 9 9 7 -2 7 1 5 8 5 -4 4 6 2 
5 7 0 8 2 3 0 -6 3 2 0 5 9 8 5 2 2 -3 -6 -6 
6 8 -6 -4 3 -4 1 3 9 9 0 8 5 3 9 5 1 4 3 8 
-9 6 6 7 4 2 -8 5 9 -8 5 9 9 -4 8 -8 2 5 -6 -6 
0 -1 0 -2 3 1 7 9 4 9 -9 1 -6 3 4 4 9 4 5 9 
9 5 4 9 4 4 3 -6 1 -9 9 4 9 7 1 3 -2 0 -1 0 
-6 -6 5 2 -8 8 -4 9 9 5 -8 9 5 -8 2 4 7 6 6 -9 
8 3 4 1 5 9 3 5 8 0 9 9 3 1 -4 3 -4 -6 8 6 
-6 -6 -3 2 2 5 8 9 5 0 2 3 -6 0 3 2 8 0 7 5 
2 6 4 -4 5 8 5 1 7 -2 7 9 9 4 -5 5 -6 4 3 -5 
8 2 -3 2 3 7 -7 -7 4 -7 3 9 -4 -3 -8 8 8 6 5 9 
-1 5 5 9 6 0 9 8 1 -9 8 -4 0 3 1 3 5 9 2 -3 
5 -6 1 8 -8 -1 4 8 3 -1 -4 5 7 6 4 2 7 5 2 3 
3 -4 -2 1 4 -4 8 2 1 0 1 7 -6 7 0 8 -5 -3 2 8 
1 8 3 -5 0 6 -7 0 1 4 -3 6 9 9 6 5 7 9 -6 1 
30
6
13 6
18 11
3 4
1 11
17 16
2 11
6 13
1 8
16 15
18 8
2 3
17 8
8
0 7 15
5 17 8
8 5 9
13 3 12
19 12 15
14 2 8
11 14 9
6 16 12
28
2 16
9 4
7 16
1 14
5 10
0 16
1 15
14 18
12 13
19 18
15 2
8 2
2 4
16 12
17 3
10 15
12 3
18 5
14 9
19 3
18 4
5 1
7 6
0 1
4 17
11 17
17 15
3 7
