20 20
1 4 6 -5 1 6 6 5 0 4 3 6 1 1 1 1 1 1 -3 -5 
4 -2 2 2 6 -4 4 1 2 2 -6 1 2 -1 2 4 5 1 -3 -5 
0 1 -5 5 0 -4 6 2 6 0 -6 2 0 -5 4 0 2 2 -3 1 
2 0 4 -4 -2 1 -4 -5 4 1 5 6 5 -5 -6 4 3 4 -3 2 
-5 -3 3 4 -2 6 4 -6 2 2 0 5 3 5 4 1 4 -6 -5 5 
5 2 -1 5 0 -6 6 4 6 3 3 2 4 3 -2 6 2 1 5 5 
5 5 -4 4 2 4 5 3 1 4 5 2 1 0 6 -5 2 -4 3 5 
3 6 -2 2 -6 -3 0 3 1 -1 2 6 4 -6 1 -2 5 -5 2 5 
-1 4 5 4 4 4 5 -4 5 1 3 0 -6 2 2 3 5 5 1 -3 
2 -1 3 6 -1 6 4 5 4 1 5 0 3 5 2 4 3 6 3 -2 
-2 3 6 3 4 2 5 3 0 5 1 4 5 4 6 -1 6 3 -1 2 
-3 1 5 5 3 2 2 -6 0 3 1 5 -4 5 4 4 4 5 4 -1 
5 2 -5 5 -2 1 -6 4 6 2 -1 1 3 0 -3 -6 2 -2 6 3 
5 3 -4 2 -5 6 0 1 2 5 4 1 3 5 4 2 4 -4 5 5 
5 5 1 2 6 -2 3 4 2 3 3 6 4 6 -6 0 5 -1 2 5 
5 -5 -6 4 1 4 5 3 5 0 2 2 -6 4 6 -2 4 3 -3 -5 
2 -3 4 3 4 -6 -5 5 6 5 1 4 -5 -4 1 -2 -4 4 0 2 
1 -3 2 2 0 4 -5 0 2 -6 0 6 2 6 -4 0 5 -5 1 0 
-5 -3 1 5 4 2 -1 2 1 -6 2 2 1 4 -4 6 2 2 -2 4 
-5 -3 1 1 1 1 1 1 6 3 4 0 5 6 6 1 -5 6 4 1 
45
6
9 3
3 11
17 8
17 9
9 16
15 18
10 16
16 8
2 11
2 10
10 3
4 1
6
0 11 15
16 15 15
0 15 12
19 8 15
3 4 15
19 4 12
28
17 3
5 8
9 7
19 10
17 19
7 17
18 7
10 9
6 1
18 12
6 5
16 6
9 11
6 4
2 16
14 11
10 12
0 9
2 0
12 2
1 12
9 10
13 18
1 7
13 14
3 13
10 8
13 15
