20 20
6 -7 3 8 1 -1 4 2 2 -5 0 2 7 2 -4 4 4 5 3 6 
8 2 8 0 6 -8 -6 7 3 5 3 6 7 -3 -8 0 0 8 7 6 
-6 -1 2 2 0 5 2 4 0 3 -7 1 -5 -2 3 -3 -5 2 -5 7 
3 1 -5 8 -3 4 0 -7 2 8 -3 8 2 1 0 2 2 0 1 2 
3 -8 8 2 -3 8 6 -5 3 4 7 8 1 2 5 6 4 -6 8 5 
8 0 -6 -8 4 -6 3 -4 3 5 2 5 1 5 7 -6 1 3 -5 6 
3 8 8 6 6 6 4 0 -2 7 2 8 0 -4 2 -4 1 0 3 6 
6 -2 3 3 1 -3 2 1 4 -8 4 6 -8 3 0 2 4 5 5 2 
0 2 7 1 6 5 -5 3 -5 5 7 7 1 2 7 1 -7 6 3 7 
6 6 -2 4 -1 -2 -8 6 0 -3 7 6 4 2 -1 8 -3 0 6 4 
4 6 0 -3 8 -1 2 4 6 7 -3 0 6 -8 -2 -1 4 -2 6 6 
7 3 6 -7 1 7 2 1 7 7 5 -5 3 -5 5 6 1 7 2 0 
2 5 5 4 2 0 3 -8 6 4 -8 4 1 2 -3 1 3 3 -2 6 
6 3 0 1 -4 2 -4 0 8 2 7 -2 0 4 6 6 6 8 8 3 
6 -5 3 1 -6 7 5 1 5 2 5 3 -4 3 -6 4 -8 -6 0 8 
5 8 -6 4 6 5 2 1 8 7 4 3 -5 6 8 -3 2 8 -8 3 
2 1 0 2 2 0 1 2 8 -3 8 2 -7 0 4 -3 8 -5 1 3 
7 -5 2 -5 -3 3 -2 -5 1 -7 3 0 4 2 5 0 2 2 -1 -6 
6 7 8 0 0 -8 -3 7 6 3 5 3 7 -6 -8 6 0 8 2 8 
6 3 5 4 4 -4 2 7 2 0 -5 2 2 4 -1 1 8 3 -7 6 
31
4
8 9
11 7
15 16
14 2
11 10
8 12
4 3
5 17
8
8 0 11
15 12 16
12 18 14
1 14 12
11 19 11
4 7 16
7 1 14
18 5 12
36
15 7
7 11
15 3
7 13
16 11
4 2
4 5
8 5
14 15
11 16
18 4
2 6
6 17
8 13
9 17
11 17
3 4
5 18
4 12
12 8
4 16
12 6
3 8
15 17
15 14
11 14
5 4
8 3
1 15
17 13
13 2
11 6
10 2
8 2
16 15
14 1
