20 20
14 1 14 7 13 0 4 3 7 -11 2 -11 5 4 4 -13 1 13 -14 1 
0 8 6 8 12 2 2 -4 7 1 12 -14 5 -14 -8 9 4 -12 12 -6 
-5 7 4 2 -2 -1 -13 5 4 -12 -12 1 -7 11 -2 1 6 7 -1 7 
0 -1 2 9 12 0 9 5 4 -13 -8 9 5 11 4 2 9 3 14 10 
6 -14 3 9 2 10 -12 -8 12 -13 1 -8 -4 1 8 7 -9 8 3 -12 
12 -4 -2 4 11 -6 -13 3 0 14 7 -5 4 9 -8 8 10 -11 -10 5 
-5 4 -7 -5 7 9 3 4 1 5 2 12 14 4 5 -8 -5 -3 0 0 
-6 0 6 5 -11 -13 11 -8 11 12 10 -14 3 10 5 9 -4 -4 13 14 
2 3 11 1 2 8 6 11 2 14 2 2 0 -13 13 -2 8 5 -8 9 
5 1 5 6 12 3 5 -4 13 11 12 11 5 -12 3 7 -10 -2 -11 -12 
-12 -11 -2 -10 7 3 -12 5 11 12 11 13 -4 5 3 12 6 5 1 5 
9 -8 5 8 -2 13 -13 0 2 2 14 2 11 6 8 2 1 11 3 2 
14 13 -4 -4 9 5 10 3 -14 10 12 11 -8 11 -13 -11 5 6 0 -6 
0 0 -3 -5 -8 5 4 14 12 2 5 1 4 3 9 7 -5 -7 4 -5 
5 -10 -11 10 8 -8 9 4 -5 7 14 0 3 -13 -6 11 4 -2 -4 12 
-12 3 8 -9 7 8 1 -4 -8 1 -13 12 -8 -12 10 2 9 3 -14 6 
10 14 3 9 2 4 11 5 9 -8 -13 4 5 9 0 12 9 2 -1 0 
7 -1 7 6 1 -2 11 -7 1 -12 -12 4 5 -13 -1 -2 2 4 7 -5 
-6 12 -12 4 9 -8 -14 5 -14 12 1 7 -4 2 2 12 8 6 8 0 
1 -14 13 1 -13 4 4 5 -11 2 -11 7 3 4 0 13 7 14 1 14 
50
3
15 0
6 13
19 6
4 19
13 6
0 13
18
18 12 15
4 14 10
2 7 9
6 3 8
10 4 12
14 18 14
18 11 16
10 1 16
17 18 16
1 7 15
15 5 10
17 12 9
13 16 8
9 15 12
5 1 14
1 8 16
9 18 16
2 1 16
30
13 3
5 10
16 9
12 9
17 10
17 8
7 13
6 17
5 3
9 2
3 0
6 9
2 12
3 7
13 4
6 16
14 9
3 10
7 10
2 9
2 11
12 6
13 2
14 16
10 17
16 19
13 10
17 7
16 12
6 15
