20 20
-11 4 10 8 5 -10 2 13 10 6 15 10 -2 7 0 4 2 4 -7 5 
12 1 10 13 13 10 10 14 13 7 13 13 10 3 14 8 -6 7 9 1 
4 5 15 15 0 4 12 12 3 -8 2 11 1 -9 11 4 13 13 2 -12 
-4 13 11 1 11 16 5 -13 2 15 2 2 10 16 12 4 5 5 -16 11 
1 16 16 12 3 14 -11 8 5 -6 15 16 4 -9 2 -11 7 14 1 4 
15 9 14 15 15 -7 15 -8 12 15 16 9 -11 8 13 6 -15 12 9 14 
9 -16 2 9 0 7 6 2 15 12 2 12 3 -10 7 2 -8 7 4 1 
1 14 9 4 0 3 3 16 -3 14 2 -13 8 4 8 2 -10 3 -16 2 
12 -7 14 8 5 14 0 -13 7 7 15 10 11 15 16 14 4 -6 9 9 
2 14 15 7 15 14 12 -6 -9 9 11 14 12 6 14 0 6 15 -9 5 
5 -9 15 6 0 14 6 12 14 11 9 -9 -6 12 14 15 7 15 14 2 
9 9 -6 4 14 16 15 11 10 15 7 7 -13 0 14 5 8 14 -7 12 
2 -16 3 -10 2 8 4 8 -13 2 14 -3 16 3 3 0 4 9 14 1 
1 4 7 -8 2 7 -10 3 12 2 12 15 2 6 7 0 9 2 -16 9 
14 9 12 -15 6 13 8 -11 9 16 15 12 -8 15 -7 15 15 14 9 15 
4 1 14 7 -11 2 -9 4 16 15 -6 5 8 -11 14 3 12 16 16 1 
11 -16 5 5 4 12 16 10 2 2 15 2 -13 5 16 11 1 11 13 -4 
-12 2 13 13 4 11 -9 1 11 2 -8 3 12 12 4 0 15 15 5 4 
1 9 7 -6 8 14 3 10 13 13 7 13 14 10 10 13 13 10 1 12 
5 -7 4 2 4 0 7 -2 10 15 6 10 13 2 -10 5 8 10 4 -11 
50
4
9 0
18 8
1 9
13 11
10 19
1 11
18 10
6 8
16
17 7 8
2 8 13
0 12 13
6 15 12
0 4 8
4 7 8
3 13 8
3 10 14
2 12 8
17 11 13
19 7 13
13 4 12
19 15 8
15 12 8
16 6 8
16 9 14
30
0 1
12 17
4 13
8 13
5 17
12 10
4 0
14 7
3 6
6 2
13 1
18 9
5 19
6 12
6 3
19 18
7 2
15 6
11 6
14 2
7 9
15 19
5 12
16 13
13 17
6 18
1 10
14 0
13 7
13 16
