20 20
21 -25 20 27 2 15 -4 7 12 -5 -3 -25 5 -7 7 -1 -23 0 -25 3 
-12 20 28 26 0 -9 22 23 -12 6 -18 9 12 8 0 17 27 29 29 -26 
25 13 1 -10 1 -9 2 13 -11 -8 0 17 3 -13 9 23 1 13 20 -13 
10 6 4 27 20 11 -18 19 15 13 10 12 11 2 26 5 -25 25 -4 -19 
19 3 15 22 7 17 14 -3 -13 8 -1 20 26 24 24 24 -10 22 3 2 
20 8 5 10 1 -14 22 6 17 -2 1 15 21 -19 26 28 -13 21 -5 1 
16 15 14 -10 22 6 -4 17 3 3 23 21 15 -6 -1 7 -1 8 9 17 
14 9 11 11 3 18 25 12 29 6 -15 13 16 -8 2 7 18 17 25 -2 
16 0 16 17 9 13 15 20 19 16 16 8 -10 -3 4 13 -7 20 -17 -22 
-9 27 -17 28 18 10 1 26 7 3 22 15 17 13 24 -13 22 11 -25 20 
20 -25 11 22 -13 24 13 17 15 22 3 7 26 1 10 18 28 -17 27 -9 
-22 -17 20 -7 13 4 -3 -10 8 16 16 19 20 15 13 9 17 16 0 16 
-2 25 17 18 7 2 -8 16 13 -15 6 29 12 25 18 3 11 11 9 14 
17 9 8 -1 7 -1 -6 15 21 23 3 3 17 -4 6 22 -10 14 15 16 
1 -5 21 -13 28 26 -19 21 15 1 -2 17 6 22 -14 1 10 5 8 20 
2 3 22 -10 24 24 24 26 20 -1 8 -13 -3 14 17 7 22 15 3 19 
-19 -4 25 -25 5 26 2 11 12 10 13 15 19 -18 11 20 27 4 6 10 
-13 20 13 1 23 9 -13 3 17 0 -8 -11 13 2 -9 1 -10 1 13 25 
-26 29 29 27 17 0 8 12 9 -18 6 -12 23 22 -9 0 26 28 20 -12 
3 -25 0 -23 -1 7 -7 5 -25 -3 -5 12 7 -4 15 2 27 20 -25 21 
30
7
14 11
5 6
0 14
9 0
9 16
19 13
10 8
5 8
14 13
19 5
10 19
10 3
0 6
9 11
14
6 5 9
1 8 13
14 6 15
11 0 12
12 17 10
4 8 13
0 9 12
13 14 9
18 11 13
5 13 15
8 19 12
7 2 10
15 11 13
19 10 12
34
6 8
3 10
2 12
8 1
1 4
3 18
19 11
19 18
12 1
4 19
0 10
15 16
17 16
2 0
8 3
17 13
18 9
13 11
16 9
17 7
11 18
18 15
16 1
0 8
0 1
7 18
15 0
19 9
4 3
2 3
17 19
11 16
2 6
1 10
