20 20
2 -1 -4 2 -3 1 -3 0 -1 1 3 -4 0 4 1 -3 0 -1 2 4 
0 1 4 1 -1 3 2 1 1 -1 0 1 3 -3 4 3 4 4 -1 4 
3 -4 3 3 0 2 0 4 4 3 3 4 3 -1 2 1 0 4 -2 0 
4 -3 4 4 3 4 -4 -2 4 3 -3 1 3 4 -2 0 -3 1 2 4 
4 2 0 1 -4 -2 1 1 1 4 -1 1 2 4 0 3 -3 0 -4 3 
-4 2 4 1 4 1 0 3 4 4 4 -2 3 4 2 4 0 0 3 1 
-3 2 -2 0 3 2 1 2 3 -2 1 2 3 1 2 3 2 -2 -1 4 
4 -1 0 1 4 1 4 4 4 2 4 2 1 2 4 2 2 -3 -3 2 
3 0 2 -4 2 1 -4 3 0 2 4 0 4 -4 0 1 -4 3 3 0 
4 2 -4 4 3 1 3 -4 -4 1 -3 -3 1 1 3 3 -3 -1 4 1 
1 4 -1 -3 3 3 1 1 -3 -3 1 -4 -4 3 1 3 4 -4 2 4 
0 3 3 -4 1 0 -4 4 0 4 2 0 3 -4 1 2 -4 2 0 3 
2 -3 -3 2 2 4 2 1 2 4 2 4 4 4 1 4 1 0 -1 4 
4 -1 -2 2 3 2 1 3 2 1 -2 3 2 1 2 3 0 -2 2 -3 
1 3 0 0 4 2 4 3 -2 4 4 4 3 0 1 4 1 4 2 -4 
3 -4 0 -3 3 0 4 2 1 -1 4 1 1 1 -2 -4 1 0 2 4 
4 2 1 -3 0 -2 4 3 1 -3 3 4 -2 -4 4 3 4 4 -3 4 
0 -2 4 0 1 2 -1 3 4 3 3 4 4 0 2 0 3 3 -4 3 
4 -1 4 4 3 4 -3 3 1 0 -1 1 1 2 3 -1 1 4 1 0 
4 2 -1 0 -3 1 4 0 -4 3 1 -1 0 -3 1 -3 2 -4 -1 2 
45
3
6 7
9 4
2 15
13 12
10 15
17 4
14
14 0 12
16 1 16
14 18 16
8 5 8
5 12 13
18 17 14
18 0 11
5 19 12
3 18 16
5 1 16
11 14 8
14 7 13
1 2 14
1 19 11
34
0 9
0 15
13 17
11 19
5 15
18 7
11 4
10 9
18 14
9 14
11 2
4 5
8 7
6 19
19 3
9 8
9 7
19 10
19 4
6 2
8 0
14 4
1 12
8 15
9 10
1 5
10 5
8 17
15 14
11 12
13 0
0 16
10 11
10 12
