20 20
1 -3 3 3 2 2 2 0 -2 2 3 1 3 1 -1 2 -2 3 1 3 
2 3 2 0 1 1 -1 3 1 1 -3 3 1 1 2 2 -3 1 0 0 
-1 1 0 2 2 3 3 3 -1 0 0 -1 1 0 3 0 -3 1 2 0 
-2 3 2 -2 0 3 0 1 1 3 0 3 0 3 2 3 2 2 -2 3 
0 3 2 -1 1 0 2 2 -2 -1 0 0 3 1 -3 3 -1 2 3 3 
3 3 0 -1 1 0 2 -1 3 1 -1 -2 3 1 1 1 1 0 3 0 
2 3 2 0 3 2 3 1 3 1 -1 2 3 1 2 3 1 0 3 0 
-1 -3 0 1 -2 2 -2 3 1 2 2 3 2 0 1 0 1 3 3 1 
3 1 0 1 2 2 1 0 -1 3 -1 2 1 0 -1 0 2 3 -1 0 
1 2 -1 3 0 3 -1 2 -3 2 0 -1 1 -3 3 1 -3 2 0 2 
2 0 2 -3 1 3 -3 1 -1 0 2 -3 2 -1 3 0 3 -1 2 1 
0 -1 3 2 0 -1 0 1 2 -1 3 -1 0 1 2 2 1 0 1 3 
1 3 3 1 0 1 0 2 3 2 2 1 3 -2 2 -2 1 0 -3 -1 
0 3 0 1 3 2 1 3 2 -1 1 3 1 3 2 3 0 2 3 2 
0 3 0 1 1 1 1 3 -2 -1 1 3 -1 2 0 1 -1 0 3 3 
3 3 2 -1 3 -3 1 3 0 0 -1 -2 2 2 0 1 -1 2 3 0 
3 -2 2 2 3 2 3 0 3 0 3 1 1 0 3 0 -2 2 3 -2 
0 2 1 -3 0 3 0 1 -1 0 0 -1 3 3 3 2 2 0 1 -1 
0 0 1 -3 2 2 1 1 3 -3 1 1 3 -1 1 1 0 2 3 2 
3 1 3 -2 2 -1 1 3 1 3 2 -2 0 2 2 2 3 3 -3 1 
31
4
10 17
5 15
9 10
1 11
9 2
14 4
10 9
18 8
12
6 9 14
7 14 15
19 8 8
17 14 14
14 8 14
4 9 9
13 10 14
12 5 15
0 11 8
2 5 14
5 11 14
15 10 9
36
4 18
4 14
5 7
14 6
8 15
7 16
16 15
5 9
14 13
3 2
8 13
18 13
6 8
13 12
5 8
16 2
17 13
1 8
15 1
15 5
14 12
5 13
11 4
12 3
3 4
14 10
5 6
16 17
11 6
1 6
13 11
6 7
14 11
3 17
2 6
18 11
