20 20
1 10 1 7 4 4 6 10 8 6 13 8 -11 11 -20 -12 -7 18 1 19 
6 15 7 14 1 -17 -9 5 -19 17 11 6 13 -7 11 19 10 17 20 17 
14 3 3 -17 -5 12 -7 8 -20 10 8 15 13 19 -16 2 12 20 15 15 
-4 4 15 12 18 20 4 18 0 1 19 -8 1 20 18 4 17 9 10 7 
-4 15 12 2 2 10 3 18 -4 19 13 -17 18 6 -16 6 -3 4 12 12 
4 15 19 2 -19 -6 13 1 6 6 -6 -1 17 12 8 6 5 -15 -4 4 
-17 -6 12 1 -7 20 1 -14 -4 19 12 -19 4 6 6 5 6 12 18 -14 
16 2 18 16 14 -9 -14 3 10 1 16 13 -11 -20 -12 -4 20 17 -12 1 
9 1 -12 13 -5 15 7 6 1 1 2 9 5 -9 13 11 -16 15 -11 -1 
9 12 11 4 20 14 18 12 9 11 3 13 -20 15 4 9 9 -8 19 13 
13 19 -8 9 9 4 15 -20 13 3 11 9 12 18 14 20 4 11 12 9 
-1 -11 15 -16 11 13 -9 5 9 2 1 1 6 7 15 -5 13 -12 1 9 
1 -12 17 20 -4 -12 -20 -11 13 16 1 10 3 -14 -9 14 16 18 2 16 
-14 18 12 6 5 6 6 4 -19 12 19 -4 -14 1 20 -7 1 12 -6 -17 
4 -4 -15 5 6 8 12 17 -1 -6 6 6 1 13 -6 -19 2 19 15 4 
12 12 4 -3 6 -16 6 18 -17 13 19 -4 18 3 10 2 2 12 15 -4 
7 10 9 17 4 18 20 1 -8 19 1 0 18 4 20 18 12 15 4 -4 
15 15 20 12 2 -16 19 13 15 8 10 -20 8 -7 12 -5 -17 3 3 14 
17 20 17 10 19 11 -7 13 6 11 17 -19 5 -9 -17 1 14 7 15 6 
19 1 18 -7 -12 -20 11 -11 8 13 6 8 10 6 4 4 7 1 10 1 
46
4
10 11
2 10
18 11
14 6
9 8
17 9
1 8
5 13
12
13 7 15
10 0 13
2 1 16
0 13 8
3 11 8
14 11 12
6 12 15
9 19 13
17 18 16
19 6 8
16 8 8
5 8 12
30
6 7
8 13
19 15
4 13
17 0
8 18
5 11
7 5
12 2
9 6
5 9
8 9
7 4
0 8
18 13
13 12
11 6
0 4
15 6
2 19
11 1
14 8
12 14
7 17
10 13
14 10
11 10
12 15
19 11
1 6
