20 20
18 22 23 25 14 15 24 3 6 9 25 12 -20 2 15 9 0 -20 17 -22 
1 3 17 -22 19 12 26 13 20 9 21 0 -24 -20 9 23 -5 19 -12 0 
21 -18 25 1 4 8 19 21 12 13 16 17 20 15 10 -25 4 23 18 0 
11 7 21 18 5 21 5 9 10 15 15 8 12 -10 0 0 3 11 8 -19 
4 -11 13 12 26 -7 8 12 7 5 19 -3 -8 5 13 22 14 10 2 26 
6 4 9 12 6 11 20 19 17 3 17 14 -22 16 12 11 7 25 19 1 
21 -21 15 -16 26 20 25 7 24 9 3 21 6 8 7 -9 16 6 15 3 
7 -7 26 15 15 -22 23 18 3 3 21 -6 -5 4 17 -23 0 14 -4 15 
-7 16 -25 25 -19 2 23 -11 -1 20 9 26 8 3 -20 8 -20 11 -6 12 
25 24 7 26 6 3 14 -18 19 3 -24 18 24 -11 21 15 24 22 6 19 
19 6 22 24 15 21 -11 24 18 -24 3 19 -18 14 3 6 26 7 24 25 
12 -6 11 -20 8 -20 3 8 26 9 20 -1 -11 23 2 -19 25 -25 16 -7 
15 -4 14 0 -23 17 4 -5 -6 21 3 3 18 23 -22 15 15 26 -7 7 
3 15 6 16 -9 7 8 6 21 3 9 24 7 25 20 26 -16 15 -21 21 
1 19 25 7 11 12 16 -22 14 17 3 17 19 20 11 6 12 9 4 6 
26 2 10 14 22 13 5 -8 -3 19 5 7 12 8 -7 26 12 13 -11 4 
-19 8 11 3 0 0 -10 12 8 15 15 10 9 5 21 5 18 21 7 11 
0 18 23 4 -25 10 15 20 17 16 13 12 21 19 8 4 1 25 -18 21 
0 -12 19 -5 23 9 -20 -24 0 21 9 20 13 26 12 19 -22 17 3 1 
-22 17 -20 0 9 15 2 -20 12 25 9 6 3 24 15 14 25 23 22 18 
50
4
14 3
19 14
16 2
18 14
5 16
0 5
3 17
1 5
12
18 7 13
7 12 10
19 0 9
11 0 14
8 18 13
18 19 14
1 12 13
12 7 10
0 19 9
8 19 14
11 1 13
1 0 14
30
19 11
15 12
6 9
5 18
7 0
7 16
3 15
13 12
11 7
11 14
11 4
16 11
4 9
14 5
0 4
0 8
4 7
13 10
14 1
12 19
12 3
16 4
6 7
8 12
8 5
8 15
3 8
15 10
5 14
19 15
