20 20
16 -17 15 6 1 6 11 9 9 9 9 14 16 2 18 8 3 12 6 7 
-10 14 5 -12 13 17 -6 7 17 -3 15 5 8 2 3 7 7 10 10 3 
1 0 -11 5 11 -12 -14 -5 9 0 -16 -10 8 5 8 -3 4 16 8 -1 
8 -11 -6 0 2 -2 6 7 1 14 12 1 7 9 1 6 16 10 10 8 
10 13 3 18 12 4 5 -4 -4 3 -18 -15 17 6 6 11 3 9 10 8 
-18 5 5 14 11 0 -14 1 5 14 4 -10 17 13 12 7 -12 9 -3 18 
-2 -2 15 10 -16 11 9 7 5 12 5 3 9 7 7 9 9 -15 5 9 
12 -10 14 -16 13 6 8 -6 15 -18 10 8 8 11 -12 10 17 -14 10 11 
18 14 10 -13 16 15 8 -12 12 -8 15 -2 13 -11 -2 0 16 18 -5 4 
11 5 9 11 -16 11 16 6 -16 8 8 11 -16 -17 -13 14 -17 5 11 2 
2 11 5 -17 14 -13 -17 -16 11 8 8 -16 6 16 11 -16 11 9 5 11 
4 -5 18 16 0 -2 -11 13 -2 15 -8 12 -12 8 15 16 -13 10 14 18 
11 10 -14 17 10 -12 11 8 8 10 -18 15 -6 8 6 13 -16 14 -10 12 
9 5 -15 9 9 7 7 9 3 5 12 5 7 9 11 -16 10 15 -2 -2 
18 -3 9 -12 7 12 13 17 -10 4 14 5 1 -14 0 11 14 5 5 -18 
8 10 9 3 11 6 6 17 -15 -18 3 -4 -4 5 4 12 18 3 13 10 
8 10 10 16 6 1 9 7 1 12 14 1 7 6 -2 2 0 -6 -11 8 
-1 8 16 4 -3 8 5 8 -10 -16 0 9 -5 -14 -12 11 5 -11 0 1 
3 10 10 7 7 3 2 8 5 15 -3 17 7 -6 17 13 -12 5 14 -10 
7 6 12 3 8 18 2 16 14 9 9 9 9 11 6 1 6 15 -17 16 
36
2
14 7
11 14
5 12
8 5
12
12 11 16
15 10 10
5 7 8
19 10 10
0 17 12
3 4 16
7 8 16
4 9 10
14 12 8
0 9 10
19 2 12
16 15 16
36
3 9
18 7
11 17
3 17
16 3
18 16
19 0
6 13
6 1
1 11
0 2
12 3
13 15
17 1
11 10
9 13
13 17
9 4
16 10
1 12
8 2
16 2
3 16
1 3
0 19
13 6
13 18
18 8
19 17
7 16
6 4
2 18
8 9
10 6
6 2
10 15
