20 20
3 14 2 13 7 -9 20 -2 25 -8 11 18 8 15 18 -25 26 -18 12 27 
5 -25 4 22 26 -9 6 -26 7 3 7 -7 5 19 1 25 -11 25 2 10 
1 -13 5 16 -11 1 -8 -3 19 15 19 14 -3 5 21 27 2 6 8 1 
-27 10 17 26 21 12 0 24 14 23 23 24 4 10 19 27 23 6 24 -24 
21 18 2 -23 0 25 21 4 -2 6 13 2 -6 -13 16 18 -7 6 20 17 
-22 -26 21 -15 24 20 26 -1 -10 17 26 -10 9 9 20 6 6 -6 10 10 
20 13 3 1 -2 2 22 24 14 22 4 -13 18 14 15 7 26 8 9 22 
-4 21 23 -10 -14 11 7 13 26 27 15 26 13 27 -6 8 17 26 12 23 
26 8 24 10 -27 -24 13 -19 24 19 12 16 -15 4 7 27 24 5 3 21 
27 26 17 -7 9 -9 -14 0 6 -17 4 25 22 -24 20 -16 -9 17 14 -5 
-5 14 17 -9 -16 20 -24 22 25 4 -17 6 0 -14 -9 9 -7 17 26 27 
21 3 5 24 27 7 4 -15 16 12 19 24 -19 13 -24 -27 10 24 8 26 
23 12 26 17 8 -6 27 13 26 15 27 26 13 7 11 -14 -10 23 21 -4 
22 9 8 26 7 15 14 18 -13 4 22 14 24 22 2 -2 1 3 13 20 
10 10 -6 6 6 20 9 9 -10 26 17 -10 -1 26 20 24 -15 21 -26 -22 
17 20 6 -7 18 16 -13 -6 2 13 6 -2 4 21 25 0 -23 2 18 21 
-24 24 6 23 27 19 10 4 24 23 23 14 24 0 12 21 26 17 10 -27 
1 8 6 2 27 21 5 -3 14 19 15 19 -3 -8 1 -11 16 5 -13 1 
10 2 25 -11 25 1 19 5 -7 7 3 7 -26 6 -9 26 22 4 -25 5 
27 12 -18 26 -25 18 15 8 18 11 -8 25 -2 20 -9 7 13 2 14 3 
34
8
18 11
18 13
5 2
17 11
12 15
3 7
16 6
1 11
1 8
1 6
14 17
2 8
7 4
16 12
3 13
18 8
12
8 1 10
12 10 12
8 14 11
3 11 10
15 17 14
13 12 8
11 18 10
7 9 12
11 5 11
16 8 10
4 2 14
6 7 8
26
2 13
4 0
3 12
14 9
10 8
0 18
13 11
17 4
0 17
5 12
9 3
4 1
1 3
17 6
15 19
16 7
5 10
9 11
19 1
6 8
2 15
19 2
14 7
10 16
15 18
18 16
