20 20
7 -20 -13 9 0 3 9 -19 -12 1 17 16 -5 5 1 -15 2 2 12 20 
10 6 4 4 -5 16 10 -11 2 -12 1 7 15 -7 -6 20 -15 15 17 1 
19 5 14 0 15 -20 -3 18 -1 -3 18 4 8 19 6 -5 -19 19 18 -2 
7 17 3 17 12 0 5 16 0 18 20 14 8 -15 15 3 20 3 8 11 
0 -7 -16 20 -13 -5 20 -1 20 7 18 -17 5 -16 6 6 11 -17 18 10 
1 16 17 -7 11 -20 18 15 8 -11 -5 2 14 6 6 17 8 1 19 -11 
17 7 -5 15 8 19 -3 20 4 9 5 -1 6 15 -20 20 10 18 -5 -19 
18 20 8 1 3 16 -10 4 9 8 15 17 0 -16 -20 16 -4 6 14 2 
11 20 -8 12 5 4 11 16 7 -13 3 11 -11 19 20 19 6 12 14 -2 
13 10 5 11 17 3 1 13 -1 -7 9 -15 11 9 14 3 10 -18 12 11 
11 12 -18 10 3 14 9 11 -15 9 -7 -1 13 1 3 17 11 5 10 13 
-2 14 12 6 19 20 19 -11 11 3 -13 7 16 11 4 5 12 -8 20 11 
2 14 6 -4 16 -20 -16 0 17 15 8 9 4 -10 16 3 1 8 20 18 
-19 -5 18 10 20 -20 15 6 -1 5 9 4 20 -3 19 8 15 -5 7 17 
-11 19 1 8 17 6 6 14 2 -5 -11 8 15 18 -20 11 -7 17 16 1 
10 18 -17 11 6 6 -16 5 -17 18 7 20 -1 20 -5 -13 20 -16 -7 0 
11 8 3 20 3 15 -15 8 14 20 18 0 16 5 0 12 17 3 17 7 
-2 18 19 -19 -5 6 19 8 4 18 -3 -1 18 -3 -20 15 0 14 5 19 
1 17 15 -15 20 -6 -7 15 7 1 -12 2 -11 10 16 -5 4 4 6 10 
20 12 2 2 -15 1 5 -5 16 17 1 -12 -19 9 3 0 9 -13 -20 7 
47
5
1 16
0 7
6 2
8 6
9 7
18 3
19 12
13 17
11 13
10 12
12
17 14 16
5 6 16
18 6 14
15 9 13
11 3 8
15 0 10
2 5 16
14 13 16
1 13 14
4 10 13
8 16 8
4 19 10
36
1 9
9 1
6 17
19 9
1 7
1 17
2 11
1 15
9 11
17 11
18 15
18 13
11 4
5 7
16 1
18 7
9 19
5 14
18 10
10 18
13 2
0 10
18 12
18 2
17 8
18 4
10 8
2 8
1 4
1 6
8 15
14 12
3 18
1 12
10 0
14 5
