20 20
29 20 20 -20 25 25 -12 9 27 5 21 7 -11 -1 4 29 1 2 1 -7 
1 -20 5 4 -16 13 -24 25 -1 29 27 20 17 20 29 -22 26 22 9 27 
5 16 6 -10 6 18 17 15 6 18 8 27 13 -15 16 13 -27 9 13 28 
-4 21 6 28 16 17 -20 -6 -8 16 3 19 2 -28 -26 7 12 13 9 -23 
-11 17 -25 24 25 7 -17 16 5 11 8 -21 10 28 23 18 20 -4 21 8 
10 -6 11 8 13 23 20 27 29 11 27 4 -7 -19 14 25 13 16 -14 1 
-25 15 28 29 7 7 11 19 15 -28 21 25 3 27 3 6 -20 -14 21 11 
25 -28 24 13 6 28 15 4 5 6 7 19 26 25 18 27 29 10 25 19 
28 24 6 3 22 24 20 -28 23 -11 11 13 12 26 29 6 23 1 0 26 
-26 22 2 16 7 27 10 21 23 12 16 -1 27 11 11 21 1 27 29 8 
8 29 27 1 21 11 11 27 -1 16 12 23 21 10 27 7 16 2 22 -26 
26 0 1 23 6 29 26 12 13 11 -11 23 -28 20 24 22 3 6 24 28 
19 25 10 29 27 18 25 26 19 7 6 5 4 15 28 6 13 24 -28 25 
11 21 -14 -20 6 3 27 3 25 21 -28 15 19 11 7 7 29 28 15 -25 
1 -14 16 13 25 14 -19 -7 4 27 11 29 27 20 23 13 8 11 -6 10 
8 21 -4 20 18 23 28 10 -21 8 11 5 16 -17 7 25 24 -25 17 -11 
-23 9 13 12 7 -26 -28 2 19 3 16 -8 -6 -20 17 16 28 6 21 -4 
28 13 9 -27 13 16 -15 13 27 8 18 6 15 17 18 6 -10 6 16 5 
27 9 22 26 -22 29 20 17 20 27 29 -1 25 -24 13 -16 4 5 -20 1 
-7 1 2 1 29 4 -1 -11 7 21 5 27 9 -12 25 25 -20 20 20 29 
39
2
18 4
6 17
1 15
13 2
10
8 14 14
16 15 15
12 16 9
4 14 14
12 7 12
11 5 14
3 4 15
7 3 9
15 5 14
7 12 12
40
9 16
15 11
2 4
16 10
15 4
1 7
7 13
17 0
10 18
19 2
10 2
17 5
8 5
16 11
14 1
15 8
6 8
6 12
14 6
12 19
10 3
4 8
17 15
3 9
4 15
18 12
12 6
2 19
9 1
0 17
9 17
2 14
11 14
3 8
5 18
4 11
13 11
13 7
5 13
7 0
