20 20
5 3 18 19 -7 14 -4 8 4 6 19 19 1 -17 -16 -13 10 14 7 18 
-12 7 2 10 18 8 11 18 18 19 17 3 14 -16 -11 8 11 1 -8 7 
19 7 -3 9 -2 11 3 14 2 19 -6 -17 19 5 -11 -7 5 -11 6 15 
3 15 17 14 9 -10 14 0 14 -11 11 -15 6 8 2 -2 12 13 17 7 
2 -8 16 10 10 1 16 16 -19 1 1 4 -16 -10 14 8 -1 2 9 9 
-1 7 8 3 16 13 2 -11 13 -9 -15 11 -16 -1 12 -7 18 -19 10 8 
-7 2 -13 15 -5 -6 1 17 15 10 14 -1 2 -18 8 1 16 11 2 2 
1 14 -12 8 16 9 -10 -15 15 8 -1 6 15 14 19 2 15 1 1 13 
2 3 6 8 5 2 9 18 -2 -10 3 10 -13 1 -19 17 13 7 2 13 
-4 17 13 -18 7 2 -12 -3 6 11 -12 1 -5 2 18 16 3 18 6 0 
0 6 18 3 16 18 2 -5 1 -12 11 6 -3 -12 2 7 -18 13 17 -4 
13 2 7 13 17 -19 1 -13 10 3 -10 -2 18 9 2 5 8 6 3 2 
13 1 1 15 2 19 14 15 6 -1 8 15 -15 -10 9 16 8 -12 14 1 
2 2 11 16 1 8 -18 2 -1 14 10 15 17 1 -6 -5 15 -13 2 -7 
8 10 -19 18 -7 12 -1 -16 11 -15 -9 13 -11 2 13 16 3 8 7 -1 
9 9 2 -1 8 14 -10 -16 4 1 1 -19 16 16 1 10 10 16 -8 2 
7 17 13 12 -2 2 8 6 -15 11 -11 14 0 14 -10 9 14 17 15 3 
15 6 -11 5 -7 -11 5 19 -17 -6 19 2 14 3 11 -2 9 -3 7 19 
7 -8 1 11 8 -11 -16 14 3 17 19 18 18 11 8 18 10 2 7 -12 
18 7 14 10 -13 -16 -17 1 19 19 6 4 8 -4 14 -7 19 18 3 5 
42
2
0 9
17 6
19 10
2 13
10
15 8 13
4 5 12
7 4 16
17 5 12
7 14 13
4 11 13
15 14 12
12 15 16
2 14 12
12 5 13
40
10 7
1 7
15 16
14 12
2 19
7 11
9 17
7 2
19 18
13 7
2 12
4 0
19 9
15 10
5 15
1 9
8 9
7 3
17 18
11 15
9 12
18 12
4 3
5 7
17 0
12 8
10 2
12 17
0 1
6 12
17 7
15 19
0 10
4 9
14 4
18 10
11 10
12 16
2 1
8 4
