20 20
3 5 -2 8 2 5 6 -7 -9 -7 7 4 3 10 7 -7 9 1 7 3 
6 0 -2 8 0 -10 0 7 8 9 2 -4 7 9 -11 8 10 2 9 6 
7 1 -4 1 -6 7 11 8 3 6 1 5 -3 1 0 5 1 0 5 4 
1 4 2 10 2 8 7 -9 -9 3 -6 8 -6 1 2 8 5 -8 -8 2 
8 2 -7 4 6 -8 5 8 1 4 -3 11 3 11 0 11 3 8 5 6 
-9 7 1 10 9 3 8 5 3 -6 -9 0 2 5 7 0 0 5 11 -10 
11 -3 1 6 -10 1 11 6 -8 6 2 -3 8 -7 -1 -8 10 0 5 11 
4 11 5 4 1 1 5 2 -3 1 0 9 1 11 1 -1 -9 3 8 -2 
1 10 8 4 7 -11 2 -9 8 -7 -7 0 10 2 9 5 -5 9 8 9 
-9 0 -10 7 7 1 -10 7 0 -3 2 6 10 -1 2 -9 -8 7 4 8 
8 4 7 -8 -9 2 -1 10 6 2 -3 0 7 -10 1 7 7 -10 0 -9 
9 8 9 -5 5 9 2 10 0 -7 -7 8 -9 2 -11 7 4 8 10 1 
-2 8 3 -9 -1 1 11 1 9 0 1 -3 2 5 1 1 4 5 11 4 
11 5 0 10 -8 -1 -7 8 -3 2 6 -8 6 11 1 -10 6 1 -3 11 
-10 11 5 0 0 7 5 2 0 -9 -6 3 5 8 3 9 10 1 7 -9 
6 5 8 3 11 0 11 3 11 -3 4 1 8 5 -8 6 4 -7 2 8 
2 -8 -8 5 8 2 1 -6 8 -6 3 -9 -9 7 8 2 10 2 4 1 
4 5 0 1 5 0 1 -3 5 1 6 3 8 11 7 -6 1 -4 1 7 
6 9 2 10 8 -11 9 7 -4 2 9 8 7 0 -10 0 8 -2 0 6 
3 7 1 9 -7 7 10 3 4 7 -7 -9 -7 6 5 2 8 -2 5 3 
52
7
3 11
15 18
18 3
12 10
0 3
0 18
16 4
16 8
4 1
1 16
7 9
19 16
19 1
3 15
6
8 7 16
9 16 16
12 15 11
11 12 16
10 3 16
7 4 11
38
3 17
5 4
15 4
13 8
10 17
16 14
5 6
8 19
5 15
8 12
2 7
0 10
16 19
0 17
4 7
13 5
13 10
18 4
5 14
16 2
14 15
4 15
6 11
9 2
3 5
14 13
11 0
14 4
11 7
17 12
19 9
3 0
19 2
15 12
6 14
6 9
1 15
14 5
