20 20
17 0 4 28 25 25 26 8 25 24 25 12 15 -20 26 13 15 -1 8 9 
0 8 -25 -19 16 21 -6 23 -25 14 -19 0 20 -27 17 21 13 27 -19 4 
17 -18 15 15 4 13 11 16 17 6 -18 24 10 5 17 19 -12 -5 17 17 
14 11 3 23 18 3 15 26 -25 -5 -18 -2 21 2 5 4 9 -24 -13 18 
16 -25 12 14 14 -7 -9 28 17 10 10 27 -1 -7 -22 27 9 -22 5 28 
9 18 -24 10 4 7 12 -18 6 7 0 12 14 25 0 19 8 -15 20 9 
11 -16 -4 21 4 20 2 1 11 -24 18 21 8 21 24 16 -1 2 1 20 
26 22 11 25 -25 20 1 -27 7 -26 22 25 19 21 13 -18 7 -4 -16 -11 
26 25 4 -15 21 9 8 -14 26 4 4 -6 11 19 3 13 -28 3 26 8 
13 1 22 -14 18 12 21 -13 28 1 2 8 6 10 2 2 2 17 -4 6 
6 -4 17 2 2 2 10 6 8 2 1 28 -13 21 12 18 -14 22 1 13 
8 26 3 -28 13 3 19 11 -6 4 4 26 -14 8 9 21 -15 4 25 26 
-11 -16 -4 7 -18 13 21 19 25 22 -26 7 -27 1 20 -25 25 11 22 26 
20 1 2 -1 16 24 21 8 21 18 -24 11 1 2 20 4 21 -4 -16 11 
9 20 -15 8 19 0 25 14 12 0 7 6 -18 12 7 4 10 -24 18 9 
28 5 -22 9 27 -22 -7 -1 27 10 10 17 28 -9 -7 14 14 12 -25 16 
18 -13 -24 9 4 5 2 21 -2 -18 -5 -25 26 15 3 18 23 3 11 14 
17 17 -5 -12 19 17 5 10 24 -18 6 17 16 11 13 4 15 15 -18 17 
4 -19 27 13 21 17 -27 20 0 -19 14 -25 23 -6 21 16 -19 -25 8 0 
9 8 -1 15 13 26 -20 15 12 25 24 25 8 26 25 25 28 4 0 17 
39
2
17 5
13 19
2 14
6 0
20
10 9 10
2 1 11
2 8 14
8 3 16
16 18 9
0 14 12
12 16 8
16 12 13
3 8 12
3 0 11
9 10 10
17 18 11
17 11 14
11 16 16
3 1 9
19 5 12
7 3 8
3 7 13
16 11 12
16 19 11
38
3 19
17 7
16 5
13 12
13 18
16 7
13 8
18 12
0 12
12 10
5 18
15 17
13 4
9 16
1 10
0 10
11 0
1 0
7 19
16 0
2 12
3 14
6 7
6 1
3 12
6 11
1 7
19 7
7 9
14 1
4 2
6 15
10 3
18 9
19 9
8 19
18 19
12 0
