20 20
7 6 -8 -1 8 2 -4 8 7 0 8 7 3 -1 7 4 2 0 -1 8 
5 0 7 -2 9 0 -6 0 -7 4 7 -1 7 -3 -8 9 9 3 2 9 
-9 8 7 9 -8 -8 -9 -9 5 8 4 3 9 1 6 -2 -9 -4 0 2 
3 5 3 1 9 -7 3 9 -3 -4 -2 -6 7 0 7 7 9 -5 6 1 
-8 -7 2 -8 9 4 0 4 4 7 6 7 4 2 2 8 -3 3 6 3 
1 3 4 1 1 -4 1 -2 6 -2 8 1 5 9 -8 1 4 -2 2 -9 
8 8 -3 -6 8 1 0 -1 5 -5 2 3 0 9 7 1 5 4 5 9 
0 2 5 6 7 7 2 -3 -5 9 9 8 -3 4 0 5 1 2 9 0 
8 4 5 -7 6 6 0 1 3 -1 7 4 7 2 8 -6 6 -4 -1 9 
2 1 2 9 0 -2 -2 -6 8 1 3 1 2 5 0 8 3 -1 4 8 
8 4 -1 3 8 0 5 2 1 3 1 8 -6 -2 -2 0 9 2 1 2 
9 -1 -4 6 -6 8 2 7 4 7 -1 3 1 0 6 6 -7 5 4 8 
0 9 2 1 5 0 4 -3 8 9 9 -5 -3 2 7 7 6 5 2 0 
9 5 4 5 1 7 9 0 3 2 -5 5 -1 0 1 8 -6 -3 8 8 
-9 2 -2 4 1 -8 9 5 1 8 -2 6 -2 1 -4 1 1 4 3 1 
3 6 3 -3 8 2 2 4 7 6 7 4 4 0 4 9 -8 2 -7 -8 
1 6 -5 9 7 7 0 7 -6 -2 -4 -3 9 3 -7 9 1 3 5 3 
2 0 -4 -9 -2 6 1 9 3 4 8 5 -9 -9 -8 -8 9 7 8 -9 
9 2 3 9 9 -8 -3 7 -1 7 4 -7 0 -6 0 9 -2 7 0 5 
8 -1 0 2 4 7 -1 3 7 8 0 7 8 -4 2 8 -1 -8 6 7 
56
6
6 7
13 7
13 15
2 5
6 3
1 4
13 12
6 12
6 4
17 14
13 16
18 15
18
16 4 16
11 6 10
9 16 9
15 19 14
19 10 15
1 16 8
15 11 11
5 17 14
2 1 12
3 15 16
8 13 10
10 3 9
4 0 14
0 9 15
18 3 8
4 8 11
14 2 14
17 18 12
34
16 19
16 1
17 9
0 19
18 2
14 6
18 12
18 6
19 17
18 19
12 8
3 11
14 11
2 16
3 17
0 13
6 2
3 0
3 18
2 10
19 0
1 17
5 13
1 7
1 13
0 2
1 0
7 11
16 8
5 8
17 3
16 2
19 6
13 17
