20 20
21 11 -9 17 7 17 20 12 12 1 16 -9 11 8 12 -1 21 -20 -2 20 
7 14 20 8 -7 16 13 20 0 0 16 -10 14 8 13 -14 9 -15 9 2 
-8 8 -22 5 -21 -4 20 -1 21 -11 1 22 7 -3 3 15 18 -3 22 20 
-4 6 2 2 -20 15 14 21 2 15 10 20 22 -2 15 -21 15 14 3 -17 
-15 16 3 9 -16 22 9 22 20 14 8 22 -14 13 -20 0 21 19 15 3 
11 3 15 3 6 2 7 6 12 16 11 2 -12 11 -11 16 20 21 -16 11 
7 -7 5 8 8 9 13 4 5 19 -12 0 17 3 -21 13 6 5 -9 1 
10 16 18 0 11 -8 2 15 14 18 4 19 19 -17 -9 1 1 18 22 -21 
-3 1 17 3 14 16 -5 14 7 5 15 18 -21 22 10 -3 13 16 5 1 
-16 9 -16 10 21 9 21 21 6 5 11 -22 22 7 5 -14 3 1 11 12 
12 11 1 3 -14 5 7 22 -22 11 5 6 21 21 9 21 10 -16 9 -16 
1 5 16 13 -3 10 22 -21 18 15 5 7 14 -5 16 14 3 17 1 -3 
-21 22 18 1 1 -9 -17 19 19 4 18 14 15 2 -8 11 0 18 16 10 
1 -9 5 6 13 -21 3 17 0 -12 19 5 4 13 9 8 8 5 -7 7 
11 -16 21 20 16 -11 11 -12 2 11 16 12 6 7 2 6 3 15 3 11 
3 15 19 21 0 -20 13 -14 22 8 14 20 22 9 22 -16 9 3 16 -15 
-17 3 14 15 -21 15 -2 22 20 10 15 2 21 14 15 -20 2 2 6 -4 
20 22 -3 18 15 3 -3 7 22 1 -11 21 -1 20 -4 -21 5 -22 8 -8 
2 9 -15 9 -14 13 8 14 -10 16 0 0 20 13 16 -7 8 20 14 7 
20 -2 -20 21 -1 12 8 11 -9 16 1 12 12 20 17 7 17 -9 11 21 
30
5
10 2
1 12
13 17
14 13
2 15
9 17
18 7
6 2
5 6
17 4
10
12 14 13
13 3 14
1 13 16
11 8 12
7 18 13
7 5 13
6 16 14
18 6 16
8 11 12
12 1 13
30
14 1
5 13
4 6
10 4
1 10
5 3
13 1
7 15
4 11
12 17
9 4
0 3
16 8
12 8
2 0
5 18
14 6
15 13
9 15
18 9
14 16
6 18
12 4
15 8
7 2
10 15
19 16
3 11
7 11
17 19
