20 20
22 27 -6 26 -12 6 -6 24 19 -17 17 4 -10 23 -11 15 18 6 2 10 
3 19 26 15 -11 4 23 6 23 2 4 4 -13 19 3 28 15 27 21 -13 
2 -22 -5 26 3 11 5 -4 6 15 14 11 8 25 -20 6 26 24 8 0 
2 27 25 13 -17 -5 6 2 15 22 -23 4 24 -16 18 9 9 20 10 20 
-10 21 29 21 4 19 16 -23 12 20 1 18 26 -26 8 3 6 2 -29 -19 
16 -17 5 -21 22 -4 8 14 29 24 18 10 5 -26 21 24 18 24 19 -5 
19 -4 21 -28 6 19 25 16 4 13 25 15 27 -27 12 23 23 9 28 2 
-1 6 24 17 23 13 -12 12 10 10 10 19 27 14 6 24 3 13 14 14 
8 21 23 21 9 -19 22 4 29 -5 -14 5 -22 -1 10 -9 8 2 25 16 
13 18 -28 1 -28 3 17 -14 18 12 10 26 -29 19 19 10 16 2 -10 6 
6 -10 2 16 10 19 19 -29 26 10 12 18 -14 17 3 -28 1 -28 18 13 
16 25 2 8 -9 10 -1 -22 5 -14 -5 29 4 22 -19 9 21 23 21 8 
14 14 13 3 24 6 14 27 19 10 10 10 12 -12 13 23 17 24 6 -1 
2 28 9 23 23 12 -27 27 15 25 13 4 16 25 19 6 -28 21 -4 19 
-5 19 24 18 24 21 -26 5 10 18 24 29 14 8 -4 22 -21 5 -17 16 
-19 -29 2 6 3 8 -26 26 18 1 20 12 -23 16 19 4 21 29 21 -10 
20 10 20 9 9 18 -16 24 4 -23 22 15 2 6 -5 -17 13 25 27 2 
0 8 24 26 6 -20 25 8 11 14 15 6 -4 5 11 3 26 -5 -22 2 
-13 21 27 15 28 3 19 -13 4 4 2 23 6 23 4 -11 15 26 19 3 
10 2 6 18 15 -11 23 -10 4 17 -17 19 24 -6 6 -12 26 -6 27 22 
43
7
1 4
5 3
1 8
13 16
10 16
9 16
6 0
18 15
14 16
18 11
6 3
9 3
10 3
13 19
20
17 4 13
7 16 15
13 10 13
5 4 15
5 6 15
13 6 11
11 18 10
1 0 8
11 1 8
10 8 9
2 15 13
12 3 15
6 9 13
14 15 15
14 13 15
6 13 11
8 1 10
18 19 8
8 18 8
9 11 9
32
5 18
11 5
19 4
4 12
19 7
10 1
12 17
16 10
12 8
7 4
19 8
16 18
0 5
8 17
9 15
10 18
14 1
8 14
0 15
15 7
0 12
9 18
7 2
3 9
7 11
12 15
0 11
3 1
19 14
11 2
10 4
9 1
