20 20
2 -5 3 2 -2 1 -3 4 2 3 -2 1 4 1 4 2 5 1 0 -1 
-1 1 3 5 5 2 2 -4 1 -4 5 -5 1 -5 4 -1 4 2 1 3 
2 2 -2 1 -4 -2 5 -3 -1 5 -2 -3 1 -5 3 2 5 -1 4 -2 
2 0 1 4 -2 -2 4 -1 -4 4 -3 -3 3 1 3 -3 0 1 3 1 
3 -4 -5 -4 3 -2 2 3 -5 -5 0 4 5 -1 -1 3 5 -1 5 4 
3 0 -4 4 -5 -2 3 -4 5 0 -1 0 3 4 -2 0 5 2 2 0 
0 3 2 -1 1 3 -1 4 4 5 -5 4 5 -1 0 1 5 5 1 4 
-2 4 -2 3 4 2 2 -4 5 -1 -3 4 1 0 1 2 4 0 5 -2 
2 -4 1 0 5 -4 -4 1 0 3 5 -4 5 5 3 1 3 5 4 5 
0 -3 0 -2 3 1 4 -1 -5 3 -3 0 0 -2 -2 1 4 1 2 2 
2 2 1 4 1 -2 -2 0 0 -3 3 -5 -1 4 1 3 -2 0 -3 0 
5 4 5 3 1 3 5 5 -4 5 3 0 1 -4 -4 5 0 1 -4 2 
-2 5 0 4 2 1 0 1 4 -3 -1 5 -4 2 2 4 3 -2 4 -2 
4 1 5 5 1 0 -1 5 4 -5 5 4 4 -1 3 1 -1 2 3 0 
0 2 2 5 0 -2 4 3 0 -1 0 5 -4 3 -2 -5 4 -4 0 3 
4 5 -1 5 3 -1 -1 5 4 0 -5 -5 3 2 -2 3 -4 -5 -4 3 
1 3 1 0 -3 3 1 3 -3 -3 4 -4 -1 4 -2 -2 4 1 0 2 
-2 4 -1 5 2 3 -5 1 -3 -2 5 -1 -3 5 -2 -4 1 -2 2 2 
3 1 2 4 -1 4 -5 1 -5 5 -4 1 -4 2 2 5 5 3 1 -1 
-1 0 1 5 2 4 1 4 1 -2 3 2 4 -3 1 -2 2 3 -5 2 
39
4
18 11
1 4
3 17
18 1
1 8
18 15
16 2
1 18
6
1 12 14
15 7 9
10 12 10
18 7 14
4 12 9
9 7 10
26
15 19
10 4
8 7
5 14
10 15
12 10
11 8
6 15
13 12
0 5
7 10
8 16
8 12
4 0
9 15
11 12
14 5
9 4
7 9
8 11
13 4
6 7
19 14
12 9
11 3
11 7
