20 20
4 0 3 3 -2 2 1 -3 1 1 0 1 4 -3 -3 -1 1 3 3 3 
2 0 -1 2 1 4 3 -1 -4 0 0 3 0 3 3 -1 0 1 3 1 
1 -3 3 0 3 1 1 4 -1 4 -4 -4 4 3 3 1 1 1 2 1 
-1 4 -4 3 2 -3 3 4 2 1 0 2 2 0 0 3 3 0 -4 3 
3 2 2 4 0 0 3 -3 0 1 1 3 3 3 -4 -1 3 -1 3 2 
4 3 1 -3 0 -1 1 0 3 2 -1 1 0 -4 4 -4 3 1 0 3 
4 0 3 4 4 2 -1 1 4 0 -2 0 0 1 3 3 2 3 4 4 
2 1 -4 -4 2 3 4 -4 3 2 -2 0 0 -2 0 4 3 1 4 -4 
4 1 3 -3 4 1 4 -2 4 2 -4 0 -2 4 2 0 4 3 3 0 
3 1 -4 0 4 0 -3 -2 3 2 4 -4 -2 2 4 4 3 1 -4 1 
1 -4 1 3 4 4 2 -2 -4 4 2 3 -2 -3 0 4 0 -4 1 3 
0 3 3 4 0 2 4 -2 0 -4 2 4 -2 4 1 4 -3 3 1 4 
-4 4 1 3 4 0 -2 0 0 -2 2 3 -4 4 3 2 -4 -4 1 2 
4 4 3 2 3 3 1 0 0 -2 0 4 1 -1 2 4 4 3 0 4 
3 0 1 3 -4 4 -4 0 1 -1 2 3 0 1 -1 0 -3 1 3 4 
2 3 -1 3 -1 -4 3 3 3 1 1 0 -3 3 0 0 4 2 2 3 
3 -4 0 3 3 0 0 2 2 0 1 2 4 3 -3 2 3 -4 4 -1 
1 2 1 1 1 3 3 4 -4 -4 4 -1 4 1 1 3 0 3 -3 1 
1 3 1 0 -1 3 3 0 3 0 0 -4 -1 3 4 1 2 -1 0 2 
3 3 3 1 -1 -3 -3 4 1 0 1 1 -3 1 2 -2 3 3 0 4 
49
6
8 13
17 10
11 13
13 1
8 9
17 9
11 6
2 9
8 6
6 18
11 10
2 10
12
7 6 8
6 16 16
15 11 13
11 14 8
4 0 16
17 8 9
12 13 8
13 3 16
4 8 13
8 5 8
15 19 16
2 11 9
30
1 11
7 10
17 19
17 1
17 16
5 14
7 12
2 14
13 5
18 2
1 10
3 16
3 8
0 8
7 4
18 8
12 9
2 0
2 18
2 3
14 5
12 7
17 5
6 14
1 17
18 9
16 3
16 11
19 11
12 15
