20 20
14 -6 13 13 -3 10 -11 17 3 -15 15 0 -5 11 4 -16 17 4 0 -1 
13 13 11 3 2 16 -1 -9 2 17 16 10 8 -9 16 -2 2 1 0 4 
-14 11 1 8 5 -3 -4 -8 10 -12 -3 15 14 -10 11 5 8 10 15 12 
17 7 8 17 3 15 17 2 3 6 -11 -2 16 16 15 10 -7 10 2 -13 
13 -11 0 -13 -9 3 3 8 2 12 7 -12 6 0 3 -3 -4 12 11 10 
17 -15 8 2 12 2 5 -10 -17 11 -15 9 4 12 4 1 10 10 10 -7 
-4 13 1 7 13 6 3 13 13 15 16 -8 14 9 2 10 3 -1 -5 -17 
-15 -10 -4 13 17 17 14 9 14 14 15 16 7 16 10 13 0 1 7 15 
10 16 -14 17 14 13 12 8 15 -6 5 9 3 4 -6 8 9 6 3 12 
-3 12 15 16 13 -1 9 -13 4 2 13 14 9 16 -14 5 17 1 -5 4 
4 -5 1 17 5 -14 16 9 14 13 2 4 -13 9 -1 13 16 15 12 -3 
12 3 6 9 8 -6 4 3 9 5 -6 15 8 12 13 14 17 -14 16 10 
15 7 1 0 13 10 16 7 16 15 14 14 9 14 17 17 13 -4 -10 -15 
-17 -5 -1 3 10 2 9 14 -8 16 15 13 13 3 6 13 7 1 13 -4 
-7 10 10 10 1 4 12 4 9 -15 11 -17 -10 5 2 12 2 8 -15 17 
10 11 12 -4 -3 3 0 6 -12 7 12 2 8 3 3 -9 -13 0 -11 13 
-13 2 10 -7 10 15 16 16 -2 -11 6 3 2 17 15 3 17 8 7 17 
12 15 10 8 5 11 -10 14 15 -3 -12 10 -8 -4 -3 5 8 1 11 -14 
4 0 1 2 -2 16 -9 8 10 16 17 2 -9 -1 16 2 3 11 13 13 
-1 0 4 17 -16 4 11 -5 0 15 -15 3 17 -11 10 -3 13 13 -6 14 
33
5
0 10
10 0
16 3
13 1
11 4
19 9
9 19
3 16
6 18
8 15
14
0 8 12
17 13 10
14 15 13
3 0 16
14 17 12
12 16 16
18 14 16
19 11 12
2 6 10
5 4 13
16 19 16
5 2 12
7 3 16
1 5 16
34
5 19
7 18
12 15
15 13
5 8
9 16
1 12
18 19
15 8
5 12
19 16
8 14
12 8
19 0
4 17
19 10
19 2
14 0
12 1
7 4
4 6
14 11
10 3
18 7
1 0
4 11
14 7
0 3
11 5
7 11
0 19
15 2
0 9
0 17
