20 20
-9 15 13 25 27 -27 1 14 1 26 19 -12 28 1 4 18 6 3 27 -3 
24 23 28 28 19 28 3 4 14 15 17 15 15 13 14 12 2 13 12 -9 
-12 15 15 -27 -3 17 18 20 -19 23 -6 14 14 23 27 -10 -25 -16 9 5 
-12 -27 26 24 29 -19 1 21 3 15 11 16 4 26 -4 25 2 29 26 21 
-30 -4 17 5 -5 -19 15 -26 2 29 3 25 21 25 -12 -22 26 18 14 3 
17 3 -2 17 -5 5 1 3 1 3 -1 -18 6 14 -28 24 21 -10 -5 22 
24 8 18 20 27 17 8 18 2 21 12 17 22 20 19 12 14 30 14 15 
3 20 1 1 -23 29 8 -18 13 21 4 -1 1 15 -23 -16 13 3 23 21 
6 6 17 27 23 30 -22 16 26 16 -28 -11 19 -11 -3 6 8 11 25 2 
10 24 -26 9 28 26 12 3 0 8 20 -9 -24 21 -18 4 18 -16 16 -29 
-29 16 -16 18 4 -18 21 -24 -9 20 8 0 3 12 26 28 9 -26 24 10 
2 25 11 8 6 -3 -11 19 -11 -28 16 26 16 -22 30 23 27 17 6 6 
21 23 3 13 -16 -23 15 1 -1 4 21 13 -18 8 29 -23 1 1 20 3 
15 14 30 14 12 19 20 22 17 12 21 2 18 8 17 27 20 18 8 24 
22 -5 -10 21 24 -28 14 6 -18 -1 3 1 3 1 5 -5 17 -2 3 17 
3 14 18 26 -22 -12 25 21 25 3 29 2 -26 15 -19 -5 5 17 -4 -30 
21 26 29 2 25 -4 26 4 16 11 15 3 21 1 -19 29 24 26 -27 -12 
5 9 -16 -25 -10 27 23 14 14 -6 23 -19 20 18 17 -3 -27 15 15 -12 
-9 12 13 2 12 14 13 15 15 17 15 14 4 3 28 19 28 28 23 24 
-3 27 3 6 18 4 1 28 -12 19 26 1 14 1 -27 27 25 13 15 -9 
39
6
1 13
0 6
9 14
1 14
9 8
3 15
18 6
19 13
10 5
18 5
10 11
16 4
10
13 3 11
8 16 8
15 19 16
0 12 9
14 1 15
6 16 11
11 3 8
4 0 16
19 7 9
5 18 15
36
14 19
7 0
6 8
13 15
9 16
17 13
7 9
10 8
12 4
16 13
9 17
15 5
10 18
12 15
6 15
7 10
2 3
2 12
5 0
12 19
13 11
6 4
10 3
2 6
12 10
9 11
7 15
3 6
10 2
4 14
9 1
7 4
13 4
12 9
17 16
17 7
