20 20
3 3 3 2 0 3 1 -1 0 1 1 0 1 2 2 0 1 2 -2 2 
3 3 1 1 2 0 2 1 -3 -2 -2 0 0 3 2 3 3 -2 1 0 
0 3 0 3 1 1 2 2 3 0 1 0 0 -3 -1 1 0 0 1 1 
0 3 -2 0 3 2 -3 1 3 2 3 0 -2 1 1 2 1 2 0 -2 
0 -3 -2 1 2 -3 2 0 1 0 0 -2 1 2 0 3 1 3 -3 2 
-3 3 1 2 -2 2 3 0 0 3 3 3 -3 1 3 -1 -3 -1 2 1 
0 0 3 0 3 1 3 2 0 1 1 -3 2 3 2 3 1 3 3 3 
0 -3 2 2 -1 -2 1 -2 -3 1 1 2 -3 1 3 2 1 1 1 -2 
0 3 -3 -2 3 -3 -1 0 2 2 2 1 2 1 0 1 -1 0 3 1 
-2 2 -1 1 1 1 1 1 1 -1 3 1 2 0 3 -2 -2 2 -3 0 
0 -3 2 -2 -2 3 0 2 1 3 -1 1 1 1 1 1 1 -1 2 -2 
1 3 0 -1 1 0 1 2 1 2 2 2 0 -1 -3 3 -2 -3 3 0 
-2 1 1 1 2 3 1 -3 2 1 1 -3 -2 1 -2 -1 2 2 -3 0 
3 3 3 1 3 2 3 2 -3 1 1 0 2 3 1 3 0 3 0 0 
1 2 -1 -3 -1 3 1 -3 3 3 3 0 0 3 2 -2 2 1 3 -3 
2 -3 3 1 3 0 2 1 -2 0 0 1 0 2 -3 2 1 -2 -3 0 
-2 0 2 1 2 1 1 -2 0 3 2 3 1 -3 2 3 0 -2 3 0 
1 1 0 0 1 -1 -3 0 0 1 0 3 2 2 1 1 3 0 3 0 
0 1 -2 3 3 2 3 0 0 -2 -2 -3 1 2 0 2 1 1 3 3 
2 -2 2 1 0 2 2 1 0 1 1 0 -1 1 3 0 2 3 3 3 
50
2
16 5
1 4
3 14
18 15
18
15 16 14
8 2 8
11 1 10
7 6 10
0 7 9
13 7 16
15 8 13
0 19 13
13 9 8
4 3 14
11 17 8
8 18 10
12 13 10
19 12 9
6 12 16
4 11 13
19 0 13
6 10 8
40
11 13
7 3
11 10
5 19
11 3
4 12
1 3
9 2
18 14
12 10
4 16
10 12
2 13
2 14
0 6
4 1
6 11
6 7
11 4
2 6
8 6
12 16
8 9
14 0
8 16
15 7
18 16
10 17
1 5
7 9
15 3
9 7
17 6
17 5
19 13
15 18
13 8
13 12
8 15
17 13
