20 20
4 3 7 6 -8 -2 4 7 6 4 6 4 -6 5 4 5 2 6 4 6 
-8 6 -1 6 -4 1 -4 1 8 4 8 0 -1 0 -2 8 8 1 -8 2 
5 2 8 4 -7 3 1 4 2 -2 5 -3 -8 -1 7 3 2 4 2 3 
8 -5 5 -8 -4 2 7 5 1 3 1 5 -6 -4 5 2 6 8 6 3 
3 0 3 5 1 2 -8 2 -6 8 -5 3 -3 -2 3 7 0 -4 2 -1 
7 -2 1 7 1 7 6 6 3 8 -2 3 -6 2 4 -5 7 -5 -5 1 
4 2 5 6 6 1 2 -7 7 -5 8 0 6 1 2 4 7 6 7 7 
8 2 1 5 5 4 8 8 7 2 1 -7 3 4 4 -8 6 8 0 6 
-6 -6 2 -7 7 1 -4 6 4 0 -6 2 -8 2 5 1 3 7 1 -6 
2 2 3 2 2 8 7 0 8 -8 8 -1 -4 1 4 5 3 -7 -6 -3 
-3 -6 -7 3 5 4 1 -4 -1 8 -8 8 0 7 8 2 2 3 2 2 
-6 1 7 3 1 5 2 -8 2 -6 0 4 6 -4 1 7 -7 2 -6 -6 
6 0 8 6 -8 4 4 3 -7 1 2 7 8 8 4 5 5 1 2 8 
7 7 6 7 4 2 1 6 0 8 -5 7 -7 2 1 6 6 5 2 4 
1 -5 -5 7 -5 4 2 -6 3 -2 8 3 6 6 7 1 7 1 -2 7 
-1 2 -4 0 7 3 -2 -3 3 -5 8 -6 2 -8 2 1 5 3 0 3 
3 6 8 6 2 5 -4 -6 5 1 3 1 5 7 2 -4 -8 5 -5 8 
3 2 4 2 3 7 -1 -8 -3 5 -2 2 4 1 3 -7 4 8 2 5 
2 -8 1 8 8 -2 0 -1 0 8 4 8 1 -4 1 -4 6 -1 6 -8 
6 4 6 2 5 4 5 -6 4 6 4 6 7 4 -2 -8 6 7 3 4 
42
3
10 15
16 14
13 7
9 4
3 5
6 12
6
17 15 12
16 15 11
7 16 8
2 4 12
3 4 11
12 3 8
28
6 8
7 8
8 5
19 17
12 1
14 18
11 10
15 9
9 14
18 19
19 15
6 13
4 2
1 8
13 11
12 11
11 14
0 2
7 18
5 1
8 9
4 10
10 5
1 0
0 4
13 6
15 17
18 11
