20 20
2 -9 12 -11 2 1 6 11 0 15 -13 11 16 5 8 -14 9 12 12 1 
9 1 -2 -10 6 12 -9 16 -5 -14 7 3 2 12 -17 17 8 9 15 15 
-2 16 -1 -1 -16 2 7 4 7 -8 4 9 -15 15 4 4 11 15 3 16 
13 -6 3 9 4 1 5 3 4 -2 17 15 3 10 -8 0 -3 16 1 -13 
-2 -7 -15 14 -12 -11 12 3 4 2 -8 2 8 -2 2 1 3 4 12 17 
12 7 -13 11 9 -11 -13 5 11 15 15 7 7 6 -1 14 11 -12 -8 7 
13 10 4 -11 8 3 14 11 17 -16 6 -10 14 -16 0 12 -12 11 12 1 
-5 16 -8 -2 9 13 -12 0 1 -11 7 -5 17 1 -10 -13 2 8 2 -5 
3 5 -6 7 1 4 9 13 6 -11 0 5 3 -15 11 12 -3 16 5 14 
4 17 8 -14 9 16 17 13 -8 -9 -13 1 -9 17 -11 6 8 1 14 6 
6 14 1 8 6 -11 17 -9 1 -13 -9 -8 13 17 16 9 -14 8 17 4 
14 5 16 -3 12 11 -15 3 5 0 -11 6 13 9 4 1 7 -6 5 3 
-5 2 8 2 -13 -10 1 17 -5 7 -11 1 0 -12 13 9 -2 -8 16 -5 
1 12 11 -12 12 0 -16 14 -10 6 -16 17 11 14 3 8 -11 4 10 13 
7 -8 -12 11 14 -1 6 7 7 15 15 11 5 -13 -11 9 11 -13 7 12 
17 12 4 3 1 2 -2 8 2 -8 2 4 3 12 -11 -12 14 -15 -7 -2 
-13 1 16 -3 0 -8 10 3 15 17 -2 4 3 5 1 4 9 3 -6 13 
16 3 15 11 4 4 15 -15 9 4 -8 7 4 7 2 -16 -1 -1 16 -2 
15 15 9 8 17 -17 12 2 3 7 -14 -5 16 -9 12 6 -10 -2 1 9 
1 12 12 9 -14 8 5 16 11 -13 15 0 11 6 1 2 -11 12 -9 2 
46
6
7 8
14 4
7 16
11 9
2 10
11 0
12 11
5 15
12 3
8 10
17 9
8 19
14
14 2 13
1 0 15
3 7 10
14 18 15
4 13 14
0 7 8
0 18 15
5 17 13
18 19 15
16 12 10
5 1 15
15 6 14
19 12 8
19 1 15
30
14 7
16 19
18 13
16 11
17 10
2 15
17 19
15 14
19 7
13 0
8 12
18 1
7 11
19 4
7 19
5 12
3 0
1 6
3 8
2 9
17 4
2 0
4 5
0 12
6 19
11 7
1 18
12 8
0 15
12 0
