20 20
21 24 8 5 10 -19 4 24 -11 2 24 17 -24 4 5 23 10 -6 6 10 
21 23 12 22 1 21 -8 17 -5 22 8 23 21 14 -21 8 -8 7 14 19 
14 16 21 -17 -20 1 -11 23 13 20 10 3 8 -24 -14 18 15 7 21 1 
7 1 8 5 21 12 4 13 8 17 22 11 -20 14 -3 -6 8 16 20 -14 
16 23 -11 15 22 22 20 2 20 22 18 9 24 23 20 7 1 15 -9 -24 
-4 -19 1 4 6 20 16 -21 20 14 -8 3 11 23 12 10 1 23 -8 13 
12 -12 -20 22 11 19 21 7 23 4 10 0 2 11 11 18 9 17 10 12 
17 24 15 17 8 -22 19 18 18 1 23 -1 20 13 3 -13 22 9 7 -8 
2 9 16 -16 14 -10 15 23 13 -12 23 5 18 17 19 -16 18 11 18 -18 
-9 17 1 8 8 23 11 19 20 -4 -2 8 -19 15 17 -9 12 8 13 -18 
-18 13 8 12 -9 17 15 -19 8 -2 -4 20 19 11 23 8 8 1 17 -9 
-18 18 11 18 -16 19 17 18 5 23 -12 13 23 15 -10 14 -16 16 9 2 
-8 7 9 22 -13 3 13 20 -1 23 1 18 18 19 -22 8 17 15 24 17 
12 10 17 9 18 11 11 2 0 10 4 23 7 21 19 11 22 -20 -12 12 
13 -8 23 1 10 12 23 11 3 -8 14 20 -21 16 20 6 4 1 -19 -4 
-24 -9 15 1 7 20 23 24 9 18 22 20 2 20 22 22 15 -11 23 16 
-14 20 16 8 -6 -3 14 -20 11 22 17 8 13 4 12 21 5 8 1 7 
1 21 7 15 18 -14 -24 8 3 10 20 13 23 -11 1 -20 -17 21 16 14 
19 14 7 -8 8 -21 14 21 23 8 22 -5 17 -8 21 1 22 12 23 21 
10 6 -6 10 23 5 4 -24 17 24 2 -11 24 4 -19 10 5 8 24 21 
48
3
10 6
16 14
0 17
9 13
3 5
19 2
12
0 10 16
3 1 13
19 3 16
14 17 13
6 3 13
6 5 10
19 9 16
16 18 13
0 16 16
5 2 13
13 16 13
13 14 10
36
9 12
6 9
11 7
3 6
3 13
18 12
7 5
12 18
3 10
16 12
9 4
6 2
11 3
0 3
17 4
18 16
18 7
6 14
10 7
13 10
8 12
16 13
16 6
1 7
12 14
7 1
16 9
3 7
10 15
13 17
8 16
19 16
2 15
1 3
1 12
13 5
