20 20
9 15 7 -1 2 21 -25 18 13 15 12 -9 8 1 -18 6 5 23 21 -12 
6 -26 2 26 -7 20 22 24 9 -22 13 5 -16 23 4 -27 20 -19 16 4 
-17 1 27 18 -14 15 -15 21 10 10 24 14 26 3 8 -16 21 23 26 6 
-20 24 -2 5 8 10 9 17 5 6 22 1 22 2 21 4 5 1 13 1 
8 -17 22 0 7 2 26 25 14 24 14 21 2 12 1 -17 2 22 24 -2 
4 -6 4 26 8 5 2 -25 -14 21 13 11 -6 6 10 18 14 21 -15 17 
17 -7 13 7 19 27 -23 27 14 12 26 23 -2 -2 -23 12 -11 12 6 -6 
-10 -1 17 6 22 -2 20 -3 13 -27 9 -13 24 -22 -8 21 23 3 12 25 
17 25 22 22 11 18 27 -26 7 -8 -4 19 4 19 12 8 27 11 17 22 
1 -7 16 15 5 0 -14 18 26 17 1 21 -16 -4 21 10 12 25 6 7 
7 6 25 12 10 21 -4 -16 21 1 17 26 18 -14 0 5 15 16 -7 1 
22 17 11 27 8 12 19 4 19 -4 -8 7 -26 27 18 11 22 22 25 17 
25 12 3 23 21 -8 -22 24 -13 9 -27 13 -3 20 -2 22 6 17 -1 -10 
-6 6 12 -11 12 -23 -2 -2 23 26 12 14 27 -23 27 19 7 13 -7 17 
17 -15 21 14 18 10 6 -6 11 13 21 -14 -25 2 5 8 26 4 -6 4 
-2 24 22 2 -17 1 12 2 21 14 24 14 25 26 2 7 0 22 -17 8 
1 13 1 5 4 21 2 22 1 22 6 5 17 9 10 8 5 -2 24 -20 
6 26 23 21 -16 8 3 26 14 24 10 10 21 -15 15 -14 18 27 1 -17 
4 16 -19 20 -27 4 23 -16 5 13 -22 9 24 22 20 -7 26 2 -26 6 
-12 21 23 5 6 -18 1 8 -9 12 15 13 18 -25 21 2 -1 7 15 9 
54
6
18 12
5 14
3 0
2 13
11 14
11 9
1 7
14 5
16 19
17 6
8 5
8 10
14
10 15 14
5 9 16
9 18 14
13 18 15
11 6 8
5 15 8
10 0 15
9 4 14
14 10 16
10 1 14
6 1 15
8 13 8
14 4 8
9 19 15
26
0 12
4 0
18 10
0 9
2 14
3 19
0 15
10 12
19 6
14 19
16 10
12 6
18 7
19 7
15 19
1 9
19 10
17 5
16 0
19 4
9 7
0 13
5 0
3 9
7 13
1 12
