20 20
18 -18 -3 20 4 5 13 1 14 9 9 17 18 3 -5 10 7 7 17 10 
3 -20 7 7 -14 11 -19 3 6 11 13 -20 3 3 -2 0 -10 8 11 17 
8 -17 8 -11 14 -2 11 20 11 19 -6 -17 -8 -6 -12 5 -13 12 20 7 
-18 4 14 14 6 13 17 17 20 17 -16 1 11 18 1 4 6 8 14 0 
19 7 -1 6 18 9 15 4 8 -1 16 13 9 11 5 -13 4 4 12 8 
8 6 14 0 19 6 -1 -19 18 3 -16 -2 -8 -13 20 -4 -8 6 4 6 
12 17 -20 19 -11 5 8 -1 6 19 3 7 5 -9 17 3 9 3 -6 -11 
-18 15 -3 14 16 18 18 18 18 16 9 16 -5 1 13 3 19 19 12 10 
15 9 8 6 7 2 15 7 2 15 4 10 3 -5 1 10 13 13 7 5 
16 15 13 3 16 -18 3 9 14 -17 11 2 0 9 5 17 16 -8 17 1 
1 17 -8 16 17 5 9 0 2 11 -17 14 9 3 -18 16 3 13 15 16 
5 7 13 13 10 1 -5 3 10 4 15 2 7 15 2 7 6 8 9 15 
10 12 19 19 3 13 1 -5 16 9 16 18 18 18 18 16 14 -3 15 -18 
-11 -6 3 9 3 17 -9 5 7 3 19 6 -1 8 5 -11 19 -20 17 12 
6 4 6 -8 -4 20 -13 -8 -2 -16 3 18 -19 -1 6 19 0 14 6 8 
8 12 4 4 -13 5 11 9 13 16 -1 8 4 15 9 18 6 -1 7 19 
0 14 8 6 4 1 18 11 1 -16 17 20 17 17 13 6 14 14 4 -18 
7 20 12 -13 5 -12 -6 -8 -17 -6 19 11 20 11 -2 14 -11 8 -17 8 
17 11 8 -10 0 -2 3 3 -20 13 11 6 3 -19 11 -14 7 7 -20 3 
10 17 7 7 10 -5 3 18 17 9 9 14 1 13 5 4 20 -3 -18 18 
53
4
2 19
14 8
9 6
6 16
17 0
5 11
10 13
13 3
6
0 13 9
4 11 11
9 12 10
19 6 9
15 8 11
10 7 10
28
15 9
18 17
1 11
16 1
9 8
0 15
5 8
9 2
12 19
16 2
16 5
7 15
1 10
19 0
4 10
1 2
18 8
3 18
10 11
19 4
14 11
10 17
7 0
3 17
3 14
12 4
18 9
0 19
