20 20
-15 9 -14 -5 25 2 13 17 16 -19 6 20 1 -3 18 18 22 20 20 25 
22 21 8 4 13 -13 25 12 9 2 -18 8 24 23 -17 11 14 16 8 17 
10 8 -1 -24 11 6 -25 21 11 15 20 0 -24 20 13 -8 19 0 10 24 
-20 -1 14 -4 0 20 19 -16 12 21 -6 16 -16 -20 2 -17 4 1 13 13 
23 22 11 8 6 23 -8 4 20 24 9 11 16 21 8 2 19 -16 11 25 
23 2 19 2 4 9 3 18 13 0 -4 6 -12 11 14 16 12 21 23 19 
15 23 6 -19 -14 -2 21 -22 15 21 5 12 10 20 -24 -19 11 11 24 -16 
-19 5 -17 22 12 23 17 17 9 5 7 -25 17 -9 9 -21 21 21 18 23 
22 22 -20 13 24 20 22 14 1 -3 24 13 2 22 9 20 -20 -12 25 -17 
16 19 -14 -9 18 17 -19 13 -16 -17 -17 10 21 9 -14 18 11 7 -14 -12 
-12 -14 7 11 18 -14 9 21 10 -17 -17 -16 13 -19 17 18 -9 -14 19 16 
-17 25 -12 -20 20 9 22 2 13 24 -3 1 14 22 20 24 13 -20 22 22 
23 18 21 21 -21 9 -9 17 -25 7 5 9 17 17 23 12 22 -17 5 -19 
-16 24 11 11 -19 -24 20 10 12 5 21 15 -22 21 -2 -14 -19 6 23 15 
19 23 21 12 16 14 11 -12 6 -4 0 13 18 3 9 4 2 19 2 23 
25 11 -16 19 2 8 21 16 11 9 24 20 4 -8 23 6 8 11 22 23 
13 13 1 4 -17 2 -20 -16 16 -6 21 12 -16 19 20 0 -4 14 -1 -20 
24 10 0 19 -8 13 20 -24 0 20 15 11 21 -25 6 11 -24 -1 8 10 
17 8 16 14 11 -17 23 24 8 -18 2 9 12 25 -13 13 4 8 21 22 
25 20 20 22 18 18 -3 1 20 6 -19 16 17 13 2 25 -5 -14 9 -15 
30
2
9 11
6 9
10 8
13 10
8
7 17 14
9 19 12
12 19 15
0 9 10
12 2 14
10 0 12
7 0 15
19 10 10
40
0 14
5 11
14 10
13 15
9 5
1 17
4 15
6 7
17 4
1 4
3 7
4 0
12 8
7 8
5 17
11 17
8 18
5 10
13 17
19 14
19 5
14 8
5 9
6 4
10 14
18 2
15 4
13 12
2 15
18 15
16 12
15 19
7 11
12 11
14 2
8 2
11 1
14 9
6 2
0 5
