20 20
22 1 12 -6 1 -21 -22 9 -18 4 22 14 -9 25 26 -5 24 -13 11 20 
14 28 -6 -12 -4 -13 13 8 -1 -20 18 -14 11 23 8 12 6 -4 26 15 
1 -9 -6 9 -17 17 8 25 1 7 11 -23 5 11 9 -2 19 -5 -13 -14 
26 1 1 -13 -21 4 15 -24 -28 11 16 16 12 14 13 7 0 -11 10 -15 
13 -11 9 17 18 17 10 27 -11 13 -2 19 14 -23 11 23 6 9 5 -26 
27 -17 18 0 2 8 28 3 11 25 6 6 0 10 12 28 -25 -23 20 10 
12 -25 15 4 22 14 5 12 26 21 12 3 -19 1 6 2 15 13 22 11 
9 25 20 2 -12 0 25 13 26 5 28 27 5 17 16 3 -19 11 10 17 
-16 7 -24 18 13 25 27 -9 12 4 27 26 -25 -17 11 3 5 -12 8 19 
1 14 -18 -22 26 23 4 4 8 16 -2 -1 13 4 7 11 15 2 -1 10 
10 -1 2 15 11 7 4 13 -1 -2 16 8 4 4 23 26 -22 -18 14 1 
19 8 -12 5 3 11 -17 -25 26 27 4 12 -9 27 25 13 18 -24 7 -16 
17 10 11 -19 3 16 17 5 27 28 5 26 13 25 0 -12 2 20 25 9 
11 22 13 15 2 6 1 -19 3 12 21 26 12 5 14 22 4 15 -25 12 
10 20 -23 -25 28 12 10 0 6 6 25 11 3 28 8 2 0 18 -17 27 
-26 5 9 6 23 11 -23 14 19 -2 13 -11 27 10 17 18 17 9 -11 13 
-15 10 -11 0 7 13 14 12 16 16 11 -28 -24 15 4 -21 -13 1 1 26 
-14 -13 -5 19 -2 9 11 5 -23 11 7 1 25 8 17 -17 9 -6 -9 1 
15 26 -4 6 12 8 23 11 -14 18 -20 -1 8 13 -13 -4 -12 -6 28 14 
20 11 -13 24 -5 26 25 -9 14 22 4 -18 9 -22 -21 1 -6 12 1 22 
59
3
13 8
8 11
15 6
6 11
11 8
4 13
14
11 7 9
5 1 10
13 3 10
13 2 8
14 5 16
9 19 9
4 11 11
8 12 9
14 18 10
6 16 10
6 17 8
5 14 16
10 0 9
15 8 11
36
12 5
4 15
15 18
10 13
16 17
17 14
16 8
0 13
18 17
1 4
2 19
2 11
15 1
19 10
9 16
4 7
3 1
0 5
7 14
15 4
4 1
9 6
3 2
2 5
3 11
19 6
1 2
18 15
17 0
17 8
4 18
0 9
10 3
15 12
16 18
19 14
