20 20
16 16 -8 8 0 18 6 26 2 -14 2 19 -17 9 5 22 5 0 24 9 
-13 7 15 14 -17 7 7 24 6 26 18 19 -4 -13 -5 4 13 16 -14 18 
12 15 -8 18 23 26 -6 5 2 -7 3 17 1 26 18 15 17 26 -5 16 
24 4 -22 13 25 23 15 2 7 2 -22 -22 21 -5 11 -9 -17 -20 -14 22 
20 9 -17 19 20 -9 8 8 4 16 26 11 24 5 -2 16 26 -8 26 21 
7 8 2 10 23 18 20 -19 11 14 17 23 -2 9 4 18 -2 8 12 -24 
10 13 4 23 14 1 -8 -14 0 3 15 20 10 13 3 9 15 16 25 5 
-15 13 4 16 18 -11 3 -11 -25 14 -2 12 13 -21 -20 18 23 -12 6 13 
-24 21 14 8 -8 11 16 23 7 23 11 -3 1 18 24 16 -18 -24 16 26 
24 25 0 -2 7 20 -11 24 21 8 8 16 8 15 -3 -5 1 -1 -7 -9 
-9 -7 -1 1 -5 -3 15 8 16 8 8 21 24 -11 20 7 -2 0 25 24 
26 16 -24 -18 16 24 18 1 -3 11 23 7 23 16 11 -8 8 14 21 -24 
13 6 -12 23 18 -20 -21 13 12 -2 14 -25 -11 3 -11 18 16 4 13 -15 
5 25 16 15 9 3 13 10 20 15 3 0 -14 -8 1 14 23 4 13 10 
-24 12 8 -2 18 4 9 -2 23 17 14 11 -19 20 18 23 10 2 8 7 
21 26 -8 26 16 -2 5 24 11 26 16 4 8 8 -9 20 19 -17 9 20 
22 -14 -20 -17 -9 11 -5 21 -22 -22 2 7 2 15 23 25 13 -22 4 24 
16 -5 26 17 15 18 26 1 17 3 -7 2 5 -6 26 23 18 -8 15 12 
18 -14 16 13 4 -5 -13 -4 19 18 26 6 24 7 7 -17 14 15 7 -13 
9 24 0 5 22 5 9 -17 19 2 -14 2 26 6 18 0 8 -8 16 16 
50
5
11 19
3 12
16 14
13 5
0 8
8 0
16 7
3 5
6 14
19 11
12
11 6 9
8 4 11
15 2 11
18 6 9
19 2 13
13 6 11
8 13 9
11 15 11
4 17 11
1 13 9
0 17 13
6 13 11
40
4 0
17 1
19 18
16 2
8 11
11 0
3 7
0 13
1 10
2 13
9 5
9 13
12 1
16 6
9 3
5 19
15 17
13 12
15 12
2 10
15 19
2 18
0 1
3 17
11 8
8 19
16 12
19 6
18 9
17 6
10 14
10 6
7 18
3 13
10 16
14 0
4 2
6 7
4 7
17 9
