20 20
1 3 5 -2 4 2 2 1 5 5 5 4 3 1 1 -4 -1 -1 1 -3 
-1 1 5 4 2 1 2 1 1 2 -3 4 -1 3 2 -3 2 5 2 4 
2 3 -1 2 1 5 1 3 0 3 4 1 4 0 2 -5 -4 3 3 2 
-2 4 3 3 -5 3 3 1 -2 -1 4 -3 4 3 -1 4 2 5 2 2 
1 1 4 4 -1 1 3 -2 -4 5 0 1 5 4 1 4 1 1 2 3 
1 -2 -4 -1 -5 2 0 1 3 4 0 1 -2 3 -3 3 1 5 5 0 
2 3 5 3 4 1 -5 5 0 4 1 -5 5 1 -4 -4 1 4 3 4 
-4 2 3 3 5 5 2 5 4 5 4 4 2 -1 3 0 1 -3 3 4 
-3 3 -4 5 -4 4 4 -4 2 0 4 1 -3 0 3 5 3 5 2 -4 
4 -5 1 -2 4 1 3 2 3 1 -5 5 2 0 4 -5 -3 2 4 2 
2 4 2 -3 -5 4 0 2 5 -5 1 3 2 3 1 4 -2 1 -5 4 
-4 2 5 3 5 3 0 -3 1 4 0 2 -4 4 4 -4 5 -4 3 -3 
4 3 -3 1 0 3 -1 2 4 4 5 4 5 2 5 5 3 3 2 -4 
4 3 4 1 -4 -4 1 5 -5 1 4 0 5 -5 1 4 3 5 3 2 
0 5 5 1 3 -3 3 -2 1 0 4 3 1 0 2 -5 -1 -4 -2 1 
3 2 1 1 4 1 4 5 1 0 5 -4 -2 3 1 -1 4 4 1 1 
2 2 5 2 4 -1 3 4 -3 4 -1 -2 1 3 3 -5 3 3 4 -2 
2 3 3 -4 -5 2 0 4 1 4 3 0 3 1 5 1 2 -1 3 2 
4 2 5 2 -3 2 3 -1 4 -3 2 1 1 2 1 2 4 5 1 -1 
-3 1 -1 -1 -4 1 1 3 4 5 5 5 1 2 2 4 -2 5 3 1 
60
8
15 1
11 7
16 12
15 13
9 19
11 10
13 5
3 14
4 18
8 12
3 7
4 6
10 0
8 9
6 14
16 5
6
0 16 15
2 11 11
16 6 15
19 3 15
17 8 11
3 13 15
32
17 10
2 15
19 10
0 5
10 3
14 0
3 12
14 5
3 15
0 11
15 9
3 10
2 3
18 14
12 3
9 15
2 9
17 4
0 9
19 14
9 16
5 19
16 7
5 14
16 4
19 8
4 10
16 9
17 16
1 5
7 16
10 4
