20 20
2 2 1 4 2 -2 1 2 0 -4 -1 1 -2 3 4 4 1 -3 3 3 
0 0 0 0 3 0 3 2 4 -2 4 1 -1 0 0 2 3 2 -3 3 
1 2 3 1 4 4 4 2 0 3 4 -1 3 2 3 4 3 -4 1 -1 
1 4 4 -3 -3 1 0 4 0 1 -4 3 3 3 1 3 0 4 -3 0 
0 2 2 -1 4 0 3 1 2 0 1 4 0 0 2 2 2 2 2 0 
0 3 0 -4 -1 -4 3 -1 2 1 -4 1 4 -1 1 1 2 0 4 3 
4 2 0 -3 -4 2 -2 1 -1 -1 3 1 2 1 -4 -3 1 3 4 2 
4 1 1 -2 3 -2 1 -1 -2 -1 1 0 -3 4 2 4 3 -4 4 4 
2 -4 4 1 4 2 -3 -4 -1 3 0 -1 1 3 2 2 1 2 -1 -4 
0 2 1 3 4 3 0 2 2 -4 1 -3 0 -1 0 2 -4 3 -4 2 
2 -4 3 -4 2 0 -1 0 -3 1 -4 2 2 0 3 4 3 1 2 0 
-4 -1 2 1 2 2 3 1 -1 0 3 -1 -4 -3 2 4 1 4 -4 2 
4 4 -4 3 4 2 4 -3 0 1 -1 -2 -1 1 -2 3 -2 1 1 4 
2 4 3 1 -3 -4 1 2 1 3 -1 -1 1 -2 2 -4 -3 0 2 4 
3 4 0 2 1 1 -1 4 1 -4 1 2 -1 3 -4 -1 -4 0 3 0 
0 2 2 2 2 2 0 0 4 1 0 2 1 3 0 4 -1 2 2 0 
0 -3 4 0 3 1 3 3 3 -4 1 0 4 0 1 -3 -3 4 4 1 
-1 1 -4 3 4 3 2 3 -1 4 3 0 2 4 4 4 1 3 2 1 
3 -3 2 3 2 0 0 -1 1 4 -2 4 2 3 0 3 0 0 0 0 
3 3 -3 1 4 4 3 -2 1 -1 -4 0 2 1 -2 2 4 1 2 2 
42
7
12 15
8 9
4 6
7 19
0 12
2 18
3 1
7 4
11 10
15 13
12 0
19 7
17 1
16 18
12
4 18 11
12 3 14
7 8 14
8 18 16
17 9 16
14 2 10
15 1 11
7 16 14
12 11 14
11 1 16
2 10 16
5 17 10
34
15 4
6 0
0 16
8 4
8 7
19 13
15 0
16 13
11 0
14 7
11 4
3 19
12 7
0 15
2 13
3 13
0 5
4 15
13 19
19 3
11 15
11 12
0 6
4 19
3 6
8 19
5 12
8 15
16 0
7 12
19 4
17 6
16 6
19 14
