20 20
11 6 5 3 17 -23 -17 16 13 -10 10 23 0 1 1 18 -18 18 -10 13 
9 -6 2 -7 17 8 17 5 3 -13 19 16 20 7 -5 -7 3 4 -12 22 
-3 13 1 3 -15 5 19 17 2 -2 15 6 -22 1 7 18 12 17 7 -12 
1 10 7 18 10 13 0 18 1 16 -4 11 0 -5 4 20 19 11 13 13 
10 1 -9 10 7 10 20 17 13 9 18 -10 7 11 0 -13 0 8 11 3 
5 14 2 12 12 19 14 9 6 6 6 -22 11 14 -9 11 9 22 10 2 
15 19 -2 3 -3 4 7 23 7 -22 -1 7 9 19 -12 -16 -9 21 -3 2 
11 17 -23 4 11 -2 -19 16 -19 4 -17 13 -13 7 2 2 20 -1 19 -6 
10 -16 13 6 21 14 17 -9 -18 21 9 -5 16 14 -3 19 -23 -14 -3 1 
16 -13 14 7 6 10 19 5 8 19 3 8 13 1 11 -4 16 3 -4 21 
21 -4 3 16 -4 11 1 13 8 3 19 8 5 19 10 6 7 14 -13 16 
1 -3 -14 -23 19 -3 14 16 -5 9 21 -18 -9 17 14 21 6 13 -16 10 
-6 19 -1 20 2 2 7 -13 13 -17 4 -19 16 -19 -2 11 4 -23 17 11 
2 -3 21 -9 -16 -12 19 9 7 -1 -22 7 23 7 4 -3 3 -2 19 15 
2 10 22 9 11 -9 14 11 -22 6 6 6 9 14 19 12 12 2 14 5 
3 11 8 0 -13 0 11 7 -10 18 9 13 17 20 10 7 10 -9 1 10 
13 13 11 19 20 4 -5 0 11 -4 16 1 18 0 13 10 18 7 10 1 
-12 7 17 12 18 7 1 -22 6 15 -2 2 17 19 5 -15 3 1 13 -3 
22 -12 4 3 -7 -5 7 20 16 19 -13 3 5 17 8 17 -7 2 -6 9 
13 -10 18 -18 18 1 1 0 23 10 -10 13 16 -17 -23 17 3 5 6 11 
49
3
1 15
17 11
0 14
18 4
2 8
19 5
14
9 13 9
13 7 13
5 17 13
13 6 15
14 4 8
3 0 11
18 1 14
10 6 9
6 12 13
14 2 13
6 13 15
5 15 8
16 19 11
1 18 14
36
2 10
15 14
2 14
5 14
12 9
9 5
3 14
5 4
2 1
15 16
19 12
4 17
4 13
6 11
15 9
15 13
9 10
18 13
17 9
4 5
17 5
14 5
7 10
10 14
16 5
14 15
17 18
4 3
0 7
15 2
15 6
13 8
4 10
4 6
10 9
1 6
