20 20
13 18 4 6 3 25 0 4 -3 17 29 -3 -22 -11 4 -8 -1 8 11 5 
11 4 5 6 12 13 3 15 -3 -22 -25 -29 -20 26 5 17 22 8 22 -15 
22 -8 1 16 20 10 17 10 23 -16 -22 2 17 2 11 28 13 23 9 17 
22 0 8 -17 10 12 5 14 -22 6 15 23 25 11 0 17 0 1 14 -9 
12 2 -23 4 29 6 9 -4 28 15 8 26 3 22 29 25 25 19 20 14 
25 -29 19 6 18 20 -7 23 16 24 -29 3 17 -26 17 8 27 19 -1 17 
20 7 13 7 -29 7 15 24 15 11 6 29 12 10 5 7 11 0 3 1 
22 25 28 17 6 3 18 21 7 11 2 20 1 -7 29 23 23 -23 22 23 
4 -17 26 22 10 24 -5 21 25 16 -14 12 13 12 23 29 26 21 26 11 
1 3 -22 6 2 26 15 -24 11 14 11 3 6 13 18 19 26 23 1 7 
7 1 23 26 19 18 13 6 3 11 14 11 -24 15 26 2 6 -22 3 1 
11 26 21 26 29 23 12 13 12 -14 16 25 21 -5 24 10 22 26 -17 4 
23 22 -23 23 23 29 -7 1 20 2 11 7 21 18 3 6 17 28 25 22 
1 3 0 11 7 5 10 12 29 6 11 15 24 15 7 -29 7 13 7 20 
17 -1 19 27 8 17 -26 17 3 -29 24 16 23 -7 20 18 6 19 -29 25 
14 20 19 25 25 29 22 3 26 8 15 28 -4 9 6 29 4 -23 2 12 
-9 14 1 0 17 0 11 25 23 15 6 -22 14 5 12 10 -17 8 0 22 
17 9 23 13 28 11 2 17 2 -22 -16 23 10 17 10 20 16 1 -8 22 
-15 22 8 22 17 5 26 -20 -29 -25 -22 -3 15 3 13 12 6 5 4 11 
5 11 8 -1 -8 4 -11 -22 -3 29 17 -3 4 0 25 3 6 4 18 13 
40
2
0 19
5 3
19 0
14 16
18
5 15 9
15 12 8
14 10 12
9 2 15
3 17 9
14 2 10
12 10 10
18 1 9
3 18 12
14 4 9
4 7 8
5 9 12
10 17 15
16 2 9
5 17 10
7 9 10
1 18 9
16 1 12
34
15 14
14 1
3 1
3 14
5 16
15 16
7 1
8 0
15 13
16 14
16 12
13 10
1 0
8 10
12 1
9 7
1 15
4 5
5 18
16 18
16 5
14 3
4 3
12 18
11 19
4 6
3 5
3 7
6 9
18 19
11 9
7 18
10 12
18 4
