20 20
-2 19 4 10 27 2 -17 3 -15 20 28 24 -24 0 14 9 -4 23 -7 4 
-6 1 8 1 -1 11 13 -9 14 -2 6 12 20 4 26 11 18 7 4 -9 
9 19 -11 -4 17 18 10 -21 27 5 5 -9 15 9 5 -26 15 -21 3 21 
0 24 -4 16 6 0 -1 -17 -21 -15 16 -13 17 19 -18 23 16 27 -28 5 
-24 24 8 16 15 4 28 21 28 -15 16 -3 -8 19 5 27 -8 -2 7 23 
18 21 -12 26 -8 21 14 16 25 14 -27 27 22 13 21 19 23 24 13 20 
6 -10 12 13 11 -15 24 23 3 22 -9 7 16 22 5 -3 15 4 3 22 
-13 21 4 13 16 25 17 15 22 20 1 16 3 3 -17 3 24 -24 2 28 
-18 -13 1 -6 5 28 23 -12 17 2 26 17 20 14 12 28 12 -9 14 21 
5 11 3 23 11 25 26 -8 17 -6 -19 -1 15 14 -3 -25 24 -17 4 -23 
-23 4 -17 24 -25 -3 14 15 -1 -19 -6 17 -8 26 25 11 23 3 11 5 
21 14 -9 12 28 12 14 20 17 26 2 17 -12 23 28 5 -6 1 -13 -18 
28 2 -24 24 3 -17 3 3 16 1 20 22 15 17 25 16 13 4 21 -13 
22 3 4 15 -3 5 22 16 7 -9 22 3 23 24 -15 11 13 12 -10 6 
20 13 24 23 19 21 13 22 27 -27 14 25 16 14 21 -8 26 -12 21 18 
23 7 -2 -8 27 5 19 -8 -3 16 -15 28 21 28 4 15 16 8 24 -24 
5 -28 27 16 23 -18 19 17 -13 16 -15 -21 -17 -1 0 6 16 -4 24 0 
21 3 -21 15 -26 5 9 15 -9 5 5 27 -21 10 18 17 -4 -11 19 9 
-9 4 7 18 11 26 4 20 12 6 -2 14 -9 13 11 -1 1 8 1 -6 
4 -7 23 -4 9 14 0 -24 24 28 20 -15 3 -17 2 27 10 4 19 -2 
48
8
12 9
13 9
11 14
13 11
16 11
13 18
3 6
11 5
7 10
6 10
8 5
6 8
3 8
6 1
16 13
8 14
14
19 5 14
18 13 15
15 1 11
1 17 9
15 16 12
12 5 10
2 5 12
0 14 14
1 6 15
4 18 11
18 2 9
4 3 12
7 14 10
17 14 12
36
19 16
16 6
7 9
17 16
8 4
13 12
5 10
16 19
19 0
0 18
4 9
5 3
9 17
5 15
12 4
16 17
10 6
5 13
0 3
3 13
12 10
2 3
11 15
6 7
14 9
3 0
0 19
19 1
15 10
14 16
10 2
14 4
7 15
3 2
9 13
14 6
