20 20
-20 10 0 -19 19 20 20 -7 8 4 16 8 -7 2 11 10 3 -13 18 -16 
-21 11 16 12 20 14 11 3 -21 20 -20 5 15 12 16 -6 2 -7 -19 8 
9 17 8 20 2 -18 -12 -8 5 -13 20 20 5 21 1 11 16 12 3 14 
2 -16 -3 10 11 6 18 7 -10 11 -17 16 17 17 -19 1 15 11 11 1 
19 2 10 -19 2 4 15 1 -3 6 -16 11 20 13 7 18 6 8 19 10 
-14 14 4 -10 20 -7 8 11 9 5 -15 -6 11 -20 20 12 7 9 21 1 
13 16 -20 5 13 18 21 18 -2 6 2 2 -16 2 -4 10 6 -9 18 1 
13 7 1 0 7 4 8 13 -8 6 0 2 -6 5 9 9 0 -9 3 3 
-19 9 9 11 -3 4 6 13 2 0 2 19 -7 19 10 -6 -9 20 6 15 
5 18 -10 0 7 18 2 20 18 -19 17 0 -8 13 7 0 3 19 6 -18 
-18 6 19 3 0 7 13 -8 0 17 -19 18 20 2 18 7 0 -10 18 5 
15 6 20 -9 -6 10 19 -7 19 2 0 2 13 6 4 -3 11 9 9 -19 
3 3 -9 0 9 9 5 -6 2 0 6 -8 13 8 4 7 0 1 7 13 
1 18 -9 6 10 -4 2 -16 2 2 6 -2 18 21 18 13 5 -20 16 13 
1 21 9 7 12 20 -20 11 -6 -15 5 9 11 8 -7 20 -10 4 14 -14 
10 19 8 6 18 7 13 20 11 -16 6 -3 1 15 4 2 -19 10 2 19 
1 11 11 15 1 -19 17 17 16 -17 11 -10 7 18 6 11 10 -3 -16 2 
14 3 12 16 11 1 21 5 20 20 -13 5 -8 -12 -18 2 20 8 17 9 
8 -19 -7 2 -6 16 12 15 5 -20 20 -21 3 11 14 20 12 16 11 -21 
-16 18 -13 3 10 11 2 -7 8 16 4 8 -7 20 20 19 -19 0 10 -20 
32
6
15 12
15 14
19 4
13 15
7 19
8 6
4 7
4 5
0 15
6 4
12 0
11 13
8
4 14 12
2 16 8
0 9 14
10 4 14
15 5 12
17 3 8
19 10 14
9 15 14
28
15 4
19 7
0 10
0 18
12 14
10 15
1 4
18 13
11 18
0 8
5 8
7 14
12 2
4 3
4 15
0 12
19 9
19 1
7 5
9 4
18 15
1 6
8 1
19 11
14 11
12 5
7 17
15 16
