20 20
2 -18 7 11 2 19 21 4 -15 11 8 17 2 -19 7 3 21 16 10 3 
3 2 -21 15 -15 -18 20 -8 11 7 -3 -10 21 -21 -5 -11 2 18 14 10 
20 17 1 3 6 4 6 -16 2 12 9 -16 10 -16 10 11 -16 20 19 -18 
16 14 10 4 16 16 13 3 17 11 -12 8 8 13 10 19 16 -16 2 10 
-15 7 14 -17 4 0 13 2 0 18 -13 17 -9 -11 13 12 -8 21 -8 -21 
17 9 -20 7 6 -8 10 -15 5 7 1 -17 -21 16 -11 16 -21 14 2 -2 
-6 9 15 7 -13 9 -9 20 -8 17 3 -9 3 0 15 5 19 -10 6 7 
9 -18 16 21 16 2 18 0 10 2 20 -11 12 21 8 4 11 -20 10 19 
-16 20 17 15 -15 -6 21 -16 -6 14 3 2 11 13 -1 20 10 5 -11 2 
15 21 1 -6 8 2 21 7 5 -13 4 20 12 2 15 1 4 0 20 20 
20 20 0 4 1 15 2 12 20 4 -13 5 7 21 2 8 -6 1 21 15 
2 -11 5 10 20 -1 13 11 2 3 14 -6 -16 21 -6 -15 15 17 20 -16 
19 10 -20 11 4 8 21 12 -11 20 2 10 0 18 2 16 21 16 -18 9 
7 6 -10 19 5 15 0 3 -9 3 17 -8 20 -9 9 -13 7 15 9 -6 
-2 2 14 -21 16 -11 16 -21 -17 1 7 5 -15 10 -8 6 7 -20 9 17 
-21 -8 21 -8 12 13 -11 -9 17 -13 18 0 2 13 0 4 -17 14 7 -15 
10 2 -16 16 19 10 13 8 8 -12 11 17 3 13 16 16 4 10 14 16 
-18 19 20 -16 11 10 -16 10 -16 9 12 2 -16 6 4 6 3 1 17 20 
10 14 18 2 -11 -5 -21 21 -10 -3 7 11 -8 20 -18 -15 15 -21 2 3 
3 10 16 21 3 7 -19 2 17 8 11 -15 4 21 19 2 11 7 -18 2 
52
8
17 19
6 0
2 19
19 3
14 0
0 2
8 12
5 3
2 0
13 19
17 0
0 16
5 19
19 17
11 7
14 16
18
7 8 11
0 10 10
19 8 10
13 8 8
16 9 13
11 18 16
15 0 9
12 16 11
17 8 8
12 11 11
19 9 10
0 11 10
6 11 8
3 10 13
8 1 16
4 19 9
7 3 11
2 11 8
40
10 18
15 4
4 16
16 8
12 9
17 4
3 2
0 14
5 2
11 12
16 11
14 15
8 9
15 7
17 1
16 7
15 12
7 15
10 19
0 9
9 1
4 15
15 3
3 11
7 10
2 15
16 17
19 5
14 17
8 7
3 8
5 4
11 10
4 12
2 18
3 12
4 7
12 4
9 0
19 10
