20 20
-5 15 5 -11 -2 14 11 8 8 -7 9 -12 17 14 -9 11 2 -6 8 17 
8 14 -12 8 -11 5 2 0 5 -11 -4 1 2 4 17 -1 15 15 -17 8 
8 12 0 11 15 13 -11 9 1 13 -7 13 11 2 17 13 5 3 1 5 
2 1 4 2 8 14 11 -2 -8 5 6 4 11 17 5 8 -4 -1 12 5 
-6 -11 8 5 7 2 3 -6 5 3 -14 -1 -1 -7 9 16 -2 -5 -13 16 
10 -10 1 15 4 -5 10 4 4 9 14 1 16 8 -15 8 3 1 7 3 
16 5 15 0 6 17 0 -2 9 13 -1 6 3 17 8 6 2 -4 17 10 
9 5 2 2 -2 0 6 5 -1 7 8 7 -7 3 14 -7 3 8 12 -7 
14 -15 16 11 16 10 10 -5 10 -2 5 8 -4 17 15 8 -8 6 6 4 
4 16 16 -3 16 7 14 1 16 5 15 11 -2 8 11 7 3 17 -2 3 
3 -2 17 3 7 11 8 -2 11 15 5 16 1 14 7 16 -3 16 16 4 
4 6 6 -8 8 15 17 -4 8 5 -2 10 -5 10 10 16 11 16 -15 14 
-7 12 8 3 -7 14 3 -7 7 8 7 -1 5 6 0 -2 2 2 5 9 
10 17 -4 2 6 8 17 3 6 -1 13 9 -2 0 17 6 0 15 5 16 
3 7 1 3 8 -15 8 16 1 14 9 4 4 10 -5 4 15 1 -10 10 
16 -13 -5 -2 16 9 -7 -1 -1 -14 3 5 -6 3 2 7 5 8 -11 -6 
5 12 -1 -4 8 5 17 11 4 6 5 -8 -2 11 14 8 2 4 1 2 
5 1 3 5 13 17 2 11 13 -7 13 1 9 -11 13 15 11 0 12 8 
8 -17 15 15 -1 17 4 2 1 -4 -11 5 0 2 5 -11 8 -12 14 8 
17 8 -6 2 11 -9 14 17 -12 9 -7 8 8 11 14 -2 -11 5 15 -5 
39
6
3 5
11 2
17 11
10 7
3 10
19 13
16 14
8 17
2 8
9 12
16 9
0 6
20
12 7 16
12 1 16
7 1 12
13 2 9
19 15 14
10 9 8
11 9 10
14 8 13
1 7 9
12 9 14
7 12 16
7 18 16
12 18 12
6 17 9
0 4 14
9 10 8
8 10 10
5 11 13
18 12 9
7 10 14
28
5 2
12 0
8 2
1 13
9 3
7 4
9 18
15 17
4 11
13 1
1 5
2 1
1 4
3 2
14 17
7 19
11 17
18 6
10 16
12 15
10 1
4 2
15 8
6 18
18 14
17 18
18 15
16 17
