20 20
15 15 -9 15 7 11 11 17 8 8 6 14 4 -4 12 16 6 -7 -6 14 
4 6 18 4 -19 8 -1 13 -14 1 7 -18 18 8 18 6 20 -16 1 -18 
-7 18 4 20 17 1 -5 -20 -20 13 6 18 17 3 5 3 -4 9 7 4 
-14 1 3 6 4 7 13 -20 18 15 14 4 19 17 2 15 1 20 17 11 
14 -18 -4 -5 1 20 16 18 -12 0 -2 11 -7 -13 11 -17 17 -2 -14 14 
5 19 1 6 4 19 10 16 -1 -9 4 16 5 -1 -10 3 11 18 15 16 
1 -17 -15 19 -2 -6 17 -8 15 9 5 16 5 13 18 19 -8 10 19 16 
-6 10 5 -19 19 -2 7 7 -8 -14 15 -17 -18 16 -11 15 16 11 8 6 
15 16 -4 19 3 10 18 14 18 9 10 -18 -17 19 -17 16 0 4 16 -17 
18 19 -4 -11 20 1 1 15 11 -6 11 18 -18 17 -5 3 -3 7 -4 18 
18 -4 7 -3 3 -5 17 -18 18 11 -6 11 15 1 1 20 -11 -4 19 18 
-17 16 4 0 16 -17 19 -17 -18 10 9 18 14 18 10 3 19 -4 16 15 
6 8 11 16 15 -11 16 -18 -17 15 -14 -8 7 7 -2 19 -19 5 10 -6 
16 19 10 -8 19 18 13 5 16 5 9 15 -8 17 -6 -2 19 -15 -17 1 
16 15 18 11 3 -10 -1 5 16 4 -9 -1 16 10 19 4 6 1 19 5 
14 -14 -2 17 -17 11 -13 -7 11 -2 0 -12 18 16 20 1 -5 -4 -18 14 
11 17 20 1 15 2 17 19 4 14 15 18 -20 13 7 4 6 3 1 -14 
4 7 9 -4 3 5 3 17 18 6 13 -20 -20 -5 1 17 20 4 18 -7 
-18 1 -16 20 6 18 8 18 -18 7 1 -14 13 -1 8 -19 4 18 6 4 
14 -6 -7 6 16 12 -4 4 14 6 8 8 17 11 11 7 15 -9 15 15 
36
7
16 3
12 5
7 5
12 6
14 17
1 6
7 10
3 16
7 14
12 14
7 13
5 2
18 13
12 9
18
1 9 12
1 0 16
11 15 15
1 10 14
16 9 12
3 4 9
14 13 9
3 18 12
6 19 11
18 10 12
18 19 16
8 4 15
18 9 14
3 10 12
16 15 9
5 6 9
16 1 12
13 0 11
34
4 14
3 1
6 2
14 5
14 4
6 3
5 13
2 3
9 5
9 13
15 1
15 4
10 19
7 0
6 16
19 17
3 2
15 5
16 18
13 17
5 14
5 15
13 16
14 6
17 16
10 14
10 6
4 18
4 15
9 0
12 19
13 3
0 2
16 17
