20 20
2 -13 4 14 10 -7 17 8 7 5 -8 6 15 8 12 9 19 -20 16 -2 
-10 2 20 9 -5 11 -23 22 22 5 20 20 20 -13 1 11 16 3 3 17 
-21 9 -11 20 14 7 12 1 6 16 1 1 -1 -17 19 7 15 17 10 -23 
12 7 17 8 -20 16 5 -5 23 21 3 3 14 15 14 11 18 -20 -5 5 
7 -16 17 3 22 22 19 19 3 11 10 21 -1 0 7 5 22 19 1 18 
14 4 -8 19 13 21 3 -16 23 10 16 23 -21 11 4 9 4 -5 -10 16 
13 -15 12 22 21 14 -16 20 23 3 10 12 6 19 6 15 10 16 19 16 
6 9 22 23 4 -4 18 12 4 11 19 14 13 8 -16 20 4 2 23 8 
19 10 -17 21 -16 17 2 5 7 17 19 -11 -2 12 16 12 0 12 11 -21 
3 20 5 7 19 1 18 -17 15 23 -10 16 19 19 0 5 9 0 22 4 
4 22 0 9 5 0 19 19 16 -10 23 15 -17 18 1 19 7 5 20 3 
-21 11 12 0 12 16 12 -2 -11 19 17 7 5 2 17 -16 21 -17 10 19 
8 23 2 4 20 -16 8 13 14 19 11 4 12 18 -4 4 23 22 9 6 
16 19 16 10 15 6 19 6 12 10 3 23 20 -16 14 21 22 12 -15 13 
16 -10 -5 4 9 4 11 -21 23 16 10 23 -16 3 21 13 19 -8 4 14 
18 1 19 22 5 7 0 -1 21 10 11 3 19 19 22 22 3 17 -16 7 
5 -5 -20 18 11 14 15 14 3 3 21 23 -5 5 16 -20 8 17 7 12 
-23 10 17 15 7 19 -17 -1 1 1 16 6 1 12 7 14 20 -11 9 -21 
17 3 3 16 11 1 -13 20 20 20 5 22 22 -23 11 -5 9 20 2 -10 
-2 16 -20 19 9 12 8 15 6 -8 5 7 8 17 -7 10 14 4 -13 2 
39
4
7 16
7 12
2 5
10 17
12 3
12 7
17 14
9 2
16
0 11 12
2 19 9
1 10 8
11 15 15
1 0 11
16 12 13
9 8 11
4 19 11
19 8 12
17 0 9
18 9 8
8 4 15
18 19 11
3 7 13
10 11 11
15 0 11
38
12 11
1 12
8 7
9 14
4 16
18 12
17 15
19 9
16 15
16 17
18 16
15 18
11 8
9 16
4 10
10 8
17 12
17 13
19 2
7 8
18 7
11 12
10 5
15 3
1 7
2 4
0 10
3 4
3 2
1 3
4 1
8 11
10 3
15 9
9 11
2 7
2 6
0 17
