20 20
7 1 5 15 2 11 -15 15 13 17 10 8 13 7 4 12 10 14 -9 16 
7 10 14 0 9 18 5 -6 17 -7 -6 5 -17 -5 1 20 10 8 4 15 
6 6 5 19 19 11 4 18 9 -19 9 -6 14 -16 -6 -6 9 20 5 15 
8 11 11 20 2 -20 9 19 -13 2 18 -11 10 12 12 6 6 16 4 13 
16 20 19 19 -11 -15 -8 15 4 9 5 11 15 11 4 20 13 18 -9 5 
17 17 10 -14 15 8 3 14 -2 17 5 6 3 17 15 20 1 12 11 2 
-18 11 2 14 -9 18 6 19 2 2 1 19 12 2 -4 5 3 19 2 -11 
7 -5 17 -3 13 -14 5 19 12 10 17 4 -17 17 12 2 13 7 1 19 
15 -18 -5 -8 -20 7 8 19 16 14 13 -15 -8 5 -10 -18 -4 17 -5 6 
7 5 1 -20 -20 11 -10 16 -12 14 20 13 14 14 18 10 17 11 -1 -15 
-15 -1 11 17 10 18 14 14 13 20 14 -12 16 -10 11 -20 -20 1 5 7 
6 -5 17 -4 -18 -10 5 -8 -15 13 14 16 19 8 7 -20 -8 -5 -18 15 
19 1 7 13 2 12 17 -17 4 17 10 12 19 5 -14 13 -3 17 -5 7 
-11 2 19 3 5 -4 2 12 19 1 2 2 19 6 18 -9 14 2 11 -18 
2 11 12 1 20 15 17 3 6 5 17 -2 14 3 8 15 -14 10 17 17 
5 -9 18 13 20 4 11 15 11 5 9 4 15 -8 -15 -11 19 19 20 16 
13 4 16 6 6 12 12 10 -11 18 2 -13 19 9 -20 2 20 11 11 8 
15 5 20 9 -6 -6 -16 14 -6 9 -19 9 18 4 11 19 19 5 6 6 
15 4 8 10 20 1 -5 -17 5 -6 -7 17 -6 5 18 9 0 14 10 7 
16 -9 14 10 12 4 7 13 8 10 17 13 15 -15 11 2 15 5 1 7 
46
3
3 11
4 10
1 18
16 8
15 9
18 1
14
10 11 16
19 15 12
17 7 8
0 15 16
19 6 10
14 13 10
14 7 11
9 8 16
0 4 12
2 12 8
19 4 16
0 13 10
5 6 10
5 12 11
36
13 2
12 9
10 4
7 14
12 2
10 7
15 12
3 4
13 5
19 2
1 12
5 15
11 12
7 0
16 7
12 8
2 11
3 5
6 17
7 10
9 15
12 5
7 17
9 12
4 7
16 15
6 14
0 17
18 7
14 4
8 7
12 19
3 12
7 11
17 8
16 14
