20 20
17 -17 18 -8 16 18 0 1 3 27 9 -1 16 5 26 -15 -6 10 17 -16 
20 26 27 6 26 21 11 10 23 3 19 25 -14 -21 -6 16 7 9 19 17 
19 26 23 -9 16 27 -26 4 -16 1 24 -8 5 14 16 -10 7 27 -10 -1 
-26 25 20 17 25 25 -18 -1 20 -2 12 -10 27 21 18 6 4 17 -12 -17 
25 17 5 0 9 3 19 21 27 11 21 -20 27 17 -7 5 6 -16 -21 -11 
-14 10 -13 13 24 6 7 -6 -17 4 8 -21 24 16 19 13 -24 14 5 13 
24 19 6 -5 7 -16 2 1 -17 25 23 13 16 12 -27 4 3 19 3 5 
-22 -26 -20 -5 1 9 12 15 23 -15 -16 26 13 19 18 -6 2 10 11 -26 
-14 20 5 4 -11 3 13 9 17 -17 27 -12 26 15 20 17 4 13 21 17 
18 16 -3 7 5 -21 4 14 -1 -25 9 21 16 25 20 24 -2 25 -8 15 
15 -8 25 -2 24 20 25 16 21 9 -25 -1 14 4 -21 5 7 -3 16 18 
17 21 13 4 17 20 15 26 -12 27 -17 17 9 13 3 -11 4 5 20 -14 
-26 11 10 2 -6 18 19 13 26 -16 -15 23 15 12 9 1 -5 -20 -26 -22 
5 3 19 3 4 -27 12 16 13 23 25 -17 1 2 -16 7 -5 6 19 24 
13 5 14 -24 13 19 16 24 -21 8 4 -17 -6 7 6 24 13 -13 10 -14 
-11 -21 -16 6 5 -7 17 27 -20 21 11 27 21 19 3 9 0 5 17 25 
-17 -12 17 4 6 18 21 27 -10 12 -2 20 -1 -18 25 25 17 20 25 -26 
-1 -10 27 7 -10 16 14 5 -8 24 1 -16 4 -26 27 16 -9 23 26 19 
17 19 9 7 16 -6 -21 -14 25 19 3 23 10 11 21 26 6 27 26 20 
-16 17 10 -6 -15 26 5 16 -1 9 27 3 1 0 18 16 -8 18 -17 17 
53
4
13 1
4 14
2 11
7 15
6 18
15 5
17 8
12 4
18
3 6 10
17 6 13
18 6 12
7 19 14
7 16 8
1 9 9
8 13 13
12 16 14
10 4 12
16 13 10
2 13 13
1 13 12
12 0 14
12 3 8
18 10 9
11 6 13
7 3 14
9 15 12
28
4 16
4 7
3 15
11 10
17 0
1 18
3 18
18 19
17 15
9 5
2 1
0 10
17 4
19 0
15 3
15 12
16 4
8 9
2 19
18 1
16 1
1 0
2 4
10 14
17 18
19 9
2 15
0 19
