20 20
-12 13 13 1 10 11 8 12 15 15 3 -9 4 16 3 11 8 7 10 -11 
12 10 -4 16 -3 8 5 12 6 6 10 5 -13 -13 14 2 14 13 14 16 
2 6 4 -6 15 16 2 2 -11 -13 7 -14 -10 -14 3 11 15 -2 -16 -13 
4 5 11 9 4 8 14 1 12 7 12 -12 10 -11 5 3 15 -15 4 5 
1 16 11 -7 15 7 14 3 -6 -16 14 7 6 16 11 9 13 11 14 -10 
10 16 3 3 -15 12 -9 3 -14 -9 3 -2 4 15 8 14 2 8 8 14 
5 3 -8 -12 4 15 -11 7 0 9 -6 15 12 -11 1 13 8 9 -8 11 
-2 -4 13 -7 16 9 9 3 12 1 -13 14 8 -6 0 7 1 5 -8 3 
5 14 -3 -1 15 -16 8 15 5 0 14 -13 16 3 2 13 4 7 2 -15 
15 -15 6 6 13 -14 13 -11 -8 -3 0 2 7 0 -15 16 -14 11 -1 16 
16 -1 11 -14 16 -15 0 7 2 0 -3 -8 -11 13 -14 13 6 6 -15 15 
-15 2 7 4 13 2 3 16 -13 14 0 5 15 8 -16 15 -1 -3 14 5 
3 -8 5 1 7 0 -6 8 14 -13 1 12 3 9 9 16 -7 13 -4 -2 
11 -8 9 8 13 1 -11 12 15 -6 9 0 7 -11 15 4 -12 -8 3 5 
14 8 8 2 14 8 15 4 -2 3 -9 -14 3 -9 12 -15 3 3 16 10 
-10 14 11 13 9 11 16 6 7 14 -16 -6 3 14 7 15 -7 11 16 1 
5 4 -15 15 3 5 -11 10 -12 12 7 12 1 14 8 4 9 11 5 4 
-13 -16 -2 15 11 3 -14 -10 -14 7 -13 -11 2 2 16 15 -6 4 6 2 
16 14 13 14 2 14 -13 -13 5 10 6 6 12 5 8 -3 16 -4 10 12 
-11 10 7 8 11 3 16 4 -9 3 15 15 12 8 11 10 1 13 13 -12 
37
3
6 18
10 19
16 13
13 1
9 0
3 6
18
1 16 13
14 17 8
7 19 12
5 10 13
15 17 16
16 1 12
13 16 9
6 8 13
9 16 16
18 3 13
5 2 8
12 0 12
14 9 13
4 2 16
3 18 12
6 3 9
13 11 13
10 3 16
38
18 7
10 2
19 18
9 2
16 17
13 17
6 11
18 10
0 19
13 2
14 0
15 19
19 17
7 6
17 19
14 4
9 19
9 7
10 16
1 12
9 17
0 1
10 17
3 2
6 2
13 8
1 9
19 0
6 17
5 19
4 0
0 2
12 13
2 0
5 15
10 0
10 12
9 3
