20 20
6 -6 13 5 9 1 -5 13 12 1 2 10 15 3 14 10 7 -5 -15 10 
4 12 15 10 4 12 -12 16 14 2 15 16 4 6 11 -16 7 -11 -11 1 
-7 7 2 3 16 15 7 7 12 2 -12 8 12 14 12 10 -16 16 2 6 
5 13 -7 12 5 11 -4 0 2 11 15 6 -9 4 6 4 5 -5 15 12 
6 15 -3 3 -3 -16 -12 1 -16 -9 -14 7 -15 -10 6 6 -3 12 9 0 
7 -12 8 5 15 3 11 9 8 12 9 11 12 11 4 -12 7 -16 6 7 
-8 -3 -10 -2 -9 2 6 14 14 -7 13 11 13 -4 10 -9 3 1 -4 4 
12 10 2 15 11 16 0 15 10 -9 7 13 0 6 1 -4 -8 2 10 5 
13 2 6 -14 8 4 -2 2 15 2 -5 2 -3 7 6 -15 -6 14 1 7 
12 -2 4 11 -12 2 -4 11 2 -14 1 -5 7 14 9 1 16 16 -15 15 
15 -15 16 16 1 9 14 7 -5 1 -14 2 11 -4 2 -12 11 4 -2 12 
7 1 14 -6 -15 6 7 -3 2 -5 2 15 2 -2 4 8 -14 6 2 13 
5 10 2 -8 -4 1 6 0 13 7 -9 10 15 0 16 11 15 2 10 12 
4 -4 1 3 -9 10 -4 13 11 13 -7 14 14 6 2 -9 -2 -10 -3 -8 
7 6 -16 7 -12 4 11 12 11 9 12 8 9 11 3 15 5 8 -12 7 
0 9 12 -3 6 6 -10 -15 7 -14 -9 -16 1 -12 -16 -3 3 -3 15 6 
12 15 -5 5 4 6 4 -9 6 15 11 2 0 -4 11 5 12 -7 13 5 
6 2 16 -16 10 12 14 12 8 -12 2 12 7 7 15 16 3 2 7 -7 
1 -11 -11 7 -16 11 6 4 16 15 2 14 16 -12 12 4 10 15 12 4 
10 -15 -5 7 10 14 3 15 10 2 1 12 13 -5 1 9 5 13 -6 6 
39
6
19 13
12 16
1 3
5 2
2 11
5 8
0 6
7 3
18 16
14 17
17 8
14 11
12
17 4 14
13 7 15
6 14 12
10 4 16
12 7 8
13 11 8
2 15 14
6 12 15
13 5 12
9 15 16
7 12 8
6 8 8
30
0 8
4 3
17 11
3 10
7 6
11 5
17 7
7 9
8 2
8 0
14 8
13 4
13 16
4 7
16 15
19 11
15 16
2 8
16 9
12 13
8 14
2 12
12 10
11 17
11 19
5 11
6 15
6 3
15 12
3 4
