20 20
8 -22 11 11 -26 12 20 -10 11 21 16 20 15 -5 16 16 7 -7 20 9 
6 -6 7 22 23 18 20 6 -3 25 -26 -4 10 -10 14 -6 17 -26 -7 -23 
22 -26 23 -17 -19 -11 26 -7 20 22 12 -22 22 14 22 22 20 10 -19 6 
23 9 5 14 18 4 11 -10 8 16 14 6 14 18 -10 5 -19 23 8 20 
25 18 -9 17 -7 13 -6 4 8 -12 -12 17 22 15 26 7 -12 18 14 21 
15 1 2 4 21 16 14 22 -8 -14 -11 8 26 6 25 -15 9 -9 26 25 
13 20 6 12 -8 13 10 -17 6 -22 25 -19 25 2 17 -18 -15 -5 25 20 
-11 15 11 10 22 26 18 -19 26 3 23 4 11 -9 11 -18 24 17 -4 -15 
-16 7 -10 4 -10 -24 24 0 21 -6 0 23 -24 25 4 -20 26 -15 22 -13 
2 10 9 26 -14 -14 8 9 8 25 -5 -4 25 21 16 22 21 -8 6 -7 
-7 6 -8 21 22 16 21 25 -4 -5 25 8 9 8 -14 -14 26 9 10 2 
-13 22 -15 26 -20 4 25 -24 23 0 -6 21 0 24 -24 -10 4 -10 7 -16 
-15 -4 17 24 -18 11 -9 11 4 23 3 26 -19 18 26 22 10 11 15 -11 
20 25 -5 -15 -18 17 2 25 -19 25 -22 6 -17 10 13 -8 12 6 20 13 
25 26 -9 9 -15 25 6 26 8 -11 -14 -8 22 14 16 21 4 2 1 15 
21 14 18 -12 7 26 15 22 17 -12 -12 8 4 -6 13 -7 17 -9 18 25 
20 8 23 -19 5 -10 18 14 6 14 16 8 -10 11 4 18 14 5 9 23 
6 -19 10 20 22 22 14 22 -22 12 22 20 -7 26 -11 -19 -17 23 -26 22 
-23 -7 -26 17 -6 14 -10 10 -4 -26 25 -3 6 20 18 23 22 7 -6 6 
9 20 -7 7 16 16 -5 15 20 16 21 11 -10 20 12 -26 11 11 -22 8 
60
5
11 7
10 9
6 17
7 6
2 17
8 12
9 10
13 2
12 13
17 2
8
3 19 16
19 3 8
8 2 12
6 9 16
16 0 16
0 16 8
11 17 12
13 10 16
36
5 8
14 18
15 17
12 11
5 16
1 7
2 15
1 3
9 1
18 6
15 10
2 4
2 18
15 1
11 10
15 16
3 8
13 14
14 11
5 1
4 2
7 8
14 3
18 12
17 4
18 16
10 18
1 13
4 9
17 15
17 1
4 18
8 9
4 3
16 11
6 5
