20 20
5 8 3 8 -3 1 8 -7 5 8 4 -8 8 7 3 7 -8 7 1 6 
8 8 6 3 -4 2 -8 6 -2 3 5 -3 2 -6 1 6 -4 5 1 -6 
8 8 -6 6 4 7 -3 -7 0 6 8 0 -8 1 7 5 4 0 3 6 
7 5 3 7 3 -7 7 6 6 5 8 5 6 1 -2 0 3 6 4 7 
-1 -4 -5 2 8 -8 -8 4 -6 7 8 0 -5 3 -1 7 4 4 -3 -7 
-1 1 7 8 5 5 6 7 -4 5 0 8 0 -3 0 -1 2 -6 2 7 
8 0 -2 -2 2 3 -8 6 -2 3 7 3 7 -2 8 1 -3 -4 7 -6 
-8 3 1 6 0 3 3 3 -3 -8 2 1 2 -5 3 -4 7 8 3 5 
2 8 8 -5 2 3 0 4 -7 3 6 -2 3 1 8 -8 -4 4 5 -8 
4 4 5 5 1 4 1 -6 1 0 3 7 7 8 3 0 5 1 6 2 
2 6 1 5 0 3 8 7 7 3 0 1 -6 1 4 1 5 5 4 4 
-8 5 4 -4 -8 8 1 3 -2 6 3 -7 4 0 3 2 -5 8 8 2 
5 3 8 7 -4 3 -5 2 1 2 -8 -3 3 3 3 0 6 1 3 -8 
-6 7 -4 -3 1 8 -2 7 3 7 3 -2 6 -8 3 2 -2 -2 0 8 
7 2 -6 2 -1 0 -3 0 8 0 5 -4 7 6 5 5 8 7 1 -1 
-7 -3 4 4 7 -1 3 -5 0 8 7 -6 4 -8 -8 8 2 -5 -4 -1 
7 4 6 3 0 -2 1 6 5 8 5 6 6 7 -7 3 7 3 5 7 
6 3 0 4 5 7 1 -8 0 8 6 0 -7 -3 7 4 6 -6 8 8 
-6 1 5 -4 6 1 -6 2 -3 5 3 -2 6 -8 2 -4 3 6 8 8 
6 1 7 -8 7 3 7 8 -8 4 8 5 -7 8 1 -3 8 3 8 5 
40
7
11 9
9 19
5 17
1 19
15 2
3 18
6 1
8 10
10 0
14 2
18 0
4 17
16 1
13 18
20
17 5 12
3 10 9
18 11 11
13 3 9
4 7 9
9 17 14
10 14 9
0 14 16
15 1 15
13 15 8
2 14 12
16 9 9
1 8 11
6 16 9
15 12 9
10 2 14
9 5 9
19 5 16
4 18 15
6 4 8
40
11 14
2 17
3 8
4 3
15 8
1 13
14 4
8 9
0 10
3 11
16 18
11 16
0 2
5 1
0 18
2 12
8 14
13 2
11 8
16 19
8 5
17 2
16 11
15 16
4 11
18 6
5 15
11 10
19 9
16 8
3 1
8 3
19 17
14 18
19 1
17 7
11 5
6 17
8 11
3 0
