20 20
19 -10 2 17 7 -10 21 -5 11 -1 11 7 4 1 17 -18 1 12 -8 21 
20 -17 5 21 17 16 11 11 7 11 13 17 -19 9 -6 2 18 16 3 11 
16 4 -17 6 7 17 12 20 1 -4 6 18 18 -9 1 -14 -20 13 19 5 
14 9 8 18 -11 9 19 -14 -21 3 20 -12 13 10 19 2 1 17 14 17 
-4 17 21 14 3 -13 10 -13 19 -12 14 14 14 20 1 -17 -15 10 -20 19 
-15 -6 3 -3 13 19 18 9 9 20 9 -12 13 17 10 19 15 2 5 3 
9 -12 20 2 15 12 2 -14 16 3 8 1 7 5 2 10 4 14 0 4 
4 -5 -1 -6 18 2 -5 10 19 -3 3 19 7 10 20 19 -7 -15 0 8 
14 1 -17 -2 -10 1 9 13 10 21 9 -21 5 -11 9 16 16 -5 14 -12 
0 5 -10 7 -1 7 11 12 0 15 -19 14 13 -14 16 0 5 -7 -18 6 
6 -18 -7 5 0 16 -14 13 14 -19 15 0 12 11 7 -1 7 -10 5 0 
-12 14 -5 16 16 9 -11 5 -21 9 21 10 13 9 1 -10 -2 -17 1 14 
8 0 -15 -7 19 20 10 7 19 3 -3 19 10 -5 2 18 -6 -1 -5 4 
4 0 14 4 10 2 5 7 1 8 3 16 -14 2 12 15 2 20 -12 9 
3 5 2 15 19 10 17 13 -12 9 20 9 9 18 19 13 -3 3 -6 -15 
19 -20 10 -15 -17 1 20 14 14 14 -12 19 -13 10 -13 3 14 21 17 -4 
17 14 17 1 2 19 10 13 -12 20 3 -21 -14 19 9 -11 18 8 9 14 
5 19 13 -20 -14 1 -9 18 18 6 -4 1 20 12 17 7 6 -17 4 16 
11 3 16 18 2 -6 9 -19 17 13 11 7 11 11 16 17 21 5 -17 20 
21 -8 12 1 -18 17 1 4 7 11 -1 11 -5 21 -10 7 17 2 -10 19 
45
6
17 14
19 6
0 8
14 5
7 16
9 5
2 5
0 13
19 11
5 14
12 3
10 14
20
11 14 15
0 14 15
10 4 16
19 12 11
17 15 16
8 7 9
15 19 16
2 7 8
3 8 9
15 6 8
8 5 15
19 5 15
9 15 16
0 7 11
2 4 16
11 12 9
4 0 16
17 12 8
16 11 9
4 13 8
34
8 6
4 11
13 12
14 16
13 16
8 19
19 16
8 4
15 10
0 2
7 2
11 8
12 0
10 1
14 6
0 11
1 18
11 13
15 8
6 7
5 3
6 3
11 0
0 3
11 15
4 9
19 17
12 17
8 11
7 19
9 18
5 13
19 8
18 1
