20 20
9 11 8 -6 -9 -18 5 9 3 16 5 14 8 11 18 10 10 15 8 17 
19 9 14 9 15 11 8 11 19 1 11 4 8 13 14 -2 12 6 8 -2 
-13 6 17 17 4 1 5 13 13 8 -11 14 14 -7 15 -9 0 -9 15 8 
10 1 2 1 -17 12 19 -10 -13 7 13 7 5 14 9 -4 7 1 19 8 
-5 4 14 18 3 18 -18 12 -12 9 0 15 13 -4 4 -3 2 3 -15 2 
-9 -7 -3 11 -5 19 18 15 -5 0 2 3 8 8 5 -12 6 -5 11 15 
19 15 0 -13 18 0 -1 19 3 -15 7 8 5 4 -8 5 10 9 14 -7 
8 15 -5 10 4 0 -7 -19 -8 4 10 4 1 14 0 -14 13 17 -14 5 
5 9 8 2 -17 6 4 7 12 19 19 15 8 14 8 3 10 -17 1 19 
-10 -3 16 7 8 12 17 1 17 -4 7 10 8 -3 -13 15 0 12 10 12 
12 10 12 0 15 -13 -3 8 10 7 -4 17 1 17 12 8 7 16 -3 -10 
19 1 -17 10 3 8 14 8 15 19 19 12 7 4 6 -17 2 8 9 5 
5 -14 17 13 -14 0 14 1 4 10 4 -8 -19 -7 0 4 10 -5 15 8 
-7 14 9 10 5 -8 4 5 8 7 -15 3 19 -1 0 18 -13 0 15 19 
15 11 -5 6 -12 5 8 8 3 2 0 -5 15 18 19 -5 11 -3 -7 -9 
2 -15 3 2 -3 4 -4 13 15 0 9 -12 12 -18 18 3 18 14 4 -5 
8 19 1 7 -4 9 14 5 7 13 7 -13 -10 19 12 -17 1 2 1 10 
8 15 -9 0 -9 15 -7 14 14 -11 8 13 13 5 1 4 17 17 6 -13 
-2 8 6 12 -2 14 13 8 4 11 1 19 11 8 11 15 9 14 9 19 
17 8 15 10 10 18 11 8 14 5 16 3 9 5 -18 -9 -6 8 11 9 
56
6
4 8
17 10
1 8
13 3
15 9
12 4
15 11
2 9
18 11
6 16
4 10
7 15
6
6 7 9
4 15 15
3 5 10
13 12 9
15 4 15
16 14 10
32
13 11
3 7
4 6
3 15
19 12
14 16
14 10
3 1
13 5
15 6
1 4
10 3
16 6
17 4
8 11
2 0
6 8
16 12
15 13
16 4
0 7
5 3
5 9
16 18
6 14
4 13
18 15
9 16
3 13
2 15
11 8
17 19
