20 20
2 1 -4 -2 0 -4 2 2 4 3 -2 2 2 1 3 -1 -4 2 2 0 
2 -2 1 2 4 0 0 4 3 4 2 4 -1 4 2 1 0 4 3 -2 
2 4 4 3 -1 4 4 -3 0 4 1 2 2 3 -3 4 0 3 1 3 
3 -3 4 1 1 4 -1 3 -2 2 1 4 -3 3 2 3 0 -4 3 1 
-4 1 2 -4 2 1 -4 2 3 2 -3 4 -2 0 4 4 4 4 -2 3 
1 1 2 4 -1 0 -2 4 2 4 2 1 4 3 3 0 2 3 0 -2 
4 3 0 1 4 4 1 1 3 -2 0 -2 1 -2 2 1 1 0 4 -2 
4 -3 -3 -1 4 3 3 1 1 -4 3 0 0 3 3 3 4 4 4 0 
3 4 1 4 -3 3 3 2 -2 0 2 4 1 3 3 3 4 4 4 4 
4 2 3 2 3 0 4 1 0 1 3 1 0 1 0 2 3 -3 -3 -4 
-4 -3 -3 3 2 0 1 0 1 3 1 0 1 4 0 3 2 3 2 4 
4 4 4 4 3 3 3 1 4 2 0 -2 2 3 3 -3 4 1 4 3 
0 4 4 4 3 3 3 0 0 3 -4 1 1 3 3 4 -1 -3 -3 4 
-2 4 0 1 1 2 -2 1 -2 0 -2 3 1 1 4 4 1 0 3 4 
-2 0 3 2 0 3 3 4 1 2 4 2 4 -2 0 -1 4 2 1 1 
3 -2 4 4 4 4 0 -2 4 -3 2 3 2 -4 1 2 -4 2 1 -4 
1 3 -4 0 3 2 3 -3 4 1 2 -2 3 -1 4 1 1 4 -3 3 
3 1 3 0 4 -3 3 2 2 1 4 0 -3 4 4 -1 3 4 4 2 
-2 3 4 0 1 2 4 -1 4 2 4 3 4 0 0 4 2 1 -2 2 
0 2 2 -4 -1 3 1 2 2 -2 3 4 2 2 -4 0 -2 -4 1 2 
58
3
17 12
18 6
14 13
2 7
1 13
5 6
10
11 14 12
16 19 11
5 3 14
4 6 8
15 6 15
8 5 12
3 0 11
14 16 14
15 13 8
4 13 15
26
0 7
11 7
4 12
10 0
2 6
13 11
9 13
5 10
5 15
2 10
15 11
6 7
4 11
19 12
8 12
15 7
9 19
17 13
6 8
10 6
14 9
14 4
17 9
4 8
13 12
15 8
