20 20
10 21 8 1 -7 -16 22 19 -13 13 16 1 -18 1 22 2 22 20 -15 23 
-21 4 1 10 -10 3 -17 14 1 4 8 -11 1 18 9 12 14 19 -21 12 
15 9 6 4 15 17 4 7 23 5 -4 3 -1 21 10 20 2 17 -10 19 
8 4 -4 23 16 18 6 -16 5 3 13 -5 4 23 18 7 -11 1 5 -13 
5 2 1 -15 -2 21 7 9 -10 3 9 20 23 14 15 -18 13 15 21 21 
4 9 -18 14 0 21 17 9 2 6 20 18 17 -9 4 1 21 23 9 -11 
16 19 13 14 5 6 20 16 20 8 6 -21 -18 -2 8 22 -4 -5 16 18 
2 11 2 23 17 4 22 17 18 -2 22 18 10 1 1 14 8 14 8 7 
12 -12 9 11 -7 -3 20 22 -4 -22 23 -21 3 -22 14 13 14 23 15 14 
-23 23 4 17 2 5 21 22 23 -18 4 12 10 11 -10 20 22 0 11 17 
17 11 0 22 20 -10 11 10 12 4 -18 23 22 21 5 2 17 4 23 -23 
14 15 23 14 13 14 -22 3 -21 23 -22 -4 22 20 -3 -7 11 9 -12 12 
7 8 14 8 14 1 1 10 18 22 -2 18 17 22 4 17 23 2 11 2 
18 16 -5 -4 22 8 -2 -18 -21 6 8 20 16 20 6 5 14 13 19 16 
-11 9 23 21 1 4 -9 17 18 20 6 2 9 17 21 0 14 -18 9 4 
21 21 15 13 -18 15 14 23 20 9 3 -10 9 7 21 -2 -15 1 2 5 
-13 5 1 -11 7 18 23 4 -5 13 3 5 -16 6 18 16 23 -4 4 8 
19 -10 17 2 20 10 21 -1 3 -4 5 23 7 4 17 15 4 6 9 15 
12 -21 19 14 12 9 18 1 -11 8 4 1 14 -17 3 -10 10 1 4 -21 
23 -15 20 22 2 22 1 -18 1 16 13 -13 19 22 -16 -7 1 8 21 10 
47
4
16 13
0 6
2 16
9 6
3 6
19 13
17 3
10 13
20
10 17 9
14 13 10
18 10 16
17 6 16
11 17 10
10 7 13
11 13 11
0 5 16
2 19 9
9 0 11
9 2 9
5 6 10
1 9 16
2 13 16
8 2 10
9 12 13
8 6 11
19 14 16
17 0 9
10 19 11
32
14 5
13 11
18 11
13 6
2 1
15 18
17 10
8 0
7 9
14 1
3 9
12 11
6 17
3 18
1 3
2 10
5 14
6 8
1 8
6 13
17 18
4 1
2 9
11 19
12 10
5 18
16 10
7 8
13 2
16 1
18 16
17 9
