20 20
6 -4 6 8 3 7 -2 4 7 6 1 -7 8 2 9 1 9 -8 -6 3 
2 -2 6 4 3 0 6 -8 2 3 4 5 6 4 4 -6 9 4 -1 1 
-1 4 -2 5 4 -3 1 -1 4 9 2 -2 1 2 0 6 5 7 4 -4 
8 8 8 1 8 8 -6 -8 -3 -5 7 -9 8 5 -5 9 0 4 -8 6 
0 5 9 0 3 6 0 4 8 3 2 9 3 -8 4 1 3 -6 2 -8 
7 9 1 8 1 2 -8 0 3 2 6 0 -7 9 2 1 9 5 -8 6 
7 -2 2 2 1 2 9 4 2 2 8 5 -5 1 7 3 -9 2 9 -1 
2 9 1 -7 0 -8 7 4 2 8 8 5 3 2 5 9 8 6 3 9 
-9 -5 -7 -6 3 7 2 -5 0 5 3 0 2 7 7 -3 -3 1 5 6 
3 8 4 1 1 1 1 1 5 7 3 6 1 1 -1 9 5 9 8 6 
6 8 9 5 9 -1 1 1 6 3 7 5 1 1 1 1 1 4 8 3 
6 5 1 -3 -3 7 7 2 0 3 5 0 -5 2 7 3 -6 -7 -5 -9 
9 3 6 8 9 5 2 3 5 8 8 2 4 7 -8 0 -7 1 9 2 
-1 9 2 -9 3 7 1 -5 5 8 2 2 4 9 2 1 2 2 -2 7 
6 -8 5 9 1 2 9 -7 0 6 2 3 0 -8 2 1 8 1 9 7 
-8 2 -6 3 1 4 -8 3 9 2 3 8 4 0 6 3 0 9 5 0 
6 -8 4 0 9 -5 5 8 -9 7 -5 -3 -8 -6 8 8 1 8 8 8 
-4 4 7 5 6 0 2 1 -2 2 9 4 -1 1 -3 4 5 -2 4 -1 
1 -1 4 9 -6 4 4 6 5 4 3 2 -8 6 0 3 4 6 -2 2 
3 -6 -8 9 1 9 2 8 -7 1 6 7 4 -2 7 3 8 6 -4 6 
40
2
14 4
3 7
5 15
16 12
14
7 17 8
14 12 15
7 3 10
15 18 8
1 9 13
3 9 15
15 1 13
12 2 8
5 7 15
12 16 10
4 1 8
18 10 13
16 10 15
4 18 13
38
5 1
5 0
18 7
18 12
5 8
15 5
18 2
7 15
2 15
4 15
17 9
12 9
7 4
19 1
6 13
2 19
13 1
9 18
5 12
14 18
14 19
1 12
1 7
14 11
4 14
1 17
12 4
17 4
15 4
2 10
7 10
12 15
0 18
13 6
17 0
6 18
10 1
14 7
