20 20
-22 7 14 6 16 -25 7 9 -22 -11 9 -10 15 19 -22 20 8 14 14 15 
5 -14 17 22 24 7 5 23 -22 15 1 24 3 -11 10 10 -14 19 24 -19 
4 17 21 18 22 -25 13 21 -21 -19 16 8 -14 13 5 11 15 -12 -13 10 
4 11 -24 5 -1 9 3 18 -19 1 1 5 -22 23 22 6 -9 9 -22 11 
2 -24 21 7 23 23 11 10 7 12 -10 -4 10 7 7 -21 -8 2 -1 24 
-9 12 14 17 24 1 10 1 9 4 18 3 5 -14 13 -18 -13 -9 20 20 
21 4 20 8 -2 12 21 9 23 0 16 19 8 4 8 15 5 16 10 19 
1 25 19 20 16 2 -20 12 4 -9 22 -24 -8 4 2 -18 24 1 -3 12 
-6 14 -1 16 20 18 17 -18 21 24 14 -19 1 -8 2 13 20 23 5 13 
14 1 10 17 24 16 23 19 1 18 -13 8 23 8 1 18 12 -21 23 17 
17 23 -21 12 18 1 8 23 8 -13 18 1 19 23 16 24 17 10 1 14 
13 5 23 20 13 2 -8 1 -19 14 24 21 -18 17 18 20 16 -1 14 -6 
12 -3 1 24 -18 2 4 -8 -24 22 -9 4 12 -20 2 16 20 19 25 1 
19 10 16 5 15 8 4 8 19 16 0 23 9 21 12 -2 8 20 4 21 
20 20 -9 -13 -18 13 -14 5 3 18 4 9 1 10 1 24 17 14 12 -9 
24 -1 2 -8 -21 7 7 10 -4 -10 12 7 10 11 23 23 7 21 -24 2 
11 -22 9 -9 6 22 23 -22 5 1 1 -19 18 3 9 -1 5 -24 11 4 
10 -13 -12 15 11 5 13 -14 8 16 -19 -21 21 13 -25 22 18 21 17 4 
-19 24 19 -14 10 10 -11 3 24 1 15 -22 23 5 7 24 22 17 -14 5 
15 14 14 8 20 -22 19 15 -10 9 -11 -22 9 7 -25 16 6 14 7 -22 
37
6
3 15
10 8
8 17
15 3
4 13
0 8
16 4
9 11
11 2
4 16
15 6
19 11
6
12 7 9
9 2 16
15 10 14
7 12 9
10 17 16
4 9 14
28
17 5
10 2
2 12
10 14
2 13
4 18
14 15
0 13
16 8
11 7
7 15
18 14
7 19
12 15
2 14
9 17
17 7
9 5
17 6
15 1
5 4
19 6
3 11
8 12
12 4
1 5
12 0
7 4
