20 20
4 -21 21 24 6 6 9 3 16 9 -1 7 -23 11 21 18 15 6 2 -9 
5 27 -2 19 -15 21 5 8 -6 11 24 4 -15 16 -23 12 23 11 12 15 
8 -4 -21 7 -16 -7 -22 6 -20 25 10 -18 10 23 26 21 19 8 7 22 
13 2 0 2 10 9 -7 26 21 22 6 3 21 -22 -23 1 25 20 14 -7 
10 1 -9 12 16 8 14 25 -26 6 7 22 6 -13 21 15 5 -17 6 25 
25 20 -1 3 18 8 -23 7 25 2 9 -27 -3 22 -19 17 17 -3 4 24 
21 25 11 7 12 6 2 -16 25 26 23 -13 23 23 19 23 14 23 -14 23 
25 -18 16 22 -26 20 23 24 -22 3 10 15 9 -8 -21 -24 11 5 8 16 
12 3 9 22 20 12 9 20 27 9 6 -23 22 -16 6 11 5 -17 27 0 
13 8 14 5 20 -9 20 23 -4 20 18 23 -5 24 -10 -20 -16 2 3 17 
17 3 2 -16 -20 -10 24 -5 23 18 20 -4 23 20 -9 20 5 14 8 13 
0 27 -17 5 11 6 -16 22 -23 6 9 27 20 9 12 20 22 9 3 12 
16 8 5 11 -24 -21 -8 9 15 10 3 -22 24 23 20 -26 22 16 -18 25 
23 -14 23 14 23 19 23 23 -13 23 26 25 -16 2 6 12 7 11 25 21 
24 4 -3 17 17 -19 22 -3 -27 9 2 25 7 -23 8 18 3 -1 20 25 
25 6 -17 5 15 21 -13 6 22 7 6 -26 25 14 8 16 12 -9 1 10 
-7 14 20 25 1 -23 -22 21 3 6 22 21 26 -7 9 10 2 0 2 13 
22 7 8 19 21 26 23 10 -18 10 25 -20 6 -22 -7 -16 7 -21 -4 8 
15 12 11 23 12 -23 16 -15 4 24 11 -6 8 5 21 -15 19 -2 27 5 
-9 2 6 15 18 21 11 -23 7 -1 9 16 3 9 6 6 24 21 -21 4 
32
7
10 2
5 6
5 17
18 4
15 18
5 19
4 13
9 17
14 13
14 2
1 15
4 1
14 0
15 6
18
11 0 15
17 16 16
4 9 8
4 2 9
13 11 8
6 1 14
0 1 10
10 4 16
3 1 11
8 19 15
2 3 16
15 10 8
15 17 9
6 8 8
13 18 14
19 18 10
9 15 16
16 18 11
26
7 10
2 0
18 19
16 1
7 12
4 5
19 3
15 19
0 12
15 9
16 11
3 10
8 12
12 9
17 19
1 0
3 18
12 7
15 14
0 16
4 0
19 7
4 10
3 8
16 9
11 7
