20 20
-1 11 7 -4 2 4 12 9 -12 2 5 9 3 -6 -2 -3 6 6 9 4 
9 12 -4 2 -12 11 10 -2 3 10 8 0 -9 -7 2 2 -6 10 7 12 
6 11 5 -7 9 11 10 -9 5 1 0 11 7 10 3 13 0 1 5 -4 
13 -2 5 -9 9 12 13 9 3 8 1 -9 12 6 10 2 7 -13 -9 1 
13 7 12 4 4 -10 -10 9 1 12 12 11 -3 -11 2 13 2 -6 1 0 
8 -2 10 6 3 4 8 11 -7 6 11 -6 -4 5 8 10 1 -9 6 13 
4 -12 10 5 -13 10 7 8 1 0 -7 2 -2 1 7 -2 5 -10 9 7 
7 12 7 3 -11 -12 11 11 3 3 4 10 -11 11 8 9 -10 -7 -2 -13 
-10 10 4 9 -9 0 -7 3 10 12 2 11 -8 -11 5 -10 0 9 8 2 
-9 9 6 11 10 1 4 11 -7 -6 9 9 -4 11 -6 11 -10 4 2 5 
5 2 4 -10 11 -6 11 -4 9 9 -6 -7 11 4 1 10 11 6 9 -9 
2 8 9 0 -10 5 -11 -8 11 2 12 10 3 -7 0 -9 9 4 10 -10 
-13 -2 -7 -10 9 8 11 -11 10 4 3 3 11 11 -12 -11 3 7 12 7 
7 9 -10 5 -2 7 1 -2 2 -7 0 1 8 7 10 -13 5 10 -12 4 
13 6 -9 1 10 8 5 -4 -6 11 6 -7 11 8 4 3 6 10 -2 8 
0 1 -6 2 13 2 -11 -3 11 12 12 1 9 -10 -10 4 4 12 7 13 
1 -9 -13 7 2 10 6 12 -9 1 8 3 9 13 12 9 -9 5 -2 13 
-4 5 1 0 13 3 10 7 11 0 1 5 -9 10 11 9 -7 5 11 6 
12 7 10 -6 2 2 -7 -9 0 8 10 3 -2 10 11 -12 2 -4 12 9 
4 9 6 6 -3 -2 -6 3 9 5 2 -12 9 12 4 2 -4 7 11 -1 
48
4
1 9
3 11
14 10
11 17
18 10
16 8
5 9
8 2
16
3 15 11
11 7 14
10 18 14
14 0 10
12 3 12
18 16 12
2 7 8
2 12 8
16 4 11
8 12 14
9 1 14
5 19 10
7 16 12
1 3 12
17 12 8
17 7 8
40
18 3
3 9
2 6
2 5
14 11
0 1
17 15
0 18
13 18
7 8
16 14
8 4
15 2
18 2
2 19
0 6
1 12
2 15
11 12
19 4
1 16
16 10
17 13
17 14
5 8
19 18
2 4
19 1
6 1
12 11
3 5
11 15
4 17
1 17
17 0
19 13
18 7
17 4
8 7
0 15
