20 20
-6 1 24 16 25 12 3 21 -16 -17 18 -25 -27 19 17 18 -27 -26 14 14 
24 21 20 9 9 -21 6 7 -18 4 19 6 -21 6 -25 26 20 18 4 2 
-24 1 10 12 8 2 -19 -19 10 15 2 27 23 21 24 -19 11 24 -14 8 
11 22 14 27 8 26 -5 -2 11 1 19 10 25 27 7 4 27 22 12 20 
9 17 11 19 24 14 14 15 16 -9 -25 26 16 19 -21 22 13 2 -9 22 
23 3 13 22 22 14 13 12 -18 27 1 3 11 16 -14 -9 -7 17 4 4 
26 5 -11 -4 17 13 25 -17 5 27 24 3 10 6 12 13 20 16 3 2 
3 3 18 17 8 4 7 3 10 6 9 23 26 7 11 -4 6 14 15 18 
17 16 -7 21 8 27 24 13 14 15 -18 -16 6 -6 26 4 8 12 24 20 
27 20 19 19 9 -9 15 10 3 -17 19 26 20 -13 -2 16 -22 2 20 26 
26 20 2 -22 16 -2 -13 20 26 19 -17 3 10 15 -9 9 19 19 20 27 
20 24 12 8 4 26 -6 6 -16 -18 15 14 13 24 27 8 21 -7 16 17 
18 15 14 6 -4 11 7 26 23 9 6 10 3 7 4 8 17 18 3 3 
2 3 16 20 13 12 6 10 3 24 27 5 -17 25 13 17 -4 -11 5 26 
4 4 17 -7 -9 -14 16 11 3 1 27 -18 12 13 14 22 22 13 3 23 
22 -9 2 13 22 -21 19 16 26 -25 -9 16 15 14 14 24 19 11 17 9 
20 12 22 27 4 7 27 25 10 19 1 11 -2 -5 26 8 27 14 22 11 
8 -14 24 11 -19 24 21 23 27 2 15 10 -19 -19 2 8 12 10 1 -24 
2 4 18 20 26 -25 6 -21 6 19 4 -18 7 6 -21 9 9 20 21 24 
14 14 -26 -27 18 17 19 -27 -25 18 -17 -16 21 3 12 25 16 24 1 -6 
59
8
12 5
12 8
4 16
3 17
13 16
10 14
18 15
10 0
7 14
7 11
15 3
16 2
6 3
9 5
1 4
9 19
20
0 10 10
0 12 13
9 0 10
18 14 15
4 13 13
16 18 16
13 18 12
3 7 12
11 9 10
6 18 10
19 9 10
19 7 13
10 19 10
1 5 15
15 6 13
3 1 16
6 1 12
16 12 12
8 10 10
13 1 10
26
3 16
18 19
9 4
19 13
13 4
14 19
2 10
2 4
18 16
19 17
16 14
16 17
17 16
16 3
1 0
10 15
0 6
6 15
5 0
17 9
17 15
1 3
0 2
3 5
3 2
2 3
