20 20
2 5 2 12 -10 -11 0 15 0 11 3 11 -8 17 5 17 -11 17 -13 13 
6 12 8 7 17 14 16 -12 8 -12 8 14 17 -16 14 1 4 4 0 -11 
18 12 -3 17 16 -11 2 9 4 -18 -8 7 -5 -2 -18 3 11 -6 -6 18 
14 18 5 17 6 2 -14 9 7 13 7 15 -2 16 7 3 17 5 13 2 
1 6 3 14 15 8 -2 -17 6 1 17 18 18 15 -5 16 1 12 3 2 
11 4 14 4 -2 1 -9 17 1 7 10 -9 15 16 12 -2 10 5 -4 -18 
-15 16 13 10 8 8 15 -4 11 5 17 17 -6 9 14 18 0 -16 18 6 
12 17 -18 18 12 -1 17 10 -17 4 6 12 10 12 16 15 13 16 -11 5 
-4 3 0 0 6 -2 11 8 10 9 12 7 7 2 13 4 7 16 3 5 
0 15 3 16 18 8 11 -9 9 17 -7 -7 -2 17 6 17 11 -9 -17 14 
14 -17 -9 11 17 6 17 -2 -7 -7 17 9 -9 11 8 18 16 3 15 0 
5 3 16 7 4 13 2 7 7 12 9 10 8 11 -2 6 0 0 3 -4 
5 -11 16 13 15 16 12 10 12 6 4 -17 10 17 -1 12 18 -18 17 12 
6 18 -16 0 18 14 9 -6 17 17 5 11 -4 15 8 8 10 13 16 -15 
-18 -4 5 10 -2 12 16 15 -9 10 7 1 17 -9 1 -2 4 14 4 11 
2 3 12 1 16 -5 15 18 18 17 1 6 -17 -2 8 15 14 3 6 1 
2 13 5 17 3 7 16 -2 15 7 13 7 9 -14 2 6 17 5 18 14 
18 -6 -6 11 3 -18 -2 -5 7 -8 -18 4 9 2 -11 16 17 -3 12 18 
-11 0 4 4 1 14 -16 17 14 8 -12 8 -12 16 14 17 7 8 12 6 
13 -13 17 -11 17 5 17 -8 11 3 11 0 15 0 -11 -10 12 2 5 2 
32
7
11 10
14 16
16 19
7 3
2 3
14 8
16 15
8 9
5 3
3 0
12 16
17 16
5 11
3 4
16
17 18 11
6 17 11
6 3 9
10 3 15
9 2 13
4 6 8
18 9 14
1 15 14
2 1 11
13 2 11
13 16 9
9 16 15
10 17 13
15 13 8
1 10 14
18 4 14
28
14 6
8 18
8 19
11 14
16 13
8 3
17 19
3 10
10 7
11 7
15 3
0 8
5 4
2 12
5 13
11 1
11 0
8 5
3 6
11 16
2 0
16 9
9 12
8 12
4 16
19 11
14 15
17 7
