20 20
-12 -20 6 5 13 1 3 16 -2 -12 6 9 9 7 -14 12 4 -16 19 18 
7 -11 13 8 -7 21 14 4 10 1 4 9 0 -1 15 -9 5 12 15 2 
9 5 -8 6 17 -5 -21 19 -4 1 17 -6 1 4 18 18 16 1 1 17 
17 7 12 12 -6 10 20 17 13 9 10 -3 10 18 10 12 8 -14 6 13 
15 16 1 -14 -16 4 -12 7 -4 14 11 16 1 11 5 10 1 18 10 6 
-19 -15 6 16 17 12 9 -6 14 -1 8 11 -16 14 -8 12 -1 18 17 13 
9 20 -10 11 3 -4 -5 8 16 11 -6 -1 15 -3 5 21 5 20 18 2 
2 -21 8 -6 10 9 -10 -20 18 12 16 8 19 11 17 10 11 -16 4 9 
16 4 3 1 1 21 -18 19 -18 -15 1 17 0 20 20 18 -3 15 -7 6 
9 21 17 18 15 6 3 9 -12 19 -2 3 20 12 -11 5 7 15 18 7 
7 18 15 7 5 -11 12 20 3 -2 19 -12 9 3 6 15 18 17 21 9 
6 -7 15 -3 18 20 20 0 17 1 -15 -18 19 -18 21 1 1 3 4 16 
9 4 -16 11 10 17 11 19 8 16 12 18 -20 -10 9 10 -6 8 -21 2 
2 18 20 5 21 5 -3 15 -1 -6 11 16 8 -5 -4 3 11 -10 20 9 
13 17 18 -1 12 -8 14 -16 11 8 -1 14 -6 9 12 17 16 6 -15 -19 
6 10 18 1 10 5 11 1 16 11 14 -4 7 -12 4 -16 -14 1 16 15 
13 6 -14 8 12 10 18 10 -3 10 9 13 17 20 10 -6 12 12 7 17 
17 1 1 16 18 18 4 1 -6 17 1 -4 19 -21 -5 17 6 -8 5 9 
2 15 12 5 -9 15 -1 0 9 4 1 10 4 14 21 -7 8 13 -11 7 
18 19 -16 4 12 -14 7 9 9 6 -12 -2 16 3 1 13 5 6 -20 -12 
57
2
16 9
15 6
3 10
4 13
14
4 9 8
7 13 14
6 16 11
13 16 8
18 5 10
6 7 8
18 13 14
15 10 8
12 6 14
13 3 11
6 3 8
1 14 10
13 12 8
1 6 14
34
10 4
3 0
4 5
17 18
3 5
9 5
19 3
19 4
10 16
17 4
3 2
4 8
8 15
10 15
14 11
2 17
1 9
9 15
16 19
15 14
2 1
16 14
10 14
0 16
0 15
9 3
2 15
16 17
15 11
11 4
9 4
5 8
17 2
18 10
