20 20
14 2 6 -11 5 3 7 3 8 6 3 -8 7 5 8 3 12 3 8 2 
4 0 -11 11 11 4 5 15 3 12 12 12 12 14 9 8 9 5 1 3 
-11 8 10 13 9 -7 -10 10 8 8 9 12 2 2 0 6 2 11 5 14 
2 5 -11 7 5 3 -2 -14 -14 -11 2 15 13 -5 -7 12 2 3 9 5 
1 13 4 -14 9 -1 1 -5 14 3 -13 7 7 4 -6 -10 12 12 -15 -3 
1 -11 -11 -10 -1 9 15 -1 2 8 4 1 -5 -2 15 2 6 -9 12 13 
-2 15 -8 0 3 8 15 -1 -4 14 8 11 7 -1 -8 12 -3 1 -11 0 
11 8 4 -7 4 13 -11 -11 -10 12 1 3 1 2 -11 9 -14 10 14 7 
-7 13 14 -11 6 5 3 3 0 8 7 11 9 7 -3 10 -13 11 -9 12 
1 -3 -7 -2 2 0 14 -13 -7 15 15 6 6 3 0 12 10 4 5 15 
15 5 4 10 12 0 3 6 6 15 15 -7 -13 14 0 2 -2 -7 -3 1 
12 -9 11 -13 10 -3 7 9 11 7 8 0 3 3 5 6 -11 14 13 -7 
7 14 10 -14 9 -11 2 1 3 1 12 -10 -11 -11 13 4 -7 4 8 11 
0 -11 1 -3 12 -8 -1 7 11 8 14 -4 -1 15 8 3 0 -8 15 -2 
13 12 -9 6 2 15 -2 -5 1 4 8 2 -1 15 9 -1 -10 -11 -11 1 
-3 -15 12 12 -10 -6 4 7 7 -13 3 14 -5 1 -1 9 -14 4 13 1 
5 9 3 2 12 -7 -5 13 15 2 -11 -14 -14 -2 3 5 7 -11 5 2 
14 5 11 2 6 0 2 2 12 9 8 8 10 -10 -7 9 13 10 8 -11 
3 1 5 9 8 9 14 12 12 12 12 3 15 5 4 11 11 -11 0 4 
2 8 3 12 3 8 5 7 -8 3 6 8 3 7 3 5 -11 6 2 14 
45
7
5 0
16 18
10 11
2 9
17 3
12 0
15 5
14 19
3 1
9 8
17 10
2 16
7 19
4 14
6
15 2 8
5 18 11
10 17 10
4 17 8
14 1 11
9 2 10
36
19 6
5 6
14 4
11 19
17 1
8 5
4 15
1 16
16 1
0 4
19 7
10 1
4 16
12 11
17 15
13 17
14 10
8 9
0 13
14 13
5 15
8 0
2 18
11 14
15 4
18 3
3 18
19 15
0 12
9 18
15 3
7 8
2 4
6 2
5 9
11 10
