20 20
13 -6 -19 4 13 7 17 -23 -12 25 10 -18 28 21 11 -27 26 9 23 4 
23 7 -24 15 25 8 14 12 6 -12 10 15 -8 17 13 -22 20 -6 -15 9 
20 14 15 28 4 -5 -17 4 23 17 9 3 11 21 18 20 21 15 9 3 
-10 -26 15 0 20 -15 19 28 20 26 -8 14 -8 -7 -3 12 26 6 2 21 
-8 -5 20 -20 23 18 23 14 26 -10 18 -1 12 -16 28 9 -6 6 18 11 
23 27 9 10 23 26 18 12 2 23 -25 0 2 4 -7 1 2 9 11 -11 
4 10 -13 10 -21 -13 -1 -23 4 2 15 18 19 -17 -6 28 18 17 10 -3 
9 28 4 14 4 -3 1 23 1 -5 26 6 23 9 16 -21 9 27 -6 14 
-11 28 -17 11 14 -26 2 22 5 -8 7 22 10 -15 -28 19 20 2 3 9 
2 7 -23 -18 0 20 -11 -23 17 19 -23 8 -18 1 -8 -13 1 28 26 9 
9 26 28 1 -13 -8 1 -18 8 -23 19 17 -23 -11 20 0 -18 -23 7 2 
9 3 2 20 19 -28 -15 10 22 7 -8 5 22 2 -26 14 11 -17 28 -11 
14 -6 27 9 -21 16 9 23 6 26 -5 1 23 1 -3 4 14 4 28 9 
-3 10 17 18 28 -6 -17 19 18 15 2 4 -23 -1 -13 -21 10 -13 10 4 
-11 11 9 2 1 -7 4 2 0 -25 23 2 12 18 26 23 10 9 27 23 
11 18 6 -6 9 28 -16 12 -1 18 -10 26 14 23 18 23 -20 20 -5 -8 
21 2 6 26 12 -3 -7 -8 14 -8 26 20 28 19 -15 20 0 15 -26 -10 
3 9 15 21 20 18 21 11 3 9 17 23 4 -17 -5 4 28 15 14 20 
9 -15 -6 20 -22 13 17 -8 15 10 -12 6 12 14 8 25 15 -24 7 23 
4 23 9 26 -27 11 21 28 -18 10 25 -12 -23 17 7 13 4 -19 -6 13 
52
3
19 18
11 15
8 18
0 1
8 4
11 1
6
1 13 10
8 5 14
10 2 8
18 6 10
11 14 14
9 17 8
34
12 7
6 15
0 17
3 9
18 10
7 19
1 17
16 4
15 3
7 10
13 12
8 0
11 12
15 7
5 17
4 14
12 1
7 12
13 4
19 2
16 10
1 9
12 0
18 2
3 15
4 16
12 9
6 7
11 19
8 7
4 12
14 2
15 5
7 18
