20 20
11 13 8 5 1 5 9 -1 9 4 15 13 -8 6 16 10 4 16 -3 7 
-15 0 -3 2 10 -13 9 7 3 -4 6 -4 -11 9 4 15 -4 -6 12 -16 
5 -11 -14 -8 -6 11 4 13 5 2 14 -3 11 12 -14 12 9 4 4 -4 
5 5 16 -2 -13 2 13 -8 -6 -11 14 3 -6 -10 -12 9 13 3 10 -5 
-13 11 4 13 1 -3 15 -8 9 11 -11 14 12 14 12 16 15 1 7 8 
3 -15 3 12 1 -5 15 13 15 5 -10 -1 4 -6 2 4 3 -1 13 5 
6 13 -12 7 -13 7 -5 4 -15 -8 7 4 12 6 13 0 -3 -5 8 7 
15 -13 2 6 13 6 -14 9 2 8 -16 12 13 -8 -5 16 -12 1 12 6 
7 4 -10 8 -2 -2 3 14 12 9 8 7 -2 -8 4 -10 13 3 9 15 
0 0 12 4 8 16 13 -9 -11 11 7 9 -14 15 -16 5 7 -16 7 5 
5 7 -16 7 5 -16 15 -14 9 7 11 -11 -9 13 16 8 4 12 0 0 
15 9 3 13 -10 4 -8 -2 7 8 9 12 14 3 -2 -2 8 -10 4 7 
6 12 1 -12 16 -5 -8 13 12 -16 8 2 9 -14 6 13 6 2 -13 15 
7 8 -5 -3 0 13 6 12 4 7 -8 -15 4 -5 7 -13 7 -12 13 6 
5 13 -1 3 4 2 -6 4 -1 -10 5 15 13 15 -5 1 12 3 -15 3 
8 7 1 15 16 12 14 12 14 -11 11 9 -8 15 -3 1 13 4 11 -13 
-5 10 3 13 9 -12 -10 -6 3 14 -11 -6 -8 13 2 -13 -2 16 5 5 
-4 4 4 9 12 -14 12 11 -3 14 2 5 13 4 11 -6 -8 -14 -11 5 
-16 12 -6 -4 15 4 9 -11 -4 6 -4 3 7 9 -13 10 2 -3 0 -15 
7 -3 16 4 10 16 6 -8 13 15 4 9 -1 9 5 1 5 8 13 11 
47
7
19 14
1 6
14 12
6 15
15 12
11 17
9 5
0 5
18 13
5 7
13 4
4 7
8 2
10 14
12
18 15 14
19 4 12
14 0 13
15 2 12
3 12 9
16 15 16
1 4 14
0 15 12
5 19 13
4 17 12
16 7 9
3 4 16
36
7 13
5 15
4 18
16 12
5 4
10 7
4 3
2 15
1 8
12 18
19 1
11 10
1 17
13 14
17 14
13 0
12 8
10 9
12 6
14 4
15 1
3 7
14 15
9 12
15 16
17 4
18 11
7 1
0 18
8 9
18 2
6 5
2 5
6 19
7 11
9 10
