20 20
-3 2 1 0 4 2 4 3 -4 4 0 4 3 -3 3 -3 -4 -3 -1 3 
3 2 3 1 3 4 -3 0 4 4 2 0 2 3 -2 4 2 -1 3 0 
2 1 -2 4 1 4 4 0 0 0 -3 1 -2 2 2 -2 0 -4 2 -2 
3 1 3 -3 -4 4 3 3 0 -4 -2 -3 4 4 0 4 1 1 4 2 
3 1 -3 -3 -1 2 2 4 -2 0 4 2 2 1 4 -2 3 3 -3 4 
-2 0 -4 0 2 4 4 -1 -2 2 4 3 0 1 0 2 2 4 0 1 
-1 -4 3 -3 2 2 1 -1 3 4 4 -2 1 -1 1 4 3 2 4 3 
4 -3 -4 1 2 1 2 4 -3 2 0 -1 2 3 3 3 1 1 1 1 
2 3 0 2 4 1 4 3 0 -3 1 2 0 2 0 1 -4 2 4 2 
1 -2 3 0 3 2 4 3 -2 0 1 0 4 -4 1 2 -4 4 -3 3 
3 -3 4 -4 2 1 -4 4 0 1 0 -2 3 4 2 3 0 3 -2 1 
2 4 2 -4 1 0 2 0 2 1 -3 0 3 4 1 4 2 0 3 2 
1 1 1 1 3 3 3 2 -1 0 2 -3 4 2 1 2 1 -4 -3 4 
3 4 2 3 4 1 -1 1 -2 4 4 3 -1 1 2 2 -3 3 -4 -1 
1 0 4 2 2 0 1 0 3 4 2 -2 -1 4 4 2 0 -4 0 -2 
4 -3 3 3 -2 4 1 2 2 4 0 -2 4 2 2 -1 -3 -3 1 3 
2 4 1 1 4 0 4 4 -3 -2 -4 0 3 3 4 -4 -3 3 1 3 
-2 2 -4 0 -2 2 2 -2 1 -3 0 0 0 4 4 1 4 -2 1 2 
0 3 -1 2 4 -2 3 2 0 2 4 4 0 -3 4 3 1 3 2 3 
3 -1 -3 -4 -3 3 -3 3 4 0 4 -4 3 4 2 4 0 1 2 -3 
46
7
9 14
12 6
12 3
13 4
1 15
19 2
18 12
10 5
7 13
7 16
6 15
18 4
0 17
1 7
10
19 12 14
10 15 16
12 1 16
13 8 16
9 6 11
0 7 14
9 4 16
7 18 16
6 11 16
10 13 11
40
5 1
15 3
2 3
14 17
13 18
15 7
2 4
0 16
15 18
5 11
17 18
1 10
12 18
13 5
12 13
17 5
0 11
14 2
13 10
7 11
14 18
4 16
17 16
5 2
6 1
4 12
17 15
19 3
4 1
14 8
2 1
18 9
7 1
6 14
7 6
2 14
19 8
5 17
6 9
12 8
