20 20
1 2 1 2 3 0 2 -1 2 -2 3 -1 2 -2 1 2 2 2 2 -2 
-1 0 2 3 1 2 3 3 -2 -2 -1 2 1 -2 2 1 1 0 -1 2 
2 1 2 -3 0 3 0 0 2 2 1 0 1 1 0 3 3 3 -3 0 
1 2 1 0 2 1 3 1 1 2 3 -1 0 2 1 2 1 0 1 -2 
1 1 2 2 2 2 0 0 3 -3 2 -2 2 1 3 0 3 2 3 1 
0 1 2 -3 -1 3 1 3 1 1 2 1 -1 2 2 -3 0 1 0 3 
2 2 2 2 2 -2 0 2 1 0 1 2 2 1 1 2 3 3 0 2 
2 2 2 0 -3 -2 3 -1 -3 2 0 3 -2 2 0 3 0 0 1 -2 
1 -1 -1 1 1 1 2 -3 1 2 3 -1 2 1 3 2 -3 -1 2 1 
1 2 -2 3 1 1 0 3 -3 -2 1 -3 1 1 0 0 3 1 0 1 
1 0 1 3 0 0 1 1 -3 1 -2 -3 3 0 1 1 3 -2 2 1 
1 2 -1 -3 2 3 1 2 -1 3 2 1 -3 2 1 1 1 -1 -1 1 
-2 1 0 0 3 0 2 -2 3 0 2 -3 -1 3 -2 -3 0 2 2 2 
2 0 3 3 2 1 1 2 2 1 0 1 2 0 -2 2 2 2 2 2 
3 0 1 0 -3 2 2 -1 1 2 1 1 3 1 3 -1 -3 2 1 0 
1 3 2 3 0 3 1 2 -2 2 -3 3 0 0 2 2 2 2 1 1 
-2 1 0 1 2 1 2 0 -1 3 2 1 1 3 1 2 0 1 2 1 
0 -3 3 3 3 0 1 1 0 1 2 2 0 0 3 0 -3 2 1 2 
2 -1 0 1 1 2 -2 1 2 -1 -2 -2 3 3 2 1 3 2 0 -1 
-2 2 2 2 2 1 -2 2 -1 3 -2 2 -1 2 0 3 2 1 2 1 
42
6
3 14
8 3
8 11
10 19
10 18
11 9
16 5
11 16
11 8
9 0
9 1
8 10
12
7 5 16
3 0 11
15 8 12
13 5 9
0 1 10
4 1 11
12 14 16
16 19 11
4 11 12
6 14 9
19 18 10
15 18 11
28
13 4
11 2
0 18
1 11
7 13
8 19
12 2
11 1
5 3
8 2
14 18
15 11
0 14
7 15
6 15
8 17
19 1
18 8
12 6
11 0
7 17
8 18
14 16
11 17
5 1
4 8
19 5
12 4
