20 20
7 -13 12 6 6 13 -2 9 15 -11 6 7 14 9 11 3 -12 17 2 -2 
-1 -18 16 15 5 6 3 5 18 -9 -10 11 14 -11 -6 15 8 17 -2 4 
14 0 8 -10 -11 -11 -7 9 6 -12 17 7 11 9 1 1 0 0 2 -10 
13 14 17 4 11 -11 17 3 2 7 5 15 7 1 0 10 -9 7 -13 3 
18 7 5 2 8 14 1 6 11 13 -6 0 10 7 13 11 15 2 8 -15 
-4 -16 -13 18 -18 2 4 0 11 16 -4 -14 3 5 5 -7 1 5 17 14 
12 3 17 14 12 -18 5 3 -17 5 -12 12 -4 -13 12 8 1 11 9 6 
1 1 17 13 6 18 -8 16 -17 2 12 -1 12 13 -13 1 -10 3 9 5 
12 18 -2 -5 1 -5 16 11 -4 -2 14 0 5 -16 -3 0 9 15 -5 7 
14 13 2 -4 3 11 2 0 16 -1 -3 -12 -13 -11 9 8 0 18 6 11 
11 6 18 0 8 9 -11 -13 -12 -3 -1 16 0 2 11 3 -4 2 13 14 
7 -5 15 9 0 -3 -16 5 0 14 -2 -4 11 16 -5 1 -5 -2 18 12 
5 9 3 -10 1 -13 13 12 -1 12 2 -17 16 -8 18 6 13 17 1 1 
6 9 11 1 8 12 -13 -4 12 -12 5 -17 3 5 -18 12 14 17 3 12 
14 17 5 1 -7 5 5 3 -14 -4 16 11 0 4 2 -18 18 -13 -16 -4 
-15 8 2 15 11 13 7 10 0 -6 13 11 6 1 14 8 2 5 7 18 
3 -13 7 -9 10 0 1 7 15 5 7 2 3 17 -11 11 4 17 14 13 
-10 2 0 0 1 1 9 11 7 17 -12 6 9 -7 -11 -11 -10 8 0 14 
4 -2 17 8 15 -6 -11 14 11 -10 -9 18 5 3 6 5 15 16 -18 -1 
-2 2 17 -12 3 11 9 14 7 6 -11 15 9 -2 13 6 6 12 -13 7 
40
6
3 16
13 17
9 12
6 18
8 6
6 0
16 3
6 2
10 7
13 1
11 13
13 19
14
0 19 10
16 12 14
15 9 8
3 15 9
6 3 8
2 4 10
19 13 13
19 0 10
3 7 14
4 10 8
16 4 9
13 16 8
17 15 10
0 6 13
34
13 18
5 18
13 4
17 7
16 11
2 9
1 13
10 5
5 3
16 7
2 7
16 5
8 5
7 10
12 7
18 3
13 8
6 1
14 1
6 15
2 12
3 8
17 10
18 6
9 14
14 16
3 12
17 12
3 14
11 14
12 9
7 12
1 16
6 11
