20 20
3 13 13 -13 2 16 -3 24 23 0 3 16 16 10 3 11 6 -7 17 7 
7 5 14 25 23 8 -20 9 6 10 14 3 7 -19 7 -16 -4 15 -19 23 
-8 -3 11 10 25 24 24 25 5 6 -22 15 -10 0 9 25 5 23 16 14 
-8 -21 3 7 13 25 0 9 -17 17 14 2 3 10 -15 15 1 10 -22 7 
17 22 24 -16 12 -25 -11 10 10 21 9 2 14 3 5 18 21 12 -5 10 
24 18 21 12 21 18 25 14 -23 -14 24 -4 -1 10 10 -3 -1 -10 14 10 
-5 16 5 -9 -17 23 13 -13 18 14 25 21 -14 20 -18 11 1 -21 -5 0 
5 12 17 3 2 -14 3 -5 12 -11 -2 1 18 2 3 1 5 16 -21 25 
7 13 19 18 15 19 -15 14 -1 4 7 -1 15 -19 8 16 12 15 23 9 
21 -5 19 22 -21 2 -18 12 -21 24 -18 -22 23 -6 1 16 -16 -7 5 5 
5 5 -7 -16 16 1 -6 23 -22 -18 24 -21 12 -18 2 -21 22 19 -5 21 
9 23 15 12 16 8 -19 15 -1 7 4 -1 14 -15 19 15 18 19 13 7 
25 -21 16 5 1 3 2 18 1 -2 -11 12 -5 3 -14 2 3 17 12 5 
0 -5 -21 1 11 -18 20 -14 21 25 14 18 -13 13 23 -17 -9 5 16 -5 
10 14 -10 -1 -3 10 10 -1 -4 24 -14 -23 14 25 18 21 12 21 18 24 
10 -5 12 21 18 5 3 14 2 9 21 10 10 -11 -25 12 -16 24 22 17 
7 -22 10 1 15 -15 10 3 2 14 17 -17 9 0 25 13 7 3 -21 -8 
14 16 23 5 25 9 0 -10 15 -22 6 5 25 24 24 25 10 11 -3 -8 
23 -19 15 -4 -16 7 -19 7 3 14 10 6 9 -20 8 23 25 14 5 7 
7 17 -7 6 11 3 10 16 16 3 0 23 24 -3 16 2 -13 13 13 3 
34
8
8 17
19 11
7 12
9 17
5 14
19 13
19 8
1 6
11 2
0 8
12 7
10 2
14 5
0 6
0 11
18 13
18
2 14 13
6 16 12
4 13 15
13 4 15
6 4 16
2 18 14
1 8 11
1 4 12
4 10 11
17 5 13
13 3 12
15 6 15
6 15 15
13 15 16
17 1 14
18 11 11
18 15 12
15 9 11
32
3 7
1 16
16 11
11 10
5 1
8 5
13 19
0 17
13 6
0 12
8 0
17 13
1 13
11 15
9 6
11 0
16 12
18 3
3 8
8 9
14 18
11 14
6 0
19 2
6 13
19 7
11 19
2 6
18 6
8 4
10 13
8 19
