20 20
17 9 4 -9 11 -3 23 -15 7 -19 -16 -6 -11 -23 16 9 15 3 22 1 
-13 6 6 18 20 10 10 18 17 17 12 17 10 5 19 -13 6 10 15 -9 
13 4 9 -4 5 0 6 7 17 12 3 -15 7 10 7 -18 18 -7 9 -5 
15 17 1 22 -15 18 2 2 6 -1 16 7 2 19 20 -17 12 -6 19 21 
-1 9 5 -14 -12 18 -4 2 14 5 8 18 20 22 7 8 9 2 -21 6 
9 14 -4 8 2 -5 8 15 7 2 -20 14 4 16 16 23 8 17 0 -3 
19 6 9 8 -20 6 7 23 -4 22 -16 8 11 -9 15 23 19 4 -17 19 
18 20 5 23 3 8 1 14 9 15 5 -22 18 6 23 -19 6 20 6 19 
19 18 1 -10 -18 16 9 21 21 23 16 9 10 0 9 -9 21 11 21 11 
-22 1 -2 15 14 17 -9 15 -5 6 -23 4 14 4 -21 23 21 -16 5 -20 
-20 5 -16 21 23 -21 4 14 4 -23 6 -5 15 -9 17 14 15 -2 1 -22 
11 21 11 21 -9 9 0 10 9 16 23 21 21 9 16 -18 -10 1 18 19 
19 6 20 6 -19 23 6 18 -22 5 15 9 14 1 8 3 23 5 20 18 
19 -17 4 19 23 15 -9 11 8 -16 22 -4 23 7 6 -20 8 9 6 19 
-3 0 17 8 23 16 16 4 14 -20 2 7 15 8 -5 2 8 -4 14 9 
6 -21 2 9 8 7 22 20 18 8 5 14 2 -4 18 -12 -14 5 9 -1 
21 19 -6 12 -17 20 19 2 7 16 -1 6 2 2 18 -15 22 1 17 15 
-5 9 -7 18 -18 7 10 7 -15 3 12 17 7 6 0 5 -4 9 4 13 
-9 15 10 6 -13 19 5 10 17 12 17 17 18 10 10 20 18 6 6 -13 
1 22 3 15 9 16 -23 -11 -6 -16 -19 7 -15 23 -3 11 -9 4 9 17 
45
6
13 4
5 8
19 7
5 15
10 3
3 16
6 15
14 11
0 12
14 4
9 16
16 3
20
17 5 9
8 5 13
12 11 8
6 18 9
9 3 15
0 13 8
16 19 15
18 19 12
10 12 16
9 10 13
2 14 9
11 14 13
7 8 8
13 1 9
10 16 15
19 6 8
3 0 15
1 0 12
9 7 16
10 9 13
30
18 11
0 6
14 0
15 3
11 10
7 2
19 17
6 13
13 8
17 16
19 0
0 8
10 5
12 7
11 6
1 8
19 13
5 19
4 16
8 9
12 17
0 2
13 6
6 11
2 3
0 19
19 11
9 14
7 12
8 13
