20 20
-4 6 15 23 -21 15 14 -13 5 3 -16 -14 2 -15 12 20 -22 -6 -1 17 
-24 2 17 25 2 16 -8 13 7 9 -8 13 8 -24 9 23 -14 6 -1 24 
-16 22 17 18 23 -20 14 10 17 -16 3 -8 5 2 14 1 14 3 8 -6 
15 0 7 27 1 -17 27 25 -2 -8 -11 27 20 10 -9 5 25 22 7 7 
10 -10 16 -16 2 6 -6 26 23 5 16 23 -22 2 18 20 20 7 7 -3 
5 15 4 3 6 14 -13 6 26 20 11 15 2 25 5 25 14 -23 21 21 
4 27 25 12 -10 0 13 23 15 24 27 12 20 11 6 -3 0 20 -3 1 
2 2 0 27 7 4 1 -17 22 -2 -9 -10 18 9 26 23 8 8 -22 -4 
-2 15 -7 -26 20 8 5 0 4 -4 23 14 1 4 11 3 2 1 8 19 
20 9 17 19 -25 7 25 26 19 25 9 8 1 -2 26 -25 9 -8 24 25 
25 24 -8 9 -25 26 -2 1 8 9 25 19 26 25 7 -25 19 17 9 20 
19 8 1 2 3 11 4 1 14 23 -4 4 0 5 8 20 -26 -7 15 -2 
-4 -22 8 8 23 26 9 18 -10 -9 -2 22 -17 1 4 7 27 0 2 2 
1 -3 20 0 -3 6 11 20 12 27 24 15 23 13 0 -10 12 25 27 4 
21 21 -23 14 25 5 25 2 15 11 20 26 6 -13 14 6 3 4 15 5 
-3 7 7 20 20 18 2 -22 23 16 5 23 26 -6 6 2 -16 16 -10 10 
7 7 22 25 5 -9 10 20 27 -11 -8 -2 25 27 -17 1 27 7 0 15 
-6 8 3 14 1 14 2 5 -8 3 -16 17 10 14 -20 23 18 17 22 -16 
24 -1 6 -14 23 9 -24 8 13 -8 9 7 13 -8 16 2 25 17 2 -24 
17 -1 -6 -22 20 12 -15 2 -14 -16 3 5 -13 14 15 -21 23 15 6 -4 
40
3
3 5
5 18
19 4
16 14
14 1
0 15
6
16 12 13
7 12 9
15 3 12
3 7 13
12 7 9
4 16 12
36
11 0
11 4
9 10
10 6
14 6
15 12
5 3
2 4
8 13
19 15
0 5
16 19
16 11
9 16
6 18
17 9
9 11
7 9
8 19
8 15
10 9
9 13
5 13
4 7
14 16
17 15
11 6
0 4
19 14
3 0
3 8
10 3
13 1
2 10
10 8
12 10
