20 20
17 -16 18 20 16 16 28 9 7 -1 25 -22 -26 1 8 -4 16 6 17 -8 
-10 20 17 28 4 14 -4 15 13 0 -6 26 8 13 27 22 -16 24 23 23 
-28 23 -19 4 25 20 17 -27 5 13 15 11 19 26 25 27 -8 21 -20 15 
-18 -27 18 6 -5 1 -9 -19 2 6 9 23 9 28 24 8 -8 14 24 3 
18 20 8 4 -21 16 3 25 23 16 7 -3 23 -20 -23 -17 24 -8 3 17 
14 3 5 20 10 7 -5 5 -15 22 17 20 -5 4 6 20 -13 7 25 -22 
12 -2 7 3 9 -20 1 23 4 -20 5 14 -24 -9 17 24 8 26 -16 -1 
20 16 1 2 -14 20 -8 6 2 27 16 8 -11 23 -4 14 -17 16 9 -7 
21 8 -17 1 16 10 22 2 -28 5 8 -1 0 1 9 1 17 5 18 0 
28 -21 -7 3 14 26 5 21 19 -7 -27 19 -17 24 23 2 22 15 28 18 
18 28 15 22 2 23 24 -17 19 -27 -7 19 21 5 26 14 3 -7 -21 28 
0 18 5 17 1 9 1 0 -1 8 5 -28 2 22 10 16 1 -17 8 21 
-7 9 16 -17 14 -4 23 -11 8 16 27 2 6 -8 20 -14 2 1 16 20 
-1 -16 26 8 24 17 -9 -24 14 5 -20 4 23 1 -20 9 3 7 -2 12 
-22 25 7 -13 20 6 4 -5 20 17 22 -15 5 -5 7 10 20 5 3 14 
17 3 -8 24 -17 -23 -20 23 -3 7 16 23 25 3 16 -21 4 8 20 18 
3 24 14 -8 8 24 28 9 23 9 6 2 -19 -9 1 -5 6 18 -27 -18 
15 -20 21 -8 27 25 26 19 11 15 13 5 -27 17 20 25 4 -19 23 -28 
23 23 24 -16 22 27 13 8 26 -6 0 13 15 -4 14 4 28 17 20 -10 
-8 17 6 16 -4 8 1 -26 -22 25 -1 7 9 28 16 16 20 18 -16 17 
47
6
4 13
7 5
0 8
7 19
10 0
1 6
15 6
12 14
19 11
12 0
9 19
18 13
14
11 15 10
3 9 16
12 3 9
9 15 8
10 18 15
13 8 16
15 3 13
8 4 10
16 10 16
7 16 9
10 4 8
9 1 15
6 11 16
4 16 13
40
13 15
6 15
13 1
5 13
19 3
15 12
3 10
10 8
5 12
2 19
14 2
17 1
1 11
0 7
12 2
18 4
6 2
17 10
8 17
11 0
6 4
13 4
6 18
14 6
0 16
4 7
16 9
9 11
14 7
17 0
5 17
2 18
18 8
19 12
7 17
1 15
13 17
2 9
11 2
8 19
