20 20
18 14 0 16 12 5 3 18 15 5 -11 -10 17 20 -3 -10 7 11 16 14 
15 5 -1 1 1 5 -11 6 13 -14 2 5 -7 11 11 7 19 15 4 -8 
-15 15 4 8 20 1 2 20 -13 2 8 13 17 9 0 5 2 3 5 11 
1 14 0 15 7 18 -20 13 20 17 2 0 6 19 -5 -2 9 -2 12 -11 
8 2 -4 -18 17 0 19 -7 4 1 19 2 -7 -6 -15 4 -10 -13 2 18 
10 7 19 -1 16 -16 15 20 14 18 -7 -7 -1 -10 5 19 20 11 5 7 
-18 8 15 6 3 6 -2 8 -15 9 -15 -20 1 13 11 6 6 -2 12 10 
16 12 13 14 15 13 -20 15 5 -18 -1 15 3 3 1 -1 15 -19 20 15 
3 7 11 16 -12 -7 18 11 14 -9 -8 6 0 12 15 9 8 -12 6 -19 
4 9 20 -17 3 -4 1 16 7 -1 11 16 0 -19 -13 14 15 1 -2 14 
14 -2 1 15 14 -13 -19 0 16 11 -1 7 16 1 -4 3 -17 20 9 4 
-19 6 -12 8 9 15 12 0 6 -8 -9 14 11 18 -7 -12 16 11 7 3 
15 20 -19 15 -1 1 3 3 15 -1 -18 5 15 -20 13 15 14 13 12 16 
10 12 -2 6 6 11 13 1 -20 -15 9 -15 8 -2 6 3 6 15 8 -18 
7 5 11 20 19 5 -10 -1 -7 -7 18 14 20 15 -16 16 -1 19 7 10 
18 2 -13 -10 4 -15 -6 -7 2 19 1 4 -7 19 0 17 -18 -4 2 8 
-11 12 -2 9 -2 -5 19 6 0 2 17 20 13 -20 18 7 15 0 14 1 
11 5 3 2 5 0 9 17 13 8 2 -13 20 2 1 20 8 4 15 -15 
-8 4 15 19 7 11 11 -7 5 2 -14 13 6 -11 5 1 1 -1 5 15 
14 16 11 7 -10 -3 20 17 -10 -11 5 15 18 3 5 12 16 0 14 18 
50
8
13 17
2 18
12 8
17 15
4 5
0 18
13 4
13 14
6 2
17 1
7 11
2 4
15 14
19 1
6 15
6 5
8
3 8 13
7 10 12
19 6 15
12 0 10
16 11 13
12 9 12
0 13 15
7 19 10
32
4 13
10 11
19 0
2 7
8 17
14 13
12 7
13 19
2 12
18 3
6 10
13 6
3 13
19 5
9 2
11 6
15 6
9 8
0 19
17 12
11 2
5 6
7 12
6 0
17 7
1 16
13 9
6 13
16 6
0 14
10 17
8 13
