20 20
-7 1 7 4 7 6 14 -10 18 16 13 16 7 11 -5 17 8 3 8 5 
16 -13 3 6 -15 3 -14 6 -1 13 13 4 11 18 16 -10 12 9 -10 6 
12 6 0 12 14 16 2 2 6 2 15 11 -9 11 8 4 -16 -1 13 3 
17 2 7 -2 8 6 -2 8 6 6 15 -5 10 12 11 10 15 0 -6 12 
18 18 -17 1 -17 12 15 8 6 0 8 8 3 11 11 3 5 3 5 -7 
18 12 13 15 -1 -4 6 12 -13 12 15 16 -6 10 15 8 3 1 11 8 
2 1 3 2 13 3 8 -6 18 11 14 9 -2 -15 3 12 -10 11 -9 3 
-6 11 18 12 17 16 10 9 -18 7 -13 -9 15 2 0 6 4 18 15 11 
2 -17 9 2 14 -1 3 -6 12 7 11 -11 16 -7 3 6 12 -1 4 3 
17 2 -17 9 -4 -2 10 -17 15 4 2 12 -1 18 -13 15 -8 -14 10 12 
12 10 -14 -8 15 -13 18 -1 12 2 4 15 -17 10 -2 -4 9 -17 2 17 
3 4 -1 12 6 3 -7 16 -11 11 7 12 -6 3 -1 14 2 9 -17 2 
11 15 18 4 6 0 2 15 -9 -13 7 -18 9 10 16 17 12 18 11 -6 
3 -9 11 -10 12 3 -15 -2 9 14 11 18 -6 8 3 13 2 3 1 2 
8 11 1 3 8 15 10 -6 16 15 12 -13 12 6 -4 -1 15 13 12 18 
-7 5 3 5 3 11 11 3 8 8 0 6 8 15 12 -17 1 -17 18 18 
12 -6 0 15 10 11 12 10 -5 15 6 6 8 -2 6 8 -2 7 2 17 
3 13 -1 -16 4 8 11 -9 11 15 2 6 2 2 16 14 12 0 6 12 
6 -10 9 12 -10 16 18 11 4 13 13 -1 6 -14 3 -15 6 3 -13 16 
5 8 3 8 17 -5 11 7 16 13 16 18 -10 14 6 7 4 7 1 -7 
39
8
16 17
1 11
15 0
11 12
8 17
6 10
19 8
6 13
3 2
18 8
4 19
8 7
11 2
13 9
0 11
13 6
12
5 2 14
3 5 16
1 12 9
4 13 10
1 4 10
3 12 16
14 17 14
16 14 16
18 7 9
15 6 10
18 15 10
16 7 16
40
19 6
2 0
1 10
3 6
7 2
0 18
0 10
1 7
18 11
18 14
13 14
5 14
6 3
12 4
0 12
2 17
10 7
11 4
12 15
12 14
0 13
17 19
18 9
16 13
12 17
19 1
19 9
18 12
1 8
1 5
6 5
14 5
13 16
7 15
19 7
17 2
9 12
8 15
7 4
7 5
