20 20
-11 -7 13 9 13 -8 -2 -9 9 -12 12 14 14 -13 4 1 11 9 13 -10 
10 2 14 3 -5 8 -14 5 10 -13 1 3 -9 11 14 3 -9 4 13 5 
-13 3 6 2 13 -5 11 3 12 7 -8 4 1 9 12 7 9 5 11 -2 
10 11 12 13 1 -3 -4 -2 10 14 -4 13 9 5 10 3 9 12 10 -2 
2 -9 5 13 6 10 -11 13 8 13 -8 -1 8 7 -6 9 14 14 12 2 
9 14 5 3 10 4 -11 -9 13 1 7 -12 14 4 8 9 13 1 11 -9 
12 4 9 -6 13 11 -8 7 0 -2 3 7 11 3 -2 12 7 4 12 -5 
13 9 12 -1 3 13 11 13 9 1 9 11 1 2 12 8 10 4 1 3 
3 13 7 4 -11 9 6 0 -3 10 -6 9 10 14 -14 14 10 5 9 14 
6 -11 4 13 6 -2 14 4 8 0 2 4 3 13 -8 7 2 3 7 13 
13 7 3 2 7 -8 13 3 4 2 0 8 4 14 -2 6 13 4 -11 6 
14 9 5 10 14 -14 14 10 9 -6 10 -3 0 6 9 -11 4 7 13 3 
3 1 4 10 8 12 2 1 11 9 1 9 13 11 13 3 -1 12 9 13 
-5 12 4 7 12 -2 3 11 7 3 -2 0 7 -8 11 13 -6 9 4 12 
-9 11 1 13 9 8 4 14 -12 7 1 13 -9 -11 4 10 3 5 14 9 
2 12 14 14 9 -6 7 8 -1 -8 13 8 13 -11 10 6 13 5 -9 2 
-2 10 12 9 3 10 5 9 13 -4 14 10 -2 -4 -3 1 13 12 11 10 
-2 11 5 9 7 12 9 1 4 -8 7 12 3 11 -5 13 2 6 3 -13 
5 13 4 -9 3 14 11 -9 3 1 -13 10 5 -14 8 -5 3 14 2 10 
-10 13 9 11 1 4 -13 14 14 12 -12 9 -9 -2 -8 13 9 13 -7 -11 
54
6
18 8
4 1
4 14
2 18
4 9
2 6
1 11
15 18
15 5
17 1
15 10
17 13
20
13 2 13
16 12 16
19 14 9
13 18 8
3 15 10
0 12 11
2 0 10
10 18 14
17 8 10
10 17 16
6 17 13
3 7 16
0 5 9
6 1 8
16 4 10
19 7 11
17 19 10
9 1 14
2 11 10
9 2 16
28
3 0
19 16
1 14
7 10
1 15
8 3
10 13
5 1
16 17
12 13
18 16
15 8
12 17
6 0
16 19
0 3
18 5
12 9
18 4
11 16
9 6
14 18
3 2
7 6
1 3
4 11
7 2
13 19
