20 20
-2 0 -3 2 -3 -1 1 3 0 3 2 2 2 -1 3 1 0 2 3 2 
1 3 2 3 3 1 -1 -1 -1 0 -2 3 0 3 3 -1 0 2 3 3 
0 1 -2 1 2 -1 1 3 3 3 3 2 3 -2 3 3 2 2 2 -1 
0 -1 3 3 2 3 3 3 0 3 1 2 0 -1 -2 -2 3 -2 1 3 
3 2 3 3 2 2 -2 -3 2 0 0 2 -2 -1 2 2 0 2 0 3 
1 3 3 3 2 -2 1 0 2 1 0 2 3 2 -2 3 -2 3 -2 -2 
-1 3 -2 3 1 3 1 0 -2 2 0 -3 2 1 -2 0 2 2 2 3 
-3 1 2 1 1 -2 0 3 0 2 1 -2 0 0 2 2 2 2 2 1 
0 2 -3 -1 2 2 2 2 2 2 3 -2 0 -3 1 0 1 1 1 -1 
2 1 -2 2 1 -1 3 1 3 -2 1 2 0 0 2 2 3 2 3 1 
1 3 2 3 2 2 0 0 2 1 -2 3 1 3 -1 1 2 -2 1 2 
-1 1 1 1 0 1 -3 0 -2 3 2 2 2 2 2 2 -1 -3 2 0 
1 2 2 2 2 2 0 0 -2 1 2 0 3 0 -2 1 1 2 1 -3 
3 2 2 2 0 -2 1 2 -3 0 2 -2 0 1 3 1 3 -2 3 -1 
-2 -2 3 -2 3 -2 2 3 2 0 1 2 0 1 -2 2 3 3 3 1 
3 0 2 0 2 2 -1 -2 2 0 0 2 -3 -2 2 2 3 3 2 3 
3 1 -2 3 -2 -2 -1 0 2 1 3 0 3 3 3 2 3 3 -1 0 
-1 2 2 2 3 3 -2 3 2 3 3 3 3 1 -1 2 1 -2 1 0 
3 3 2 0 -1 3 3 0 3 -2 0 -1 -1 -1 1 3 3 2 3 1 
2 3 2 0 1 3 -1 2 2 2 3 0 3 1 -1 -3 2 -3 0 -2 
58
8
4 5
5 15
18 5
2 11
2 12
11 19
2 5
16 5
15 14
14 4
1 14
17 8
17 7
8 0
17 14
3 14
12
0 17 8
12 13 15
18 7 12
19 0 16
10 16 11
5 9 12
19 2 8
7 6 15
1 12 12
0 19 16
9 3 11
14 10 12
26
8 13
4 1
12 8
18 15
15 6
9 14
15 16
4 14
19 13
6 14
14 15
2 15
19 5
11 6
15 18
7 11
1 4
4 13
10 5
4 3
15 5
0 6
13 5
5 4
17 4
0 14
