20 20
26 22 1 3 -26 16 7 15 -12 27 1 -13 -21 13 -11 14 -19 12 -7 21 
9 25 18 13 23 14 23 27 18 20 -6 19 -25 9 16 4 2 2 15 5 
3 21 13 14 -13 23 24 14 23 -25 8 2 8 8 4 22 13 17 25 4 
-6 11 27 3 4 -15 14 -12 17 3 -8 -15 -10 11 -12 20 27 -14 9 11 
-17 11 15 -1 18 19 9 -22 4 1 0 10 23 -26 11 26 27 7 14 -9 
20 -10 24 16 -17 16 20 5 23 13 19 3 0 23 -25 19 26 17 -15 5 
27 -2 21 20 -8 1 26 5 -25 11 -23 16 -23 -3 -6 21 26 13 10 11 
8 22 26 22 4 -1 21 4 0 -24 -4 18 -11 13 10 22 22 0 -16 -16 
-15 22 21 0 -13 19 -7 0 -10 6 2 1 -5 -5 22 17 16 -14 22 23 
9 -11 5 -15 9 13 6 -13 27 18 20 -23 -10 -17 10 -4 11 23 3 26 
26 3 23 11 -4 10 -17 -10 -23 20 18 27 -13 6 13 9 -15 5 -11 9 
23 22 -14 16 17 22 -5 -5 1 2 6 -10 0 -7 19 -13 0 21 22 -15 
-16 -16 0 22 22 10 13 -11 18 -4 -24 0 4 21 -1 4 22 26 22 8 
11 10 13 26 21 -6 -3 -23 16 -23 11 -25 5 26 1 -8 20 21 -2 27 
5 -15 17 26 19 -25 23 0 3 19 13 23 5 20 16 -17 16 24 -10 20 
-9 14 7 27 26 11 -26 23 10 0 1 4 -22 9 19 18 -1 15 11 -17 
11 9 -14 27 20 -12 11 -10 -15 -8 3 17 -12 14 -15 4 3 27 11 -6 
4 25 17 13 22 4 8 8 2 8 -25 23 14 24 23 -13 14 13 21 3 
5 15 2 2 4 16 9 -25 19 -6 20 18 27 23 14 23 13 18 25 9 
21 -7 12 -19 14 -11 13 -21 -13 1 27 -12 15 7 16 -26 3 1 22 26 
60
6
7 0
13 14
3 7
1 12
0 6
3 17
12 19
6 5
16 12
18 7
19 13
16 2
8
3 5 13
16 11 12
14 10 9
7 14 12
16 14 13
3 8 12
5 9 9
12 5 12
34
10 16
15 16
14 18
7 4
1 8
15 8
11 16
17 4
7 11
14 1
3 0
12 11
4 2
0 11
15 3
6 10
11 7
9 3
4 3
5 1
12 15
18 11
4 11
8 3
2 15
12 8
5 18
16 19
7 8
15 17
19 8
4 16
13 9
8 12
