20 20
-2 -5 -2 2 1 1 2 3 4 -6 6 3 -6 5 6 -6 3 1 -5 6 
0 4 -2 5 1 -4 -2 5 -6 1 5 0 6 5 -4 2 -5 -1 4 1 
3 -4 5 1 5 -1 -4 3 2 2 -6 1 2 5 6 -3 2 4 2 -2 
-6 6 4 5 6 4 -1 -3 2 4 2 3 5 2 5 2 -6 2 3 -6 
3 -6 6 -5 4 6 5 5 0 4 3 3 5 -1 3 6 6 -1 1 -2 
6 -4 -3 1 2 -2 3 5 1 1 4 5 1 5 5 1 2 1 4 3 
3 3 6 2 2 5 3 -1 2 -1 5 5 6 3 5 3 2 6 2 3 
5 4 4 4 1 3 0 6 -3 1 5 1 2 2 4 3 2 5 0 2 
-1 4 4 1 3 4 6 3 -6 -3 -5 5 5 1 -1 -5 4 5 -3 6 
6 6 -3 5 6 4 -5 2 0 -6 2 1 -3 -5 2 -1 0 -3 -6 2 
2 -6 -3 0 -1 2 -5 -3 1 2 -6 0 2 -5 4 6 5 -3 6 6 
6 -3 5 4 -5 -1 1 5 5 -5 -3 -6 3 6 4 3 1 4 4 -1 
2 0 5 2 3 4 2 2 1 5 1 -3 6 0 3 1 4 4 4 5 
3 2 6 2 3 5 3 6 5 5 -1 2 -1 3 5 2 2 6 3 3 
3 4 1 2 1 5 5 1 5 4 1 1 5 3 -2 2 1 -3 -4 6 
-2 1 -1 6 6 3 -1 5 3 3 4 0 5 5 6 4 -5 6 -6 3 
-6 3 2 -6 2 5 2 5 3 2 4 2 -3 -1 4 6 5 4 6 -6 
-2 2 4 2 -3 6 5 2 1 -6 2 2 3 -4 -1 5 1 5 -4 3 
1 4 -1 -5 2 -4 5 6 0 5 1 -6 5 -2 -4 1 5 -2 4 0 
6 -5 1 3 -6 6 5 -6 3 6 -6 4 3 2 1 1 2 -2 -5 -2 
55
4
2 18
8 14
18 7
15 11
17 1
11 5
1 12
4 8
14
13 6 14
2 3 16
8 11 11
1 15 11
15 6 8
15 10 8
16 12 15
6 13 14
17 16 16
11 8 11
18 4 11
4 13 8
4 9 8
3 7 15
36
11 4
14 8
10 12
16 13
1 9
3 18
16 14
19 16
7 12
12 5
7 10
13 4
2 16
13 18
16 2
3 16
12 14
6 0
8 15
5 11
9 7
3 6
18 10
16 1
3 5
0 3
12 7
7 14
12 9
6 15
17 3
6 1
3 17
16 3
7 5
13 19
