20 20
-8 7 -7 10 0 6 -7 -4 11 -8 3 4 10 -3 4 8 3 1 7 0 
-3 9 10 10 1 0 9 3 6 1 -6 10 -9 9 8 9 8 10 5 3 
10 -7 8 0 6 9 4 1 3 -6 -5 -5 -5 4 5 9 -5 1 7 12 
11 5 7 -9 -3 -12 -3 12 1 -9 -6 6 -8 -3 10 -3 4 1 7 -5 
3 1 7 8 5 6 -8 9 8 8 11 2 1 10 3 2 12 9 -5 1 
12 7 -11 12 -2 3 12 -9 -2 7 7 -10 -9 9 1 6 8 3 10 2 
9 6 10 3 10 2 11 3 7 4 9 -2 -12 9 7 5 -5 12 3 -8 
-8 -4 3 -3 9 -1 2 3 0 10 2 -11 1 3 4 2 -11 -12 6 -1 
3 -2 -9 8 4 12 7 12 11 11 11 8 9 9 -6 7 7 -2 12 4 
9 -8 10 10 11 6 9 8 -2 6 10 0 9 -11 4 -6 10 -4 4 4 
4 4 -4 10 -6 4 -11 9 0 10 6 -2 8 9 6 11 10 10 -8 9 
4 12 -2 7 7 -6 9 9 8 11 11 11 12 7 12 4 8 -9 -2 3 
-1 6 -12 -11 2 4 3 1 -11 2 10 0 3 2 -1 9 -3 3 -4 -8 
-8 3 12 -5 5 7 9 -12 -2 9 4 7 3 11 2 10 3 10 6 9 
2 10 3 8 6 1 9 -9 -10 7 7 -2 -9 12 3 -2 12 -11 7 12 
1 -5 9 12 2 3 10 1 2 11 8 8 9 -8 6 5 8 7 1 3 
-5 7 1 4 -3 10 -3 -8 6 -6 -9 1 12 -3 -12 -3 -9 7 5 11 
12 7 1 -5 9 5 4 -5 -5 -5 -6 3 1 4 9 6 0 8 -7 10 
3 5 10 8 9 8 9 -9 10 -6 1 6 3 9 0 1 10 10 9 -3 
0 7 1 3 8 4 -3 10 4 3 -8 11 -4 -7 6 0 10 -7 7 -8 
47
8
16 18
13 7
18 12
19 6
8 2
1 11
19 3
17 19
3 1
6 12
1 7
0 13
11 17
18 8
0 16
2 0
12
10 17 14
3 12 10
3 2 8
3 8 11
12 0 13
11 1 8
9 2 14
16 7 10
16 17 8
16 11 11
7 19 13
8 18 8
26
2 18
16 4
9 0
3 4
7 4
14 9
9 5
6 16
14 5
15 16
14 4
4 5
9 17
17 1
3 15
10 19
16 15
12 15
5 10
10 14
13 3
5 14
4 3
5 15
15 14
10 2
