20 20
1 10 -9 13 13 4 -1 8 12 -11 11 1 7 -2 -6 13 5 -6 6 2 
14 6 -7 -1 0 8 2 -8 -14 -12 10 8 2 -7 3 5 1 14 4 11 
3 10 7 4 -10 7 4 5 -6 14 3 8 8 1 8 4 12 11 5 5 
1 10 10 8 3 13 5 10 -7 2 11 5 -9 -7 12 -9 14 7 -14 8 
6 5 6 8 8 -10 11 1 -1 8 4 1 -6 2 6 13 1 6 11 13 
-14 13 -10 -8 -7 -14 13 8 6 4 6 6 -3 8 6 -6 -14 0 -9 12 
4 6 12 3 13 3 5 -11 12 0 1 1 3 2 0 1 9 -3 8 7 
-8 -5 3 -12 12 5 10 8 6 1 13 2 13 13 -4 1 12 5 -10 6 
-13 8 5 -5 -10 4 7 14 -3 7 10 -12 13 14 2 3 1 -6 1 3 
8 13 -3 7 13 7 -9 4 8 14 14 6 4 2 13 -13 7 14 10 -13 
-13 10 14 7 -13 13 2 4 6 14 14 8 4 -9 7 13 7 -3 13 8 
3 1 -6 1 3 2 14 13 -12 10 7 -3 14 7 4 -10 -5 5 8 -13 
6 -10 5 12 1 -4 13 13 2 13 1 6 8 10 5 12 -12 3 -5 -8 
7 8 -3 9 1 0 2 3 1 1 0 12 -11 5 3 13 3 12 6 4 
12 -9 0 -14 -6 6 8 -3 6 6 4 6 8 13 -14 -7 -8 -10 13 -14 
13 11 6 1 13 6 2 -6 1 4 8 -1 1 11 -10 8 8 6 5 6 
8 -14 7 14 -9 12 -7 -9 5 11 2 -7 10 5 13 3 8 10 10 1 
5 5 11 12 4 8 1 8 8 3 14 -6 5 4 7 -10 4 7 10 3 
11 4 14 1 5 3 -7 2 8 10 -12 -14 -8 2 8 0 -1 -7 6 14 
2 6 -6 5 13 -6 -2 7 1 11 -11 12 8 -1 4 13 13 -9 10 1 
60
2
11 5
17 15
8 14
2 4
12
2 6 9
5 9 9
11 14 9
6 5 11
4 16 12
8 6 12
17 13 9
14 10 9
8 5 9
13 14 11
15 3 12
11 13 12
40
19 8
9 4
14 1
10 9
12 2
8 12
18 19
1 15
0 5
17 6
18 17
2 17
7 2
8 17
17 1
13 3
1 13
18 3
0 14
6 13
0 11
10 15
5 18
9 10
7 17
11 7
1 0
18 4
19 14
2 13
1 2
17 2
12 17
11 2
2 18
6 16
18 6
1 16
19 5
13 6
