20 20
26 -16 15 13 24 14 19 -10 23 -20 -20 -4 22 24 21 -23 -29 19 7 1 
30 15 -17 21 28 -17 -21 18 28 23 20 29 5 25 1 30 8 16 23 28 
26 -18 19 9 3 1 -25 8 1 -5 10 5 -28 11 17 3 24 -18 9 3 
8 24 -10 -27 12 9 -7 -25 -9 5 19 7 -7 -15 -7 -6 18 18 12 29 
-1 7 4 -12 13 27 15 7 2 26 6 2 -8 19 6 19 -14 26 28 1 
2 13 -28 20 16 19 15 0 14 15 24 -17 27 0 19 12 -29 5 26 -11 
21 27 24 24 26 0 28 24 23 19 24 15 9 3 8 27 30 12 30 18 
-11 -13 13 17 11 12 21 22 17 -26 17 23 2 -17 21 15 2 8 16 24 
-2 21 16 18 9 28 -14 28 27 19 30 -9 -20 2 11 7 -22 20 -9 13 
3 30 25 5 26 9 20 17 26 14 5 1 24 -30 28 -12 29 -11 26 -8 
-8 26 -11 29 -12 28 -30 24 1 5 14 26 17 20 9 26 5 25 30 3 
13 -9 20 -22 7 11 2 -20 -9 30 19 27 28 -14 28 9 18 16 21 -2 
24 16 8 2 15 21 -17 2 23 17 -26 17 22 21 12 11 17 13 -13 -11 
18 30 12 30 27 8 3 9 15 24 19 23 24 28 0 26 24 24 27 21 
-11 26 5 -29 12 19 0 27 -17 24 15 14 0 15 19 16 20 -28 13 2 
1 28 26 -14 19 6 19 -8 2 6 26 2 7 15 27 13 -12 4 7 -1 
29 12 18 18 -6 -7 -15 -7 7 19 5 -9 -25 -7 9 12 -27 -10 24 8 
3 9 -18 24 3 17 11 -28 5 10 -5 1 8 -25 1 3 9 19 -18 26 
28 23 16 8 30 1 25 5 29 20 23 28 18 -21 -17 28 21 -17 15 30 
1 7 19 -29 -23 21 24 22 -4 -20 -20 23 -10 19 14 24 13 15 -16 26 
35
3
15 13
17 1
6 16
4 6
2 18
13 3
6
5 3 12
3 16 13
18 14 8
14 16 12
16 3 13
1 5 8
26
5 11
5 1
4 1
19 4
19 18
7 0
8 18
6 4
12 18
6 9
0 2
12 2
13 1
14 8
14 18
15 18
0 15
0 1
12 19
11 1
13 15
7 1
13 10
19 17
7 17
6 18
