20 20
7 7 4 6 1 5 0 5 1 7 4 -6 1 0 1 3 -2 -4 0 -4 
2 7 1 -1 1 3 0 7 7 3 -1 0 5 6 7 7 1 -2 -2 4 
2 -7 3 4 6 3 -3 2 5 3 6 2 -2 -1 6 -3 4 -4 2 1 
2 3 6 7 3 -4 3 4 3 3 -6 5 7 7 4 4 5 6 2 5 
1 1 6 5 1 3 6 0 0 4 6 0 2 6 5 7 -5 3 -2 2 
-7 2 1 7 7 3 7 -6 -6 5 3 0 -5 1 6 2 1 0 2 1 
-3 7 1 7 7 7 6 -5 5 0 5 2 0 2 7 0 3 -3 2 2 
2 3 0 7 3 1 0 2 -1 1 7 -5 7 3 5 2 0 1 -3 4 
7 2 6 3 1 -5 1 3 4 3 4 -1 7 -5 7 2 4 0 4 2 
6 5 -4 7 -1 3 2 4 7 3 4 2 2 -2 4 6 -1 6 6 -6 
-6 6 6 -1 6 4 -2 2 2 4 3 7 4 2 3 -1 7 -4 5 6 
2 4 0 4 2 7 -5 7 -1 4 3 4 3 1 -5 1 3 6 2 7 
4 -3 1 0 2 5 3 7 -5 7 1 -1 2 0 1 3 7 0 3 2 
2 2 -3 3 0 7 2 0 2 5 0 5 -5 6 7 7 7 1 7 -3 
1 2 0 1 2 6 1 -5 0 3 5 -6 -6 7 3 7 7 1 2 -7 
2 -2 3 -5 7 5 6 2 0 6 4 0 0 6 3 1 5 6 1 1 
5 2 6 5 4 4 7 7 5 -6 3 3 4 3 -4 3 7 6 3 2 
1 2 -4 4 -3 6 -1 -2 2 6 3 5 2 -3 3 6 4 3 -7 2 
4 -2 -2 1 7 7 6 5 0 -1 3 7 7 0 3 1 -1 1 7 2 
-4 0 -4 -2 3 1 0 1 -6 4 7 1 5 0 5 1 6 4 7 7 
42
7
8 17
16 7
13 15
10 2
11 10
3 2
11 9
11 2
3 12
6 4
9 17
8 9
16 17
8 10
12
14 15 14
1 13 8
7 2 13
15 1 8
15 13 12
7 13 14
5 4 14
18 6 8
12 17 13
4 18 8
4 6 12
12 6 14
36
7 9
18 10
2 8
16 0
17 15
19 14
4 3
8 7
11 8
10 13
3 15
2 1
1 7
12 13
8 6
1 12
18 1
2 18
12 10
1 9
17 11
3 19
2 4
0 5
15 16
11 12
8 11
9 6
16 4
17 18
18 12
7 6
11 13
18 7
1 18
17 1
