20 20
11 17 2 20 22 -3 10 -21 21 8 21 9 7 15 26 10 -6 3 23 13 
8 24 12 -6 7 0 17 7 1 26 -21 16 3 6 -15 9 16 20 -12 1 
4 21 15 8 -21 9 5 8 -4 26 -2 7 8 18 14 1 -15 -23 21 14 
-7 19 -24 12 10 17 15 -2 8 9 -18 12 17 4 15 16 18 -25 7 -2 
24 6 18 6 15 12 11 6 24 -10 -13 22 -26 9 13 -19 4 -5 0 -3 
3 12 6 0 16 21 -5 8 24 0 22 16 6 -12 13 19 26 19 10 2 
24 23 18 -16 5 -12 7 14 8 -5 18 3 11 20 17 7 24 0 2 -15 
18 16 0 21 3 -8 4 16 3 0 -3 16 16 17 10 18 14 9 -2 12 
0 -20 -17 11 9 11 1 25 20 25 -18 10 14 18 7 20 12 22 6 22 
-22 8 -11 -12 2 8 8 -16 0 26 25 25 9 26 23 19 26 -7 -7 24 
24 -7 -7 26 19 23 26 9 25 25 26 0 -16 8 8 2 -12 -11 8 -22 
22 6 22 12 20 7 18 14 10 -18 25 20 25 1 11 9 11 -17 -20 0 
12 -2 9 14 18 10 17 16 16 -3 0 3 16 4 -8 3 21 0 16 18 
-15 2 0 24 7 17 20 11 3 18 -5 8 14 7 -12 5 -16 18 23 24 
2 10 19 26 19 13 -12 6 16 22 0 24 8 -5 21 16 0 6 12 3 
-3 0 -5 4 -19 13 9 -26 22 -13 -10 24 6 11 12 15 6 18 6 24 
-2 7 -25 18 16 15 4 17 12 -18 9 8 -2 15 17 10 12 -24 19 -7 
14 21 -23 -15 1 14 18 8 7 -2 26 -4 8 5 9 -21 8 15 21 4 
1 -12 20 16 9 -15 6 3 16 -21 26 1 7 17 0 7 -6 12 24 8 
13 23 3 -6 10 26 15 7 9 21 8 21 -21 10 -3 22 20 2 17 11 
48
8
7 9
15 5
14 16
16 9
11 12
3 14
19 16
6 10
12 10
4 14
5 3
3 10
8 7
16 5
0 3
13 9
16
19 9 8
14 2 9
16 11 12
5 19 8
18 15 8
17 8 8
16 8 13
0 8 13
0 10 8
5 17 9
3 8 12
14 0 8
1 4 8
2 11 8
3 11 13
19 11 13
32
14 10
6 17
8 5
6 0
11 3
5 2
17 10
3 16
14 1
11 18
2 13
13 16
7 13
5 0
1 10
6 4
5 9
13 2
11 14
13 19
8 16
14 17
2 9
16 3
5 18
8 1
17 6
6 3
12 6
14 19
18 9
13 15
