20 20
15 -15 8 3 12 11 8 2 5 14 2 10 3 -13 -15 -3 -3 -12 8 -1 
3 13 4 1 -4 8 4 15 4 9 8 6 12 1 10 0 2 2 -6 -1 
7 -5 2 7 -1 -6 -11 -11 9 13 -15 -5 -1 8 7 2 6 -2 14 8 
5 13 5 6 8 -1 4 16 1 14 16 10 1 -2 9 -8 -6 -6 -12 -11 
-6 14 11 3 15 3 2 -11 6 -2 1 -8 12 -13 1 13 13 4 2 7 
8 4 13 12 6 5 12 8 11 -2 14 -9 3 -3 8 -1 9 2 -3 7 
5 7 -3 -13 0 5 2 9 -1 3 3 7 15 2 6 12 10 15 -15 5 
-13 12 -7 4 3 0 1 14 3 16 13 7 14 4 6 8 4 -4 6 13 
1 4 12 9 2 1 12 2 1 4 15 9 -11 5 5 7 -14 6 1 9 
-2 9 15 12 11 13 5 13 7 14 15 8 10 8 3 12 6 15 7 9 
9 7 15 6 12 3 8 10 8 15 14 7 13 5 13 11 12 15 9 -2 
9 1 6 -14 7 5 5 -11 9 15 4 1 2 12 1 2 9 12 4 1 
13 6 -4 4 8 6 4 14 7 13 16 3 14 1 0 3 4 -7 12 -13 
5 -15 15 10 12 6 2 15 7 3 3 -1 9 2 5 0 -13 -3 7 5 
7 -3 2 9 -1 8 -3 3 -9 14 -2 11 8 12 5 6 12 13 4 8 
7 2 4 13 13 1 -13 12 -8 1 -2 6 -11 2 3 15 3 11 14 -6 
-11 -12 -6 -6 -8 9 -2 1 10 16 14 1 16 4 -1 8 6 5 13 5 
8 14 -2 6 2 7 8 -1 -5 -15 13 9 -11 -11 -6 -1 7 2 -5 7 
-1 -6 2 2 0 10 1 12 6 8 9 4 15 4 8 -4 1 4 13 3 
-1 8 -12 -3 -3 -15 -13 3 10 2 14 5 2 8 11 12 3 8 -15 15 
38
6
17 18
15 6
11 16
17 3
14 2
15 0
2 1
4 13
8 3
2 16
5 17
4 19
16
17 2 10
6 4 9
17 8 10
2 12 9
11 2 10
18 1 16
14 4 12
10 14 12
2 17 10
13 15 9
2 11 10
17 7 9
8 17 10
1 18 16
5 15 12
9 5 12
28
4 10
14 6
14 7
12 13
14 1
18 16
4 1
2 7
3 19
17 13
11 10
7 16
7 15
4 6
15 9
5 13
5 12
7 6
5 18
1 3
15 18
17 12
16 0
2 6
8 9
12 3
12 4
15 13
