20 20
-6 7 8 5 13 12 13 5 9 -13 4 3 4 5 6 0 -12 3 2 12 
5 2 -4 -9 10 9 9 1 8 12 2 10 12 0 6 -9 7 5 9 10 
3 -2 -2 5 1 2 7 -3 6 11 1 1 8 -1 5 9 2 9 -4 0 
11 11 11 -1 -2 5 -3 6 4 -9 -12 -3 0 3 13 1 4 5 13 8 
3 7 -12 3 0 -5 0 12 -12 -1 -1 0 1 -5 -9 5 10 -5 8 -1 
9 0 5 7 1 8 -6 -12 4 -4 2 8 13 12 -6 8 11 5 2 4 
8 6 2 12 -7 9 -11 -5 8 7 13 7 1 12 1 12 11 1 4 7 
10 6 -11 9 7 3 12 3 7 11 5 2 -5 10 -2 -9 5 11 -10 0 
1 7 5 8 -13 -11 -13 5 3 3 0 -12 -3 5 8 5 4 8 9 3 
9 12 10 7 12 10 8 -5 -6 7 12 4 8 12 5 11 8 13 3 4 
4 3 13 8 11 5 12 8 4 12 7 -6 -5 8 10 12 7 10 12 9 
3 9 8 4 5 8 5 -3 -12 0 3 3 5 -13 -11 -13 8 5 7 1 
0 -10 11 5 -9 -2 10 -5 2 5 11 7 3 12 3 7 9 -11 6 10 
7 4 1 11 12 1 12 1 7 13 7 8 -5 -11 9 -7 12 2 6 8 
4 2 5 11 8 -6 12 13 8 2 -4 4 -12 -6 8 1 7 5 0 9 
-1 8 -5 10 5 -9 -5 1 0 -1 -1 -12 12 0 -5 0 3 -12 7 3 
8 13 5 4 1 13 3 0 -3 -12 -9 4 6 -3 5 -2 -1 11 11 11 
0 -4 9 2 9 5 -1 8 1 1 11 6 -3 7 2 1 5 -2 -2 3 
10 9 5 7 -9 6 0 12 10 2 12 8 1 9 9 10 -9 -4 2 5 
12 2 3 -12 0 6 5 4 3 4 -13 9 5 13 12 13 5 8 7 -6 
37
7
19 17
0 13
16 1
3 13
18 3
6 14
4 2
0 2
19 6
3 18
16 6
1 16
13 5
15 17
20
12 0 10
7 16 16
7 9 16
17 15 11
10 15 9
19 12 12
2 11 16
19 2 16
0 10 11
0 12 14
7 19 10
12 3 16
12 10 16
2 4 11
9 4 9
0 7 12
17 8 16
0 17 16
19 9 11
19 7 14
32
3 6
5 11
2 14
6 19
5 6
16 0
11 3
5 4
5 3
2 7
12 14
2 13
1 19
12 13
8 7
17 0
16 13
14 8
17 5
13 0
14 13
3 19
8 16
14 15
14 16
17 12
7 5
17 6
18 0
7 6
11 12
2 19
