20 20
4 0 3 4 5 1 3 -2 3 -5 -2 1 0 3 2 3 3 -4 2 2 
-4 1 -5 -4 -4 5 2 2 5 4 -2 2 5 4 1 1 -1 -3 5 4 
4 3 3 4 4 3 2 5 2 5 3 4 -3 2 3 -1 4 2 5 1 
0 4 2 5 3 2 4 3 5 0 2 1 3 2 0 3 2 -5 2 4 
0 0 2 2 4 0 5 -3 -3 4 4 4 4 4 1 3 -5 -2 3 1 
2 0 5 3 -2 -3 -4 4 5 4 3 1 2 -2 3 3 4 0 2 5 
0 1 -2 5 3 5 5 0 3 4 2 5 4 -1 1 1 3 5 4 3 
3 4 2 -3 0 5 -2 2 4 1 1 1 4 2 4 -1 2 1 -3 -3 
1 4 -4 -4 0 3 4 4 4 1 4 2 5 4 2 -2 3 5 1 -3 
3 0 -3 2 -2 5 0 4 2 -4 2 0 0 -1 0 2 4 5 0 3 
3 0 5 4 2 0 -1 0 0 2 -4 2 4 0 5 -2 2 -3 0 3 
-3 1 5 3 -2 2 4 5 2 4 1 4 4 4 3 0 -4 -4 4 1 
-3 -3 1 2 -1 4 2 4 1 1 1 4 2 -2 5 0 -3 2 4 3 
3 4 5 3 1 1 -1 4 5 2 4 3 0 5 5 3 5 -2 1 0 
5 2 0 4 3 3 -2 2 1 3 4 5 4 -4 -3 -2 3 5 0 2 
1 3 -2 -5 3 1 4 4 4 4 4 -3 -3 5 0 4 2 2 0 0 
4 2 -5 2 3 0 2 3 1 2 0 5 3 4 2 3 5 2 4 0 
1 5 2 4 -1 3 2 -3 4 3 5 2 5 2 3 4 4 3 3 4 
4 5 -3 -1 1 1 4 5 2 -2 4 5 2 2 5 -4 -4 -5 1 -4 
2 2 -4 3 3 2 3 0 1 -2 -5 3 -2 3 1 5 4 3 0 4 
52
4
18 15
5 17
12 14
1 18
1 4
14 2
7 5
18 1
14
12 8 13
11 0 15
5 15 15
8 9 8
1 19 9
13 0 14
12 19 10
7 11 13
8 19 15
14 4 15
11 10 8
18 0 9
6 19 14
7 0 10
30
0 10
5 10
0 4
5 9
5 0
17 5
7 13
8 12
19 11
6 8
18 13
11 19
1 14
11 3
9 19
19 9
14 9
19 15
14 10
14 19
2 14
12 6
11 7
0 8
13 11
1 6
8 0
18 5
8 16
10 0
