20 20
25 13 26 10 -4 -2 4 -7 25 -23 12 -10 23 26 6 1 4 2 3 24 
5 21 1 21 22 24 25 8 -15 -19 17 6 15 5 21 -10 26 -2 -10 19 
1 8 6 22 -12 2 19 -11 13 20 0 -2 15 -12 3 18 4 3 26 4 
2 0 17 11 -21 4 -1 25 21 11 16 5 17 -7 -9 14 -10 3 14 7 
17 -11 20 -8 8 1 -13 19 14 25 3 22 12 -15 23 25 0 22 20 -8 
3 20 8 22 0 13 2 16 -6 18 11 14 16 13 13 10 19 18 0 9 
-21 -23 1 22 3 25 23 24 18 -13 23 -20 3 -23 22 22 5 25 4 21 
0 23 16 8 -9 25 -9 23 7 2 -15 26 3 16 -3 14 23 12 -16 2 
7 -3 10 9 10 8 -13 12 9 -5 5 7 14 24 25 16 2 14 23 21 
12 25 14 14 14 17 0 -19 5 3 20 3 -9 15 23 2 0 19 -25 12 
12 -25 19 0 2 23 15 -9 3 20 3 5 -19 0 17 14 14 14 25 12 
21 23 14 2 16 25 24 14 7 5 -5 9 12 -13 8 10 9 10 -3 7 
2 -16 12 23 14 -3 16 3 26 -15 2 7 23 -9 25 -9 8 16 23 0 
21 4 25 5 22 22 -23 3 -20 23 -13 18 24 23 25 3 22 1 -23 -21 
9 0 18 19 10 13 13 16 14 11 18 -6 16 2 13 0 22 8 20 3 
-8 20 22 0 25 23 -15 12 22 3 25 14 19 -13 1 8 -8 20 -11 17 
7 14 3 -10 14 -9 -7 17 5 16 11 21 25 -1 4 -21 11 17 0 2 
4 26 3 4 18 3 -12 15 -2 0 20 13 -11 19 2 -12 22 6 8 1 
19 -10 -2 26 -10 21 5 15 6 17 -19 -15 8 25 24 22 21 1 21 5 
24 3 2 4 1 6 26 23 -10 12 -23 25 -7 4 -2 -4 10 26 13 25 
40
2
17 2
19 10
2 17
0 9
18
7 18 15
18 9 10
11 17 9
6 14 16
16 5 11
9 11 16
5 13 8
5 2 10
9 15 11
12 1 15
1 10 10
8 2 9
13 5 16
3 14 11
10 8 16
14 6 8
14 17 10
10 4 11
36
3 12
5 17
18 1
0 3
17 14
8 17
11 19
7 1
6 2
1 8
11 1
1 15
0 8
2 18
17 10
10 3
9 7
9 1
16 7
14 2
1 18
19 16
2 5
11 2
8 0
12 18
13 17
18 11
8 18
18 4
19 11
17 1
2 9
9 16
10 12
10 18
