20 20
12 -17 -3 3 12 6 22 5 17 12 2 22 -22 -8 4 9 21 1 3 -8 
-21 12 -15 4 20 15 -15 14 9 6 -14 12 4 14 4 0 -21 5 -2 -22 
22 6 10 10 19 13 5 -1 -16 13 12 5 11 22 -14 -20 -5 -11 16 7 
20 -22 4 15 -8 13 6 19 -22 -2 0 -17 15 14 -1 -9 18 0 1 15 
3 18 19 19 22 1 9 -18 4 -18 -17 11 -10 -7 12 17 22 21 7 8 
2 -2 17 5 11 -13 -1 17 13 -19 14 20 4 15 20 2 -17 15 19 7 
-1 15 13 -12 21 6 16 18 -22 4 -5 -20 -17 -21 1 7 5 22 -21 20 
22 9 9 7 4 -10 20 -6 6 4 2 18 -10 1 19 5 12 9 18 19 
4 17 13 10 13 9 22 20 -22 7 -1 16 0 12 5 17 12 -17 16 16 
16 15 6 12 -4 21 5 4 -15 19 9 0 6 6 22 2 0 -16 -2 16 
16 -2 -16 0 2 22 6 6 0 9 19 -15 4 5 21 -4 12 6 15 16 
16 16 -17 12 17 5 12 0 16 -1 7 -22 20 22 9 13 10 13 17 4 
19 18 9 12 5 19 1 -10 18 2 4 6 -6 20 -10 4 7 9 9 22 
20 -21 22 5 7 1 -21 -17 -20 -5 4 -22 18 16 6 21 -12 13 15 -1 
7 19 15 -17 2 20 15 4 20 14 -19 13 17 -1 -13 11 5 17 -2 2 
8 7 21 22 17 12 -7 -10 11 -17 -18 4 -18 9 1 22 19 19 18 3 
15 1 0 18 -9 -1 14 15 -17 0 -2 -22 19 6 13 -8 15 4 -22 20 
7 16 -11 -5 -20 -14 22 11 5 12 13 -16 -1 5 13 19 10 10 6 22 
-22 -2 5 -21 0 4 14 4 12 -14 6 9 14 -15 15 20 4 -15 12 -21 
-8 3 1 21 9 4 -8 -22 22 2 12 17 5 22 6 12 3 -3 -17 12 
43
8
14 19
5 12
15 3
3 5
1 11
11 3
5 1
6 15
5 0
14 7
4 16
16 14
18 8
8 16
14 18
13 4
12
7 14 15
7 12 16
18 1 10
17 11 8
19 3 13
8 10 8
12 5 15
12 7 16
1 18 10
2 8 8
0 16 13
11 9 8
36
8 11
0 9
2 19
5 17
14 13
11 15
4 18
11 19
13 16
3 16
6 7
0 17
1 5
0 10
2 13
12 17
11 4
0 1
11 8
19 10
17 0
14 2
5 6
8 4
15 1
8 0
6 3
16 3
13 12
19 2
18 14
19 9
17 6
7 2
8 15
19 18
