20 20
-10 9 -5 2 -2 10 10 6 0 4 10 4 -3 5 10 7 10 -5 5 10 
1 9 7 -9 -4 6 6 4 9 -1 9 -9 0 -5 6 6 -2 5 3 -10 
10 9 5 8 5 5 1 -7 -6 0 10 5 -7 4 0 6 6 2 1 -6 
-8 2 -6 2 7 -3 2 1 2 -1 8 -2 10 9 9 6 -7 -7 -5 7 
-2 5 6 5 8 4 -7 6 -3 -10 9 5 1 -3 -3 4 5 -2 -10 -5 
0 5 1 -6 10 -8 4 5 2 7 2 3 -1 4 1 8 -5 0 10 9 
5 9 10 -4 -2 8 -10 5 9 10 9 -8 -3 0 -10 8 4 -8 2 -7 
7 5 -2 8 2 5 -6 8 0 8 6 -6 7 -8 -2 5 2 -10 2 6 
5 -1 5 6 0 9 9 7 3 5 0 8 9 1 0 1 7 5 9 2 
8 6 6 7 3 10 2 -10 5 8 10 9 7 3 3 5 -10 4 5 -7 
-7 5 4 -10 5 3 3 7 9 10 8 5 -10 2 10 3 7 6 6 8 
2 9 5 7 1 0 1 9 8 0 5 3 7 9 9 0 6 5 -1 5 
6 2 -10 2 5 -2 -8 7 -6 6 8 0 8 -6 5 2 8 -2 5 7 
-7 2 -8 4 8 -10 0 -3 -8 9 10 9 5 -10 8 -2 -4 10 9 5 
9 10 0 -5 8 1 4 -1 3 2 7 2 5 4 -8 10 -6 1 5 0 
-5 -10 -2 5 4 -3 -3 1 5 9 -10 -3 6 -7 4 8 5 6 5 -2 
7 -5 -7 -7 6 9 9 10 -2 8 -1 2 1 2 -3 7 2 -6 2 -8 
-6 1 2 6 6 0 4 -7 5 10 0 -6 -7 1 5 5 8 5 9 10 
-10 3 5 -2 6 6 -5 0 -9 9 -1 9 4 6 6 -4 -9 7 9 1 
10 5 -5 10 7 10 5 -3 4 10 4 0 6 10 10 -2 2 -5 9 -10 
54
5
15 0
4 5
18 7
14 15
7 19
4 19
15 14
1 12
5 4
12 0
6
2 13 13
9 8 8
3 2 16
17 6 13
10 11 8
16 17 16
34
13 17
1 15
13 14
15 19
2 5
19 4
16 9
12 18
3 8
7 18
15 9
13 8
8 18
7 4
16 8
2 14
14 8
6 2
18 4
6 5
4 0
17 14
0 15
3 10
7 1
16 11
12 1
4 10
6 11
11 1
12 15
3 11
17 5
5 11
