20 20
13 9 -11 3 0 -8 1 5 13 -11 8 9 7 3 13 1 10 1 -8 3 
12 -2 2 -8 2 13 -4 4 12 -7 -11 3 -9 -3 3 12 8 -7 -9 10 
9 10 12 12 8 10 1 -5 12 -7 -8 12 -13 9 4 -4 7 7 0 -7 
4 9 11 7 12 13 5 2 4 11 4 9 -7 2 7 2 6 6 5 8 
2 -8 -8 -6 11 3 10 1 9 9 -2 -3 6 0 13 4 11 5 11 13 
6 6 -12 6 12 10 11 9 1 2 9 -7 2 5 -7 9 -1 3 3 11 
11 9 -1 7 2 -13 -2 2 2 12 12 11 7 11 -1 3 5 11 4 2 
-4 12 -12 -9 9 -5 3 -12 -3 12 -10 -3 8 9 9 9 6 3 -3 8 
-6 2 7 10 7 5 7 1 11 -8 -13 3 8 1 -9 11 -3 2 3 10 
2 12 0 2 12 13 10 10 3 2 9 8 7 11 -2 6 4 -7 7 1 
1 7 -7 4 6 -2 11 7 8 9 2 3 10 10 13 12 2 0 12 2 
10 3 2 -3 11 -9 1 8 3 -13 -8 11 1 7 5 7 10 7 2 -6 
8 -3 3 6 9 9 9 8 -3 -10 12 -3 -12 3 -5 9 -9 -12 12 -4 
2 4 11 5 3 -1 11 7 11 12 12 2 2 -2 -13 2 7 -1 9 11 
11 3 3 -1 9 -7 5 2 -7 9 2 1 9 11 10 12 6 -12 6 6 
13 11 5 11 4 13 0 6 -3 -2 9 9 1 10 3 11 -6 -8 -8 2 
8 5 6 6 2 7 2 -7 9 4 11 4 2 5 13 12 7 11 9 4 
-7 0 7 7 -4 4 9 -13 12 -8 -7 12 -5 1 10 8 12 12 10 9 
10 -9 -7 8 12 3 -3 -9 3 -11 -7 12 4 -4 13 2 -8 2 -2 12 
3 -8 1 10 1 13 3 7 9 8 -11 13 5 1 -8 0 3 -11 9 13 
30
2
14 7
18 11
5 12
1 8
10
13 14 16
13 10 14
14 12 13
10 11 8
7 18 15
6 5 16
6 9 14
5 7 13
9 8 8
12 1 15
38
7 1
2 6
12 9
7 2
17 6
16 13
15 19
4 19
11 18
5 11
9 5
6 11
11 10
2 14
6 3
16 14
18 4
0 14
12 3
12 18
17 13
7 10
12 17
2 13
3 6
4 0
15 0
8 1
14 8
10 14
13 8
8 9
17 5
13 16
3 5
1 15
19 5
7 16
