20 20
11 2 -8 1 5 15 5 9 3 -11 1 14 1 -14 12 0 9 9 9 8 
-4 2 11 6 -16 -14 10 7 14 -1 15 16 12 -14 -5 16 1 8 2 -15 
15 4 4 6 3 3 -15 2 0 -14 10 7 -8 1 9 2 -2 0 -3 6 
-10 -2 4 13 8 3 8 2 10 9 5 2 15 12 8 2 14 14 8 -8 
9 -4 0 6 -2 8 5 3 -2 8 -6 -6 4 4 -15 11 1 5 1 5 
10 8 12 11 2 -6 9 13 14 -2 3 15 -12 15 8 2 13 14 7 -6 
4 8 10 -11 10 2 4 0 13 6 7 14 14 5 9 -1 15 15 13 7 
-5 10 3 15 6 -4 6 13 16 12 5 -1 6 7 11 -3 0 3 -5 -2 
12 -3 14 4 -6 1 6 1 -1 15 9 3 14 1 -1 6 13 1 3 3 
-6 7 -7 4 3 -1 8 13 6 0 7 -12 4 -13 -14 -15 6 9 14 0 
0 14 9 6 -15 -14 -13 4 -12 7 0 6 13 8 -1 3 4 -7 7 -6 
3 3 1 13 6 -1 1 14 3 9 15 -1 1 6 1 -6 4 14 -3 12 
-2 -5 3 0 -3 11 7 6 -1 5 12 16 13 6 -4 6 15 3 10 -5 
7 13 15 15 -1 9 5 14 14 7 6 13 0 4 2 10 -11 10 8 4 
-6 7 14 13 2 8 15 -12 15 3 -2 14 13 9 -6 2 11 12 8 10 
5 1 5 1 11 -15 4 4 -6 -6 8 -2 3 5 8 -2 6 0 -4 9 
-8 8 14 14 2 8 12 15 2 5 9 10 2 8 3 8 13 4 -2 -10 
6 -3 0 -2 2 9 1 -8 7 10 -14 0 2 -15 3 3 6 4 4 15 
-15 2 8 1 16 -5 -14 12 16 15 -1 14 7 10 -14 -16 6 11 2 -4 
8 9 9 9 0 12 -14 1 14 1 -11 3 9 5 15 5 1 -8 2 11 
33
8
16 6
18 19
12 14
8 7
18 15
5 16
2 12
3 5
3 13
1 0
7 5
11 12
1 4
14 3
17 7
16 14
8
11 1 10
16 13 15
12 9 12
9 0 11
8 18 10
3 6 15
7 10 12
10 19 11
34
4 1
1 18
1 19
1 3
15 2
19 13
12 10
9 4
0 14
16 9
17 4
9 15
15 4
4 5
1 6
14 19
8 4
15 18
18 1
18 0
18 16
4 17
0 6
7 9
10 15
19 5
3 10
2 15
10 4
4 15
15 14
18 13
5 0
11 15
