20 20
-17 -21 18 10 21 2 18 8 11 12 18 13 21 -11 -13 17 10 20 -10 11 
13 -10 -13 7 -4 16 9 -12 15 20 -20 16 2 6 16 11 18 -18 -21 8 
-6 -10 -15 4 19 -3 21 1 -2 18 -17 5 1 -2 18 19 15 15 11 3 
14 2 7 2 7 -5 13 5 18 21 20 -5 10 19 12 6 -4 9 3 16 
20 -21 13 -12 16 0 -4 20 -11 9 11 21 20 18 0 11 1 18 12 3 
13 4 9 4 -20 10 5 -15 16 16 4 10 0 7 11 10 1 11 5 4 
0 -15 9 11 6 -9 8 2 16 1 10 7 17 21 10 3 2 11 6 7 
-2 1 6 4 -13 5 3 11 17 16 -16 14 7 5 -3 -8 -7 5 3 13 
-1 18 -18 0 2 -1 -18 17 16 14 3 5 20 8 3 13 1 19 0 -11 
13 -12 7 -2 17 12 17 -4 8 3 -9 -2 18 -15 -1 14 20 8 -9 -4 
-4 -9 8 20 14 -1 -15 18 -2 -9 3 8 -4 17 12 17 -2 7 -12 13 
-11 0 19 1 13 3 8 20 5 3 14 16 17 -18 -1 2 0 -18 18 -1 
13 3 5 -7 -8 -3 5 7 14 -16 16 17 11 3 5 -13 4 6 1 -2 
7 6 11 2 3 10 21 17 7 10 1 16 2 8 -9 6 11 9 -15 0 
4 5 11 1 10 11 7 0 10 4 16 16 -15 5 10 -20 4 9 4 13 
3 12 18 1 11 0 18 20 21 11 9 -11 20 -4 0 16 -12 13 -21 20 
16 3 9 -4 6 12 19 10 -5 20 21 18 5 13 -5 7 2 7 2 14 
3 11 15 15 19 18 -2 1 5 -17 18 -2 1 21 -3 19 4 -15 -10 -6 
8 -21 -18 18 11 16 6 2 16 -20 20 15 -12 9 16 -4 7 -13 -10 13 
11 -10 20 10 17 -13 -11 21 13 18 12 11 8 18 2 21 10 18 -21 -17 
37
7
1 14
7 1
13 14
11 18
11 9
4 8
8 14
18 5
12 18
6 5
8 1
8 10
15 11
11 5
8
9 13 14
5 6 8
8 19 14
0 1 10
10 6 14
14 13 8
11 0 14
19 18 10
40
15 9
9 0
5 9
5 17
3 1
6 0
18 10
17 11
4 0
2 12
10 9
15 0
6 1
18 8
6 3
14 3
10 11
9 7
0 17
0 13
4 10
10 19
14 10
14 2
16 18
13 19
1 9
2 8
15 19
17 7
9 10
4 19
13 18
1 11
13 16
5 16
9 8
10 12
19 2
19 6
