20 20
19 4 12 7 -20 20 14 19 0 18 15 11 22 11 11 23 13 20 21 21 
-21 -12 1 4 17 7 23 15 21 -17 5 2 21 -3 18 -16 0 19 18 -15 
17 0 12 -10 17 -15 -20 16 10 -22 21 23 5 12 8 -3 2 -13 19 18 
14 19 -16 15 13 -15 -1 5 14 16 19 -21 16 0 -1 5 8 3 7 -3 
17 13 4 13 -23 15 20 21 4 5 20 6 10 22 15 -23 -14 -15 2 -1 
14 9 10 21 3 5 22 16 23 11 19 15 9 16 -22 -10 -1 -19 -20 -5 
11 7 -8 19 -2 -3 19 -14 -7 -22 21 6 12 13 -11 6 -2 18 -13 3 
14 19 1 22 22 21 13 20 -5 -3 6 3 8 7 20 -15 -13 10 7 0 
11 -21 20 4 20 9 0 11 23 3 7 -9 4 -20 5 2 -2 12 9 -7 
-7 15 9 3 21 -11 20 -20 -20 -20 -20 -8 11 5 -9 -15 5 2 -14 3 
3 -14 2 5 -15 -9 5 11 -8 -20 -20 -20 -20 20 -11 21 3 9 15 -7 
-7 9 12 -2 2 5 -20 4 -9 7 3 23 11 0 9 20 4 20 -21 11 
0 7 10 -13 -15 20 7 8 3 6 -3 -5 20 13 21 22 22 1 19 14 
3 -13 18 -2 6 -11 13 12 6 21 -22 -7 -14 19 -3 -2 19 -8 7 11 
-5 -20 -19 -1 -10 -22 16 9 15 19 11 23 16 22 5 3 21 10 9 14 
-1 2 -15 -14 -23 15 22 10 6 20 5 4 21 20 15 -23 13 4 13 17 
-3 7 3 8 5 -1 0 16 -21 19 16 14 5 -1 -15 13 15 -16 19 14 
18 19 -13 2 -3 8 12 5 23 21 -22 10 16 -20 -15 17 -10 12 0 17 
-15 18 19 0 -16 18 -3 21 2 5 -17 21 15 23 7 17 4 1 -12 -21 
21 21 20 13 23 11 11 22 11 15 18 0 19 14 20 -20 7 12 4 19 
44
2
8 6
15 4
11 13
4 15
14
18 10 13
8 7 15
15 6 14
10 12 16
13 0 11
13 5 8
12 18 15
1 9 13
11 12 15
4 13 14
9 7 16
6 19 11
6 14 8
7 1 15
34
16 4
17 19
0 9
5 9
9 10
13 2
16 15
10 17
9 12
2 8
8 18
18 15
5 8
5 2
11 5
7 14
12 16
3 15
2 0
19 10
14 10
10 9
6 17
3 4
9 2
10 7
17 11
11 1
1 4
14 11
14 17
8 14
12 5
7 3
