20 20
15 -9 11 4 11 5 8 1 2 10 12 10 14 15 4 12 0 -4 16 9 
5 12 2 -12 9 4 16 2 6 -8 17 5 0 -4 4 8 9 1 5 16 
11 -4 -7 -1 6 2 17 16 4 -3 -10 12 -2 3 5 14 7 3 11 15 
17 16 12 -13 -10 10 6 10 16 -15 11 4 11 1 16 2 5 2 16 7 
0 16 5 8 6 4 -1 6 16 11 1 -16 4 7 -5 10 15 11 3 -5 
-2 -1 11 14 5 3 -9 14 14 8 3 17 -16 15 14 16 -3 12 12 12 
-4 1 10 4 0 -12 -13 12 -2 2 -14 12 11 15 1 -10 5 13 0 4 
14 12 5 10 17 14 -9 13 7 -17 10 3 7 10 -12 8 4 15 5 10 
-2 9 0 0 12 12 14 -9 -1 8 7 5 13 12 10 -13 1 10 -12 -14 
15 4 -11 -7 14 -14 -12 12 2 6 -1 13 12 13 7 8 16 16 10 6 
6 10 16 16 8 7 13 12 13 -1 6 2 12 -12 -14 14 -7 -11 4 15 
-14 -12 10 1 -13 10 12 13 5 7 8 -1 -9 14 12 12 0 0 9 -2 
10 5 15 4 8 -12 10 7 3 10 -17 7 13 -9 14 17 10 5 12 14 
4 0 13 5 -10 1 15 11 12 -14 2 -2 12 -13 -12 0 4 10 1 -4 
12 12 12 -3 16 14 15 -16 17 3 8 14 14 -9 3 5 14 11 -1 -2 
-5 3 11 15 10 -5 7 4 -16 1 11 16 6 -1 4 6 8 5 16 0 
7 16 2 5 2 16 1 11 4 11 -15 16 10 6 10 -10 -13 12 16 17 
15 11 3 7 14 5 3 -2 12 -10 -3 4 16 17 2 6 -1 -7 -4 11 
16 5 1 9 8 4 -4 0 5 17 -8 6 2 16 4 9 -12 2 12 5 
9 16 -4 0 12 4 15 14 10 12 10 2 1 8 5 11 4 11 -9 15 
56
7
13 9
19 18
9 8
1 12
1 4
0 8
1 8
6 10
0 1
10 11
18 7
18 15
19 11
18 11
8
18 12 12
2 10 11
15 12 10
9 3 12
1 7 12
17 9 11
4 7 10
10 16 12
30
4 9
0 7
14 7
8 18
10 13
7 11
10 8
9 13
1 2
8 13
13 19
18 14
7 1
11 2
11 17
15 10
19 12
5 12
11 1
9 6
12 8
9 11
10 6
18 17
11 6
6 0
1 5
12 18
8 17
8 2
