20 20
14 25 8 11 13 13 25 11 16 -14 -18 5 0 -26 25 -18 9 25 7 22 
24 -25 16 -24 -13 4 20 18 9 3 10 -19 23 3 -18 12 26 8 11 2 
19 21 7 23 9 18 26 22 16 10 -10 26 11 -25 22 4 14 18 24 8 
-8 11 20 -2 -13 12 -11 21 -22 4 -10 20 2 16 7 -22 10 -2 18 13 
6 26 15 8 13 -5 6 -1 4 11 4 -24 -24 4 -10 6 26 9 -23 -14 
4 2 2 6 20 25 22 10 -26 19 -23 8 12 20 -7 25 21 25 2 16 
26 -6 12 3 11 14 7 15 25 7 7 -5 23 10 18 7 20 1 -7 15 
23 11 3 25 25 16 -7 12 -21 26 2 1 11 -17 6 11 10 26 10 -8 
-23 17 -16 7 -11 10 0 9 -24 11 -11 20 -20 9 23 24 4 25 3 3 
-5 4 20 19 2 22 13 16 20 -1 8 18 3 5 25 20 7 6 25 7 
7 25 6 7 20 25 5 3 18 8 -1 20 16 13 22 2 19 20 4 -5 
3 3 25 4 24 23 9 -20 20 -11 11 -24 9 0 10 -11 7 -16 17 -23 
-8 10 26 10 11 6 -17 11 1 2 26 -21 12 -7 16 25 25 3 11 23 
15 -7 1 20 7 18 10 23 -5 7 7 25 15 7 14 11 3 12 -6 26 
16 2 25 21 25 -7 20 12 8 -23 19 -26 10 22 25 20 6 2 2 4 
-14 -23 9 26 6 -10 4 -24 -24 4 11 4 -1 6 -5 13 8 15 26 6 
13 18 -2 10 -22 7 16 2 20 -10 4 -22 21 -11 12 -13 -2 20 11 -8 
8 24 18 14 4 22 -25 11 26 -10 10 16 22 26 18 9 23 7 21 19 
2 11 8 26 12 -18 3 23 -19 10 3 9 18 20 4 -13 -24 16 -25 24 
22 7 25 9 -18 25 -26 0 5 -18 -14 16 11 25 13 13 11 8 25 14 
46
7
11 19
11 0
0 9
13 9
9 12
12 5
13 0
8 0
8 19
19 10
6 10
10 7
7 14
6 19
20
5 19 16
19 13 11
19 12 14
15 5 16
19 8 10
15 13 16
5 4 16
15 0 12
16 6 10
2 12 13
14 0 16
0 6 11
0 7 14
4 14 16
0 11 10
4 6 16
14 15 16
4 19 12
3 13 10
17 7 13
34
13 8
17 15
9 19
18 19
1 5
15 12
1 16
5 16
8 6
10 9
6 0
5 11
1 7
3 15
3 4
10 16
15 11
6 11
2 4
10 0
1 0
18 14
4 7
18 3
14 3
11 13
9 10
13 19
14 8
18 12
16 4
16 15
9 3
4 8
