20 20
3 2 3 14 18 2 6 -19 9 22 15 4 7 -6 -3 3 3 8 8 19 
17 8 -17 17 -18 -11 9 -5 20 4 -17 14 -11 0 -17 16 21 16 -19 1 
-16 13 19 7 2 -8 13 12 -4 14 20 2 3 7 16 -4 0 -10 4 3 
10 -20 15 19 19 22 2 16 2 18 6 20 5 22 9 21 11 13 19 6 
-12 -8 0 15 9 7 9 -18 -10 1 2 18 14 10 -13 4 -13 9 9 11 
20 11 13 -15 22 2 2 4 -2 3 -7 20 2 20 9 17 18 18 -9 3 
13 13 11 -16 16 7 15 -6 19 16 18 9 -12 8 22 0 -5 15 -3 22 
20 -6 -21 15 -4 11 -10 4 1 18 -17 7 14 -22 17 11 20 -2 2 12 
-18 -22 -9 0 21 -20 6 14 0 18 19 7 4 0 -13 8 1 22 20 -21 
-14 -15 17 22 6 -16 22 -18 -20 -22 16 12 -5 9 -21 7 17 -5 6 8 
8 6 -5 17 7 -21 9 -5 12 16 -22 -20 -18 22 -16 6 22 17 -15 -14 
-21 20 22 1 8 -13 0 4 7 19 18 0 14 6 -20 21 0 -9 -22 -18 
12 2 -2 20 11 17 -22 14 7 -17 18 1 4 -10 11 -4 15 -21 -6 20 
22 -3 15 -5 0 22 8 -12 9 18 16 19 -6 15 7 16 -16 11 13 13 
3 -9 18 18 17 9 20 2 20 -7 3 -2 4 2 2 22 -15 13 11 20 
11 9 9 -13 4 -13 10 14 18 2 1 -10 -18 9 7 9 15 0 -8 -12 
6 19 13 11 21 9 22 5 20 6 18 2 16 2 22 19 19 15 -20 10 
3 4 -10 0 -4 16 7 3 2 20 14 -4 12 13 -8 2 7 19 13 -16 
1 -19 16 21 16 -17 0 -11 14 -17 4 20 -5 9 -11 -18 17 -17 8 17 
19 8 8 3 3 -3 -6 7 4 15 22 9 -19 6 2 18 14 3 2 3 
44
6
19 1
10 19
0 13
19 18
6 1
11 16
0 18
9 0
19 6
0 1
13 18
8 3
16
1 3 13
11 4 12
5 2 12
14 12 14
3 4 9
16 4 8
1 6 14
10 0 14
18 16 13
8 15 12
14 17 12
5 7 14
16 15 9
3 15 8
18 13 14
9 19 14
28
3 2
2 13
13 8
13 10
13 3
6 2
9 8
13 2
12 4
16 1
10 5
0 9
18 9
0 2
16 17
17 6
6 11
6 9
6 16
13 17
10 11
6 17
7 15
3 18
9 14
19 10
1 10
19 17
