20 20
10 2 20 15 -13 -16 -5 0 13 -3 16 3 -19 4 13 15 14 14 -12 7 
17 15 -6 -9 18 -6 7 10 3 11 11 -7 -1 5 9 -6 -12 -10 -20 8 
11 7 16 18 5 12 -19 2 2 18 12 5 15 8 2 2 -15 17 9 12 
10 5 19 15 11 5 3 4 4 8 4 17 -3 13 9 12 15 20 14 17 
15 14 -19 10 17 -15 1 11 19 -5 4 -20 10 10 19 13 -6 -12 15 13 
1 8 7 -16 1 -13 -16 2 13 19 0 -6 16 12 18 4 18 4 11 5 
5 18 3 -12 -12 20 -3 -6 17 6 4 8 -7 18 2 20 17 4 -5 2 
6 -14 0 -6 17 -3 2 13 0 -19 -13 11 17 17 13 17 -12 -2 6 19 
11 20 15 17 1 18 0 -9 4 20 2 -11 14 -14 -4 6 19 -17 9 9 
-8 4 -11 3 4 -15 12 7 12 16 -13 19 13 15 8 2 6 3 17 10 
10 17 3 6 2 8 15 13 19 -13 16 12 7 12 -15 4 3 -11 4 -8 
9 9 -17 19 6 -4 -14 14 -11 2 20 4 -9 0 18 1 17 15 20 11 
19 6 -2 -12 17 13 17 17 11 -13 -19 0 13 2 -3 17 -6 0 -14 6 
2 -5 4 17 20 2 18 -7 8 4 6 17 -6 -3 20 -12 -12 3 18 5 
5 11 4 18 4 18 12 16 -6 0 19 13 2 -16 -13 1 -16 7 8 1 
13 15 -12 -6 13 19 10 10 -20 4 -5 19 11 1 -15 17 10 -19 14 15 
17 14 20 15 12 9 13 -3 17 4 8 4 4 3 5 11 15 19 5 10 
12 9 17 -15 2 2 8 15 5 12 18 2 2 -19 12 5 18 16 7 11 
8 -20 -10 -12 -6 9 5 -1 -7 11 11 3 10 7 -6 18 -9 -6 15 17 
7 -12 14 14 15 13 4 -19 3 16 -3 13 0 -5 -16 -13 15 20 2 10 
41
8
4 17
5 14
1 0
12 16
7 2
10 5
16 15
3 7
15 2
14 5
18 19
7 3
12 17
9 14
3 4
16 12
16
17 4 12
4 6 13
10 4 14
6 0 15
2 19 9
14 2 8
11 16 10
1 11 13
2 15 12
15 13 13
9 15 14
13 19 15
17 0 9
5 17 8
8 3 10
18 8 13
32
1 19
11 12
18 15
10 6
19 2
17 15
17 11
6 5
17 19
19 16
15 17
11 10
11 2
17 14
0 15
2 17
18 0
8 7
1 4
9 13
0 17
2 4
2 8
13 14
2 0
0 3
4 2
8 9
8 17
2 5
19 4
17 2
