20 20
-14 8 1 3 -1 -16 5 11 -15 -11 -14 -16 10 2 18 1 -19 12 -1 12 
11 -16 2 5 14 6 2 -19 -2 -5 -9 -4 -6 18 19 1 9 6 12 19 
12 6 8 3 13 20 14 17 -1 10 4 2 9 11 -8 -1 -12 -4 -13 0 
-18 20 3 0 10 -17 19 1 8 0 7 0 16 -9 4 13 0 -11 17 -7 
-5 11 13 3 3 8 20 5 6 4 1 7 3 -20 13 0 4 10 15 -10 
18 8 16 3 6 7 15 15 12 4 11 -10 7 2 12 16 -16 5 -6 4 
13 3 5 8 5 15 2 8 -13 7 16 4 -10 -16 5 -20 2 8 11 17 
-7 0 20 17 14 13 -10 0 18 -16 16 16 0 19 12 -17 17 5 -2 19 
6 1 -5 12 -15 -3 13 14 -16 18 -6 -2 -1 3 -12 2 -18 -3 13 -12 
20 -19 9 7 11 14 7 8 7 -15 -18 17 1 -10 19 -15 7 3 19 17 
17 19 3 7 -15 19 -10 1 17 -18 -15 7 8 7 14 11 7 9 -19 20 
-12 13 -3 -18 2 -12 3 -1 -2 -6 18 -16 14 13 -3 -15 12 -5 1 6 
19 -2 5 17 -17 12 19 0 16 16 -16 18 0 -10 13 14 17 20 0 -7 
17 11 8 2 -20 5 -16 -10 4 16 7 -13 8 2 15 5 8 5 3 13 
4 -6 5 -16 16 12 2 7 -10 11 4 12 15 15 7 6 3 16 8 18 
-10 15 10 4 0 13 -20 3 7 1 4 6 5 20 8 3 3 13 11 -5 
-7 17 -11 0 13 4 -9 16 0 7 0 8 1 19 -17 10 0 3 20 -18 
0 -13 -4 -12 -1 -8 11 9 2 4 10 -1 17 14 20 13 3 8 6 12 
19 12 6 9 1 19 18 -6 -4 -9 -5 -2 -19 2 6 14 5 2 -16 11 
12 -1 12 -19 1 18 2 10 -16 -14 -11 -15 11 5 -16 -1 3 1 8 -14 
60
2
13 18
9 17
6 1
10 2
8
13 9 13
8 1 10
11 7 10
5 10 14
6 10 13
11 18 10
8 12 10
14 9 14
28
4 12
11 16
5 6
18 12
4 6
15 16
15 14
9 12
3 6
14 8
17 14
6 2
5 7
13 0
15 7
8 3
14 13
1 7
15 13
4 3
4 5
10 7
16 13
5 11
2 5
13 17
14 12
6 19
