20 20
11 17 11 28 14 -9 29 22 22 27 6 21 2 -11 24 16 29 -15 3 -15 
7 -21 11 13 -13 23 -17 3 3 15 -6 15 -19 8 5 -16 14 2 23 23 
-7 25 30 18 4 16 -17 -12 19 18 18 28 27 -8 5 20 12 -26 4 12 
22 24 3 -1 -12 17 -6 -13 14 15 21 20 28 10 24 -8 30 1 -6 -21 
16 9 16 4 -13 -26 14 22 5 8 11 5 21 10 -14 0 29 -9 28 26 
22 -7 27 26 26 -21 13 -27 26 -23 19 20 19 1 -18 10 25 22 20 -22 
18 29 18 -10 22 -14 5 21 6 0 -28 7 -19 5 0 29 18 12 -4 17 
-4 -4 8 28 -21 -28 0 21 -9 12 3 -5 19 2 -15 10 3 25 -15 16 
-12 8 2 -24 -1 -14 3 21 -19 -8 -4 22 1 -11 17 18 3 10 16 -12 
17 7 21 6 1 -3 7 15 -8 8 15 6 4 -29 9 25 -2 7 26 -12 
-12 26 7 -2 25 9 -29 4 6 15 8 -8 15 7 -3 1 6 21 7 17 
-12 16 10 3 18 17 -11 1 22 -4 -8 -19 21 3 -14 -1 -24 2 8 -12 
16 -15 25 3 10 -15 2 19 -5 3 12 -9 21 0 -28 -21 28 8 -4 -4 
17 -4 12 18 29 0 5 -19 7 -28 0 6 21 5 -14 22 -10 18 29 18 
-22 20 22 25 10 -18 1 19 20 19 -23 26 -27 13 -21 26 26 27 -7 22 
26 28 -9 29 0 -14 10 21 5 11 8 5 22 14 -26 -13 4 16 9 16 
-21 -6 1 30 -8 24 10 28 20 21 15 14 -13 -6 17 -12 -1 3 24 22 
12 4 -26 12 20 5 -8 27 28 18 18 19 -12 -17 16 4 18 30 25 -7 
23 23 2 14 -16 5 8 -19 15 -6 15 3 3 -17 23 -13 13 11 -21 7 
-15 3 -15 29 16 24 -11 2 21 6 27 22 22 29 -9 14 28 11 17 11 
35
2
4 7
15 4
15 12
4 15
20
18 12 15
18 3 14
14 16 9
1 18 8
7 19 8
5 11 8
18 6 12
10 0 10
16 10 15
4 0 11
1 7 15
1 16 14
5 3 9
18 1 8
12 0 8
14 8 8
1 13 12
9 19 10
3 9 15
15 19 11
26
16 15
19 11
3 17
12 15
15 0
8 12
19 16
0 16
3 0
11 15
18 2
0 7
4 18
3 4
0 8
16 2
7 4
4 19
11 7
0 3
19 3
16 19
8 4
1 17
19 12
15 1
