20 20
17 16 1 -4 7 8 15 14 -7 9 2 -6 -11 6 21 17 -15 3 5 -14 
3 5 12 21 -20 17 -10 9 11 -15 -19 13 12 -13 8 0 11 -16 -5 3 
4 9 -20 1 21 19 6 18 21 14 -2 10 10 7 13 10 9 12 8 4 
18 -16 17 17 10 20 -10 14 -19 -18 6 2 -12 12 14 9 19 5 8 3 
2 -16 10 19 20 -3 -20 17 3 6 18 13 1 11 0 18 -15 4 8 15 
3 -19 15 0 5 2 21 10 -18 7 20 10 15 20 9 -3 7 10 20 6 
5 20 4 11 7 17 -15 2 13 -21 14 12 7 5 -1 5 15 0 -3 -5 
19 20 19 -3 4 -13 9 11 7 9 3 19 16 0 14 15 -12 12 21 4 
13 -4 -1 12 -1 -9 -6 12 -7 6 4 3 7 -6 12 13 19 18 8 20 
-5 14 -20 -15 18 17 17 16 16 6 16 19 16 14 19 12 17 4 15 17 
17 15 4 17 12 19 14 16 19 16 6 16 16 17 17 18 -15 -20 14 -5 
20 8 18 19 13 12 -6 7 3 4 6 -7 12 -6 -9 -1 12 -1 -4 13 
4 21 12 -12 15 14 0 16 19 3 9 7 11 9 -13 4 -3 19 20 19 
-5 -3 0 15 5 -1 5 7 12 14 -21 13 2 -15 17 7 11 4 20 5 
6 20 10 7 -3 9 20 15 10 20 7 -18 10 21 2 5 0 15 -19 3 
15 8 4 -15 18 0 11 1 13 18 6 3 17 -20 -3 20 19 10 -16 2 
3 8 5 19 9 14 12 -12 2 6 -18 -19 14 -10 20 10 17 17 -16 18 
4 8 12 9 10 13 7 10 10 -2 14 21 18 6 19 21 1 -20 9 4 
3 -5 -16 11 0 8 -13 12 13 -19 -15 11 9 -10 17 -20 21 12 5 3 
-14 5 3 -15 17 21 6 -11 -6 2 9 -7 14 15 8 7 -4 1 16 17 
30
8
15 5
19 9
14 3
15 0
18 11
7 15
9 2
7 14
4 14
0 10
5 16
4 19
1 8
12 4
10 17
12 5
16
9 13 9
2 5 15
2 16 8
10 0 11
1 19 10
5 0 14
10 13 12
7 6 8
10 6 9
17 14 15
17 3 8
9 19 11
18 0 10
14 19 14
9 6 12
12 13 8
36
9 11
15 16
17 5
12 19
1 4
1 14
14 0
1 9
8 9
12 9
0 12
4 2
12 11
10 15
1 0
19 12
11 17
1 12
10 8
4 3
2 14
7 0
18 15
18 5
5 19
18 10
11 10
7 10
19 7
15 17
7 8
9 4
18 19
0 7
8 2
18 7
