20 20
22 -8 13 19 -16 -15 8 14 -21 -19 -2 -13 21 9 5 18 9 -22 4 9 
16 -9 23 7 17 -1 7 -9 -12 9 12 21 0 2 22 -6 6 8 2 8 
9 11 7 19 12 -22 6 6 14 -10 6 -19 23 18 -21 21 18 -18 0 1 
-16 -18 18 -13 -21 10 13 22 -10 12 19 17 9 -15 -3 1 20 1 20 21 
2 8 21 -1 -12 12 2 -2 19 17 8 15 15 11 8 -3 0 4 0 11 
1 1 -2 4 2 1 6 12 2 10 22 -5 13 9 20 1 9 15 10 4 
-18 2 5 -11 -17 14 -1 12 17 -2 -19 16 9 -7 0 17 22 -6 5 3 
5 15 18 -12 -14 16 -12 7 5 20 -3 21 7 5 11 3 2 5 6 18 
-13 3 -4 22 14 -20 5 2 17 21 17 8 12 -13 11 13 12 6 13 -12 
2 1 -16 14 22 2 7 0 6 14 20 16 7 17 18 12 5 18 23 7 
7 23 18 5 12 18 17 7 16 20 14 6 0 7 2 22 14 -16 1 2 
-12 13 6 12 13 11 -13 12 8 17 21 17 2 5 -20 14 22 -4 3 -13 
18 6 5 2 3 11 5 7 21 -3 20 5 7 -12 16 -14 -12 18 15 5 
3 5 -6 22 17 0 -7 9 16 -19 -2 17 12 -1 14 -17 -11 5 2 -18 
4 10 15 9 1 20 9 13 -5 22 10 2 12 6 1 2 4 -2 1 1 
11 0 4 0 -3 8 11 15 15 8 17 19 -2 2 12 -12 -1 21 8 2 
21 20 1 20 1 -3 -15 9 17 19 12 -10 22 13 10 -21 -13 18 -18 -16 
1 0 -18 18 21 -21 18 23 -19 6 -10 14 6 6 -22 12 19 7 11 9 
8 2 8 6 -6 22 2 0 21 12 9 -12 -9 7 -1 17 7 23 -9 16 
9 4 -22 9 18 5 9 21 -13 -2 -19 -21 14 8 -15 -16 19 13 -8 22 
57
6
11 13
1 11
3 4
5 13
7 2
11 12
8 6
18 8
16 15
14 6
12 17
8 7
16
8 10 13
14 19 14
17 14 8
2 4 9
17 7 11
0 16 16
19 9 8
14 10 14
11 9 13
5 0 14
2 5 8
17 15 9
2 12 11
19 3 16
0 10 8
5 9 14
36
8 15
19 16
2 8
7 17
15 12
1 19
0 2
9 8
13 11
19 0
9 1
4 1
5 8
10 5
3 1
2 7
16 5
15 2
11 4
0 3
17 11
12 2
4 7
18 0
19 17
10 11
6 8
0 19
10 18
15 18
14 11
9 14
16 18
17 12
3 14
4 17
