20 20
5 15 4 18 -2 2 -6 17 5 5 6 18 16 15 2 4 12 -18 19 -9 
13 5 7 4 1 17 17 -14 9 17 -14 8 -19 18 6 16 0 9 0 15 
-2 4 9 9 11 13 1 4 -4 18 -7 8 17 3 10 11 10 17 16 18 
8 -7 19 8 13 14 7 15 -8 9 4 -2 1 12 9 -19 6 2 2 3 
-18 -3 0 -4 -13 1 19 8 0 5 18 1 9 7 6 13 5 11 14 9 
8 19 8 10 4 5 13 17 17 16 16 -12 -2 14 3 12 16 12 18 6 
0 4 1 5 13 -2 -19 -17 -9 19 2 19 6 13 8 5 15 -6 10 1 
-3 -6 8 11 4 2 12 9 1 16 -9 6 -16 5 6 12 12 5 -16 12 
-6 1 -10 -16 7 9 9 17 -6 4 4 17 13 10 17 1 -14 17 14 -4 
6 -5 13 6 -3 -1 9 18 7 16 3 10 10 6 -13 -4 16 12 2 3 
3 2 12 16 -4 -13 6 10 10 3 16 7 18 9 -1 -3 6 13 -5 6 
-4 14 17 -14 1 17 10 13 17 4 4 -6 17 9 9 7 -16 -10 1 -6 
12 -16 5 12 12 6 5 -16 6 -9 16 1 9 12 2 4 11 8 -6 -3 
1 10 -6 15 5 8 13 6 19 2 19 -9 -17 -19 -2 13 5 1 4 0 
6 18 12 16 12 3 14 -2 -12 16 16 17 17 13 5 4 10 8 19 8 
9 14 11 5 13 6 7 9 1 18 5 0 8 19 1 -13 -4 0 -3 -18 
3 2 2 6 -19 9 12 1 -2 4 9 -8 15 7 14 13 8 19 -7 8 
18 16 17 10 11 10 3 17 8 -7 18 -4 4 1 13 11 9 9 4 -2 
15 0 9 0 16 6 18 -19 8 -14 17 9 -14 17 17 1 4 7 5 13 
-9 19 -18 12 4 2 15 16 18 6 5 5 17 -6 2 -2 18 4 15 5 
55
2
4 17
12 9
15 2
7 10
10
12 15 9
18 0 13
17 14 11
14 4 9
2 9 16
7 4 9
1 19 13
2 5 11
5 15 9
17 10 16
28
11 16
4 12
19 11
9 15
19 15
8 2
1 3
12 17
4 16
3 14
19 4
9 7
15 11
4 18
8 3
15 7
0 8
10 4
0 4
11 17
18 16
7 2
15 3
16 5
0 15
10 12
4 8
15 1
