20 20
2 1 2 -2 4 4 5 3 4 -2 4 0 1 -2 5 5 5 2 3 4 
1 -1 3 0 1 3 4 3 2 -2 2 -4 -4 -2 -4 5 1 5 2 -2 
2 5 3 -5 1 0 1 -3 -4 3 5 5 -3 2 0 0 5 1 1 -2 
0 3 -1 3 1 4 1 4 3 -2 4 3 4 1 -4 -1 -5 2 1 3 
3 5 4 4 -1 -5 -4 0 -2 -1 -3 -5 -5 1 -5 -5 -2 0 1 -2 
3 2 1 5 0 3 -5 3 -2 -3 -2 2 0 1 4 4 5 0 -4 2 
1 3 5 1 2 1 -5 3 1 -3 -4 -4 -2 0 2 -4 3 1 -2 1 
1 4 0 2 -2 2 -3 1 3 4 2 5 0 -4 -4 -3 2 -4 -3 -3 
2 4 3 5 -1 1 1 4 1 2 -1 -3 3 -5 3 1 -4 5 4 3 
1 -5 2 2 2 4 1 -4 2 5 -4 5 0 4 3 2 5 1 3 4 
4 3 1 5 2 3 4 0 5 -4 5 2 -4 1 4 2 2 2 -5 1 
3 4 5 -4 1 3 -5 3 -3 -1 2 1 4 1 1 -1 5 3 4 2 
-3 -3 -4 2 -3 -4 -4 0 5 2 4 3 1 -3 2 -2 2 0 4 1 
1 -2 1 3 -4 2 0 -2 -4 -4 -3 1 3 -5 1 2 1 5 3 1 
2 -4 0 5 4 4 1 0 2 -2 -3 -2 3 -5 3 0 5 1 2 3 
-2 1 0 -2 -5 -5 1 -5 -5 -3 -1 -2 0 -4 -5 -1 4 4 5 3 
3 1 2 -5 -1 -4 1 4 3 4 -2 3 4 1 4 1 3 -1 3 0 
-2 1 1 5 0 0 2 -3 5 5 3 -4 -3 1 0 1 -5 3 5 2 
-2 2 5 1 5 -4 -2 -4 -4 2 -2 2 3 4 3 1 0 3 -1 1 
4 3 2 5 5 5 -2 1 0 4 -2 4 3 5 4 4 -2 2 1 2 
48
5
11 7
18 11
17 14
9 12
10 12
8 12
1 8
2 5
10 7
9 7
18
7 4 13
9 8 15
1 16 11
6 19 12
7 15 15
16 3 8
18 5 10
14 17 14
1 3 9
12 15 13
10 11 15
18 3 11
13 0 12
12 4 15
3 16 8
1 14 10
5 2 14
18 16 9
30
3 10
15 11
16 12
11 13
1 6
14 5
19 4
15 17
1 0
16 15
19 14
6 15
2 10
14 4
6 4
16 9
4 8
3 7
8 6
18 13
5 14
0 15
4 2
18 19
3 4
0 5
13 4
17 9
5 15
13 15
