20 20
17 10 -7 14 1 5 5 16 12 14 -1 1 -4 -10 5 6 12 8 8 15 
-15 -5 16 10 12 7 13 6 -3 14 7 -12 5 6 7 17 17 13 14 7 
5 13 1 14 -13 12 0 -14 14 17 -2 14 -2 6 -2 -6 17 10 -9 2 
2 13 12 13 3 -11 5 16 10 -17 -3 1 5 -4 6 16 14 10 -15 1 
6 8 14 12 12 1 1 13 10 7 -9 4 4 -5 5 13 0 15 6 -10 
9 4 11 -16 6 6 7 16 17 9 5 11 -7 4 -16 17 7 -3 13 16 
-2 13 1 7 16 11 8 7 7 6 7 10 15 7 2 14 5 1 -7 15 
-5 -16 17 8 10 16 9 14 9 3 1 8 8 14 -8 5 2 3 1 -15 
-3 17 15 12 -12 -4 10 11 11 3 13 10 8 10 -15 14 6 10 17 11 
14 5 9 -1 17 14 13 6 9 5 1 -10 4 -14 16 9 3 5 16 5 
5 16 5 3 9 16 -14 4 -10 1 5 9 6 13 14 17 -1 9 5 14 
11 17 10 6 14 -15 10 8 10 13 3 11 11 10 -4 -12 12 15 17 -3 
-15 1 3 2 5 -8 14 8 8 1 3 9 14 9 16 10 8 17 -16 -5 
15 -7 1 5 14 2 7 15 10 7 6 7 7 8 11 16 7 1 13 -2 
16 13 -3 7 17 -16 4 -7 11 5 9 17 16 7 6 6 -16 11 4 9 
-10 6 15 0 13 5 -5 4 4 -9 7 10 13 1 1 12 12 14 8 6 
1 -15 10 14 16 6 -4 5 1 -3 -17 10 16 5 -11 3 13 12 13 2 
2 -9 10 17 -6 -2 6 -2 14 -2 17 14 -14 0 12 -13 14 1 13 5 
7 14 13 17 17 7 6 5 -12 7 14 -3 6 13 7 12 10 16 -5 -15 
15 8 8 12 6 5 -10 -4 1 -1 14 12 16 5 5 1 14 -7 10 17 
58
5
15 3
8 10
17 16
4 8
3 15
4 16
11 9
2 3
15 11
16 4
14
14 18 15
9 17 14
8 4 8
8 12 8
5 0 14
9 10 11
7 3 10
5 1 15
10 2 14
11 15 8
11 7 8
14 19 14
10 9 11
12 16 10
30
6 16
2 9
16 18
18 12
18 5
16 3
8 16
13 19
10 18
12 18
0 11
12 6
18 7
2 0
8 0
13 3
17 10
3 1
1 7
1 14
3 16
11 3
6 0
9 1
7 1
19 8
7 13
1 12
17 19
11 19
