20 20
2 -1 7 4 7 -2 7 3 0 3 -5 1 2 1 4 1 3 3 2 4 
3 7 2 1 7 0 2 -2 -7 -6 1 -7 0 0 -4 6 -1 2 6 0 
-3 -7 5 1 6 -7 3 4 4 1 -7 4 3 5 -2 2 4 2 7 7 
7 3 -2 4 2 1 4 1 7 1 4 4 3 5 2 0 4 0 3 1 
6 2 7 3 6 3 6 4 -4 2 0 -5 2 1 1 -3 4 6 7 6 
6 4 6 6 -2 6 1 -2 3 6 1 -1 6 1 2 6 4 6 3 -6 
0 1 1 6 6 7 3 6 -1 3 0 1 6 1 7 -6 -5 1 5 6 
6 1 3 -5 2 1 6 5 5 1 0 0 4 2 6 5 -1 4 1 0 
5 -3 5 1 3 5 7 2 5 -7 3 1 6 6 4 6 1 -5 -7 -6 
2 -3 5 -5 1 6 2 6 -4 2 1 1 -5 1 3 -1 7 2 0 -7 
-7 0 2 7 -1 3 1 -5 1 1 2 -4 6 2 6 1 -5 5 -3 2 
-6 -7 -5 1 6 4 6 6 1 3 -7 5 2 7 5 3 1 5 -3 5 
0 1 4 -1 5 6 2 4 0 0 1 5 5 6 1 2 -5 3 1 6 
6 5 1 -5 -6 7 1 6 1 0 3 -1 6 3 7 6 6 1 1 0 
-6 3 6 4 6 2 1 6 -1 1 6 3 -2 1 6 -2 6 6 4 6 
6 7 6 4 -3 1 1 2 -5 0 2 -4 4 6 3 6 3 7 2 6 
1 3 0 4 0 2 5 3 4 4 1 7 1 4 1 2 4 -2 3 7 
7 7 2 4 2 -2 5 3 4 -7 1 4 4 3 -7 6 1 5 -7 -3 
0 6 2 -1 6 -4 0 0 -7 1 -6 -7 -2 2 0 7 1 2 7 3 
4 2 3 3 1 4 1 2 1 -5 3 0 3 7 -2 7 4 7 -1 2 
30
2
16 3
12 7
3 16
7 12
14
3 4 10
15 16 8
13 14 8
15 10 11
19 7 10
12 19 13
18 2 11
16 15 10
4 3 8
6 5 8
4 9 11
0 12 10
7 0 13
1 17 11
30
11 5
18 4
8 6
14 15
14 19
19 10
10 13
6 15
18 9
3 15
2 13
16 12
14 13
17 13
11 0
8 14
1 15
11 13
5 4
5 0
0 9
9 6
13 4
1 10
16 4
17 6
3 7
5 6
2 6
8 19
