20 20
-12 11 8 6 -6 3 -6 7 11 -1 9 13 2 11 -11 13 11 8 0 9 
-14 -11 8 -9 8 0 7 -5 13 -11 12 10 -11 3 5 11 3 -4 8 0 
12 14 3 -10 11 9 1 -1 13 7 8 -6 4 -12 14 9 -12 3 5 12 
2 8 6 -12 8 10 8 12 5 7 -13 8 5 11 1 10 -13 4 3 5 
12 -10 14 7 -8 5 4 14 5 8 5 -4 11 1 8 5 6 -3 -12 -4 
1 8 -12 9 -10 2 5 4 13 11 9 -9 11 8 6 8 -9 -10 5 13 
10 4 -1 9 1 7 12 13 13 12 -1 4 4 8 9 10 5 14 10 13 
5 -12 10 -5 0 7 -9 10 -12 -10 11 12 11 5 6 3 10 12 10 13 
14 7 5 7 -9 -7 4 6 2 4 4 14 6 5 14 12 -13 14 0 -8 
3 5 -3 -7 2 3 12 6 7 9 -14 12 14 3 13 -8 7 7 11 -7 
-7 11 7 7 -8 13 3 14 12 -14 9 7 6 12 3 2 -7 -3 5 3 
-8 0 14 -13 12 14 5 6 14 4 4 2 6 4 -7 -9 7 5 7 14 
13 10 12 10 3 6 5 11 12 11 -10 -12 10 -9 7 0 -5 10 -12 5 
13 10 14 5 10 9 8 4 4 -1 12 13 13 12 7 1 9 -1 4 10 
13 5 -10 -9 8 6 8 11 -9 9 11 13 4 5 2 -10 9 -12 8 1 
-4 -12 -3 6 5 8 1 11 -4 5 8 5 14 4 5 -8 7 14 -10 12 
5 3 4 -13 10 1 11 5 8 -13 7 5 12 8 10 8 -12 6 8 2 
12 5 3 -12 9 14 -12 4 -6 8 7 13 -1 1 9 11 -10 3 14 12 
0 8 -4 3 11 5 3 -11 10 12 -11 13 -5 7 0 8 -9 8 -11 -14 
9 0 8 11 13 -11 11 2 13 9 -1 11 7 -6 3 -6 6 8 11 -12 
51
7
16 10
4 13
15 2
8 7
19 10
14 2
18 12
3 9
15 6
4 17
11 12
0 9
5 17
1 7
10
15 4 9
11 19 10
14 15 10
8 2 9
12 6 12
4 15 9
8 0 10
5 4 10
11 17 9
7 13 12
40
17 0
1 10
7 5
17 9
16 17
10 7
8 1
7 2
18 5
1 2
2 7
5 15
7 0
0 19
7 19
4 16
1 5
11 10
13 0
0 3
2 19
18 9
12 14
2 10
3 2
9 12
11 18
12 17
1 14
18 17
17 12
14 4
12 19
19 0
12 0
15 3
18 14
8 9
6 19
19 16
