20 20
-7 6 5 14 12 7 8 -12 -6 0 -1 -5 -12 12 -3 10 5 2 11 -17 
-16 -11 3 16 -9 -15 8 1 -1 9 -10 2 4 0 2 -7 4 0 12 0 
13 6 2 17 16 4 -8 -9 -17 14 7 5 9 2 2 0 11 -7 -3 2 
9 4 7 -1 17 17 13 5 8 17 2 3 1 8 11 -2 13 15 6 6 
9 8 6 15 -1 0 -14 5 -7 -14 -7 16 1 1 9 5 4 10 -3 8 
7 8 13 17 -12 3 -9 4 -1 6 5 6 14 2 10 8 -4 6 3 -7 
-14 15 -4 -12 -15 10 7 -10 -7 10 9 16 14 13 9 12 6 13 12 7 
11 4 1 5 13 -8 8 15 9 2 10 15 11 10 5 4 13 8 -10 1 
13 2 -14 -1 6 -16 16 11 14 10 15 1 9 7 -5 12 17 11 -4 4 
2 10 2 2 8 15 3 7 5 -10 15 -8 12 11 15 4 5 13 14 10 
10 14 13 5 4 15 11 12 -8 15 -10 5 7 3 15 8 2 2 10 2 
4 -4 11 17 12 -5 7 9 1 15 10 14 11 16 -16 6 -1 -14 2 13 
1 -10 8 13 4 5 10 11 15 10 2 9 15 8 -8 13 5 1 4 11 
7 12 13 6 12 9 13 14 16 9 10 -7 -10 7 10 -15 -12 -4 15 -14 
-7 3 6 -4 8 10 2 14 6 5 6 -1 4 -9 3 -12 17 13 8 7 
8 -3 10 4 5 9 1 1 16 -7 -14 -7 5 -14 0 -1 15 6 8 9 
6 6 15 13 -2 11 8 1 3 2 17 8 5 13 17 17 -1 7 4 9 
2 -3 -7 11 0 2 2 9 5 7 14 -17 -9 -8 4 16 17 2 6 13 
0 12 0 4 -7 2 0 4 2 -10 9 -1 1 8 -15 -9 16 3 -11 -16 
-17 11 2 5 10 -3 12 -12 -5 -1 0 -6 -12 8 7 12 14 5 6 -7 
54
3
17 3
15 0
13 0
2 16
4 19
6 19
12
12 9 13
8 13 16
18 16 15
15 13 16
8 19 10
6 3 12
7 10 13
11 6 16
1 3 15
4 6 16
11 0 10
13 16 12
32
8 14
1 6
19 13
13 5
6 0
9 3
2 12
13 8
16 19
12 5
1 12
15 12
10 15
18 14
1 19
16 12
11 5
18 13
0 6
6 14
13 19
10 16
17 7
6 11
3 0
7 14
18 7
4 7
9 4
1 5
18 0
3 7
