20 20
4 0 -6 8 6 18 20 15 16 11 15 14 10 -19 19 5 13 3 6 5 
1 -12 21 0 -11 1 6 22 -19 -19 5 20 -18 19 11 10 -17 20 7 7 
-3 9 20 -17 -5 7 -4 6 15 17 9 -22 -13 -10 -15 8 11 20 13 15 
15 -21 -8 -22 -19 -16 16 -17 -2 1 0 8 -2 21 3 17 13 -19 0 -9 
22 -15 19 19 8 18 14 5 5 -17 -21 19 11 21 -18 14 3 19 8 21 
9 19 13 -14 4 13 14 6 -7 1 -11 15 -11 -11 21 -20 18 20 10 14 
20 11 15 -19 4 17 8 11 19 -6 2 -5 22 4 -11 8 16 1 -10 4 
-14 -4 5 -13 16 22 -6 1 -2 4 10 17 -9 -2 -15 21 5 5 7 13 
20 7 9 9 -6 5 8 6 6 15 -5 2 -4 2 -20 -5 -22 13 17 -20 
7 -8 14 9 2 14 16 17 12 11 12 3 18 16 -22 -2 9 6 11 18 
18 11 6 9 -2 -22 16 18 3 12 11 12 17 16 14 2 9 14 -8 7 
-20 17 13 -22 -5 -20 2 -4 2 -5 15 6 6 8 5 -6 9 9 7 20 
13 7 5 5 21 -15 -2 -9 17 10 4 -2 1 -6 22 16 -13 5 -4 -14 
4 -10 1 16 8 -11 4 22 -5 2 -6 19 11 8 17 4 -19 15 11 20 
14 10 20 18 -20 21 -11 -11 15 -11 1 -7 6 14 13 4 -14 13 19 9 
21 8 19 3 14 -18 21 11 19 -21 -17 5 5 14 18 8 19 19 -15 22 
-9 0 -19 13 17 3 21 -2 8 0 1 -2 -17 16 -16 -19 -22 -8 -21 15 
15 13 20 11 8 -15 -10 -13 -22 9 17 15 6 -4 7 -5 -17 20 9 -3 
7 7 20 -17 10 11 19 -18 20 5 -19 -19 22 6 1 -11 0 21 -12 1 
5 6 3 13 5 19 -19 10 14 15 11 16 15 20 18 6 8 -6 0 4 
31
4
7 18
0 3
18 3
0 17
12 1
19 16
1 16
19 2
10
17 19 10
9 14 16
6 14 15
15 7 12
9 0 16
2 0 10
10 5 16
13 5 15
4 12 12
10 19 16
26
2 6
4 3
3 13
11 4
14 10
8 0
0 5
15 18
6 17
10 1
19 18
1 10
8 18
17 13
15 16
16 6
8 15
5 9
11 19
19 14
4 1
13 2
9 18
0 1
18 9
11 1
