20 20
1 2 1 1 2 2 -2 3 -3 -1 2 2 2 -1 -1 -1 1 3 1 3 
3 1 -3 3 1 0 0 1 2 2 2 -2 -3 2 0 0 1 2 2 3 
0 2 3 1 2 -1 1 2 3 1 2 2 2 -2 2 1 1 2 1 -1 
2 -1 3 -3 1 -2 1 0 0 1 2 0 2 3 1 0 3 1 2 3 
1 1 0 3 2 1 2 1 -1 3 2 1 -3 2 3 -1 3 0 3 3 
3 2 3 2 3 1 0 -1 1 -1 3 -3 -1 1 0 2 3 2 -1 2 
2 1 3 3 3 1 1 -2 2 2 0 -3 2 2 -3 0 1 0 0 -3 
-1 3 3 -1 1 -1 1 -1 3 0 2 0 2 2 1 3 -1 2 1 0 
-3 1 3 3 0 2 3 3 -2 2 1 3 1 2 1 2 -2 -1 3 2 
2 3 3 -3 -2 -3 3 -2 2 2 3 2 2 3 -1 1 -3 2 -3 -2 
-2 -3 2 -3 1 -1 3 2 2 3 2 2 -2 3 -3 -2 -3 3 3 2 
2 3 -1 -2 2 1 2 1 3 1 2 -2 3 3 2 0 3 3 1 -3 
0 1 2 -1 3 1 2 2 0 2 0 3 -1 1 -1 1 -1 3 3 -1 
-3 0 0 1 0 -3 2 2 -3 0 2 2 -2 1 1 3 3 3 1 2 
2 -1 2 3 2 0 1 -1 -3 3 -1 1 -1 0 1 3 2 3 2 3 
3 3 0 3 -1 3 2 -3 1 2 3 -1 1 2 1 2 3 0 1 1 
3 2 1 3 0 1 3 2 0 2 1 0 0 1 -2 1 -3 3 -1 2 
-1 1 2 1 1 2 -2 2 2 2 1 3 2 1 -1 2 1 3 2 0 
3 2 2 1 0 0 2 -3 -2 2 2 2 1 0 0 1 3 -3 1 3 
3 1 3 1 -1 -1 -1 2 2 2 -1 -3 3 -2 2 2 1 1 2 1 
60
6
6 8
14 4
16 6
16 12
10 18
8 4
13 11
5 15
3 13
3 7
9 1
11 15
16
19 2 10
8 10 9
10 2 12
13 15 8
0 1 15
0 3 8
8 13 14
11 19 10
0 17 10
11 9 9
9 17 12
6 4 8
19 18 15
19 16 8
11 6 14
8 0 10
36
18 17
7 15
5 11
12 18
7 4
5 17
12 6
10 7
8 17
17 3
11 13
17 1
3 12
2 6
18 5
18 9
13 8
14 13
1 2
12 4
14 8
7 1
12 15
14 2
7 13
9 12
11 2
2 16
8 6
2 18
16 7
17 13
1 14
1 10
6 11
5 6
