20 20
0 28 5 11 7 -16 14 -9 4 1 8 8 6 -20 12 16 18 11 16 9 
24 11 11 17 18 2 22 12 26 19 13 26 -16 -26 16 7 -12 8 -14 19 
0 2 16 -11 10 27 1 -3 18 10 17 7 12 -20 21 -26 10 12 -21 19 
5 23 7 26 16 15 -21 10 14 -5 3 22 2 23 17 1 19 13 24 5 
22 6 3 4 11 13 24 6 5 15 0 -13 17 23 6 -26 17 14 25 12 
3 14 3 22 10 7 7 -2 19 4 21 25 0 18 -24 -6 0 15 17 18 
8 -11 16 1 -21 17 19 -16 13 14 5 22 -11 16 27 1 22 28 7 23 
26 11 20 15 10 11 10 -22 -8 27 14 24 8 -23 23 21 -4 11 -16 21 
3 -4 -13 1 5 2 16 -16 5 -1 2 -4 16 3 11 28 -3 0 18 -5 
-19 2 8 9 8 19 24 24 -5 28 -15 26 14 -12 15 -28 -8 27 3 11 
11 3 27 -8 -28 15 -12 14 26 -15 28 -5 24 24 19 8 9 8 2 -19 
-5 18 0 -3 28 11 3 16 -4 2 -1 5 -16 16 2 5 1 -13 -4 3 
21 -16 11 -4 21 23 -23 8 24 14 27 -8 -22 10 11 10 15 20 11 26 
23 7 28 22 1 27 16 -11 22 5 14 13 -16 19 17 -21 1 16 -11 8 
18 17 15 0 -6 -24 18 0 25 21 4 19 -2 7 7 10 22 3 14 3 
12 25 14 17 -26 6 23 17 -13 0 15 5 6 24 13 11 4 3 6 22 
5 24 13 19 1 17 23 2 22 3 -5 14 10 -21 15 16 26 7 23 5 
19 -21 12 10 -26 21 -20 12 7 17 10 18 -3 1 27 10 -11 16 2 0 
19 -14 8 -12 7 16 -26 -16 26 13 19 26 12 22 2 18 17 11 11 24 
9 16 11 18 16 12 -20 6 8 8 1 4 -9 14 -16 7 11 5 28 0 
40
8
19 4
2 9
18 2
12 6
6 1
16 18
10 1
6 8
0 15
17 10
1 17
7 13
13 18
3 1
9 18
13 11
6
12 4 10
1 0 13
12 15 9
7 15 10
18 19 13
7 4 9
28
0 16
4 5
9 8
6 4
6 13
6 18
2 13
10 2
19 12
14 11
13 17
12 13
12 1
13 10
19 3
15 14
10 11
13 15
13 6
13 1
17 6
9 17
0 7
5 8
6 2
7 6
7 18
6 9
