20 20
-9 29 22 29 4 7 10 -9 14 3 18 17 22 -2 4 14 -12 3 -28 -18 
24 13 29 -2 2 5 14 20 15 -23 7 5 23 -2 26 -3 18 16 -22 10 
12 -5 -5 -8 26 13 13 23 28 1 25 -2 -7 9 -15 -7 5 21 12 -28 
14 22 -18 20 -6 -3 21 -5 19 -1 -10 -13 9 9 20 21 25 4 -1 28 
24 12 27 -14 10 -11 11 22 17 13 19 -28 16 -17 -19 23 3 -1 11 18 
6 3 -1 5 -4 9 15 -6 11 -12 -3 26 11 28 29 -26 -23 18 27 -10 
11 -23 -8 3 -5 14 -17 21 19 -19 12 8 28 26 15 24 -26 5 6 -22 
2 -2 16 -16 3 13 18 2 18 8 1 22 -24 -4 14 24 23 21 -2 28 
4 -29 2 16 -17 28 28 5 -2 1 -23 -4 16 23 1 29 14 13 20 -7 
28 14 -16 23 25 12 11 25 1 0 -11 2 23 23 24 18 16 -13 20 4 
4 20 -13 16 18 24 23 23 2 -11 0 1 25 11 12 25 23 -16 14 28 
-7 20 13 14 29 1 23 16 -4 -23 1 -2 5 28 28 -17 16 2 -29 4 
28 -2 21 23 24 14 -4 -24 22 1 8 18 2 18 13 3 -16 16 -2 2 
-22 6 5 -26 24 15 26 28 8 12 -19 19 21 -17 14 -5 3 -8 -23 11 
-10 27 18 -23 -26 29 28 11 26 -3 -12 11 -6 15 9 -4 5 -1 3 6 
18 11 -1 3 23 -19 -17 16 -28 19 13 17 22 11 -11 10 -14 27 12 24 
28 -1 4 25 21 20 9 9 -13 -10 -1 19 -5 21 -3 -6 20 -18 22 14 
-28 12 21 5 -7 -15 9 -7 -2 25 1 28 23 13 13 26 -8 -5 -5 12 
10 -22 16 18 -3 26 -2 23 5 7 -23 15 20 14 5 2 -2 29 13 24 
-18 -28 3 -12 14 4 -2 22 17 18 3 14 -9 10 7 4 29 22 29 -9 
45
4
2 12
9 17
6 17
0 14
17 7
10 2
13 2
19 5
12
10 3 14
1 10 10
0 8 16
9 11 10
5 11 8
14 5 12
9 16 14
18 9 10
19 11 16
10 8 10
14 8 8
5 14 12
36
14 1
6 4
13 5
14 6
7 13
10 6
4 5
2 0
5 3
16 18
9 15
9 10
8 14
6 1
7 6
4 0
0 7
6 3
5 18
13 15
6 14
5 13
12 6
9 13
15 14
17 19
14 16
3 1
10 4
10 9
11 5
13 18
12 13
15 19
19 12
13 16
