20 20
12 -24 8 0 3 -10 16 2 20 17 -24 23 19 18 7 -26 8 23 -18 -5 
26 12 -3 -19 9 4 -4 -26 24 16 21 -26 -9 11 -16 1 -21 22 27 19 
25 6 -22 21 6 8 27 6 19 20 7 22 16 17 12 8 21 -20 21 15 
7 22 -19 14 17 19 -18 -6 -22 -9 14 3 5 -19 2 16 -6 -10 -1 -25 
10 1 -19 15 2 14 -21 -3 13 23 23 15 -9 24 18 -21 16 12 14 21 
-3 11 4 10 12 3 3 5 15 -7 21 22 21 21 18 7 10 10 -25 4 
9 -8 14 -25 12 2 1 4 6 22 -19 24 20 26 25 -1 6 15 26 24 
0 27 -26 -23 23 15 9 -12 -24 0 -5 -20 27 -10 6 17 -6 27 -22 15 
-16 2 12 -17 3 10 -14 -21 27 1 0 -25 8 21 15 2 24 18 21 25 
12 3 3 -5 20 16 8 27 22 -8 -18 17 12 12 12 22 10 18 7 8 
8 7 18 10 22 12 12 12 17 -18 -8 22 27 8 16 20 -5 3 3 12 
25 21 18 24 2 15 21 8 -25 0 1 27 -21 -14 10 3 -17 12 2 -16 
15 -22 27 -6 17 6 -10 27 -20 -5 0 -24 -12 9 15 23 -23 -26 27 0 
24 26 15 6 -1 25 26 20 24 -19 22 6 4 1 2 12 -25 14 -8 9 
4 -25 10 10 7 18 21 21 22 21 -7 15 5 3 3 12 10 4 11 -3 
21 14 12 16 -21 18 24 -9 15 23 23 13 -3 -21 14 2 15 -19 1 10 
-25 -1 -10 -6 16 2 -19 5 3 14 -9 -22 -6 -18 19 17 14 -19 22 7 
15 21 -20 21 8 12 17 16 22 7 20 19 6 27 8 6 21 -22 6 25 
19 27 22 -21 1 -16 11 -9 -26 21 16 24 -26 -4 4 9 -19 -3 12 26 
-5 -18 23 8 -26 7 18 19 23 -24 17 20 2 16 -10 3 0 8 -24 12 
52
2
0 15
3 16
19 4
16 3
18
5 11 13
12 13 14
15 2 10
9 13 8
5 12 12
12 3 12
16 1 15
14 19 8
7 17 16
14 8 13
7 6 14
4 17 10
10 6 8
14 7 12
7 16 12
3 18 15
5 0 8
12 2 16
30
16 15
13 15
8 5
1 5
11 4
6 3
6 18
17 16
16 5
17 5
3 11
4 2
5 3
5 18
16 14
3 4
6 4
11 14
18 14
8 15
13 16
13 1
2 3
3 14
2 14
16 8
15 17
14 16
14 1
3 5
