20 20
16 6 13 7 6 2 1 30 19 -21 22 12 16 -28 22 -20 -16 -21 18 3 
27 -18 21 14 -29 0 19 17 25 -30 30 20 14 -12 8 -8 7 12 -8 4 
-12 21 20 24 22 14 12 30 25 -8 7 -6 17 -10 -6 7 24 20 0 20 
14 -8 -4 25 8 1 1 17 26 -4 13 22 -8 -30 27 3 7 0 8 -4 
29 8 -11 -26 6 -13 30 28 22 16 13 -10 -13 18 -29 20 6 -11 14 -28 
1 10 10 14 -25 -23 19 13 18 18 12 21 20 24 28 26 7 24 4 27 
21 16 15 10 26 30 0 9 21 18 15 8 18 -30 -8 -10 8 23 -26 16 
8 16 12 24 29 8 9 8 1 16 2 -25 23 15 25 -8 23 -8 -28 -20 
17 -6 13 12 18 17 27 14 4 -18 14 26 -2 -20 28 -10 -22 -16 22 27 
20 8 24 10 10 20 17 4 9 10 7 2 22 14 19 -17 24 16 21 8 
8 21 16 24 -17 19 14 22 2 7 10 9 4 17 20 10 10 24 8 20 
27 22 -16 -22 -10 28 -20 -2 26 14 -18 4 14 27 17 18 12 13 -6 17 
-20 -28 -8 23 -8 25 15 23 -25 2 16 1 8 9 8 29 24 12 16 8 
16 -26 23 8 -10 -8 -30 18 8 15 18 21 9 0 30 26 10 15 16 21 
27 4 24 7 26 28 24 20 21 12 18 18 13 19 -23 -25 14 10 10 1 
-28 14 -11 6 20 -29 18 -13 -10 13 16 22 28 30 -13 6 -26 -11 8 29 
-4 8 0 7 3 27 -30 -8 22 13 -4 26 17 1 1 8 25 -4 -8 14 
20 0 20 24 7 -6 -10 17 -6 7 -8 25 30 12 14 22 24 20 21 -12 
4 -8 12 7 -8 8 -12 14 20 30 -30 25 17 19 0 -29 14 21 -18 27 
3 18 -21 -16 -20 22 -28 16 12 22 -21 19 30 1 2 6 7 13 6 16 
37
3
16 4
9 11
2 6
3 15
10 8
17 13
16
16 13 16
9 5 10
14 3 13
0 12 8
11 1 13
0 9 15
13 14 12
4 19 14
3 6 16
10 14 10
5 16 13
19 7 8
8 18 13
19 10 15
6 5 12
15 0 14
38
8 17
12 17
18 8
16 3
13 5
15 7
4 1
8 4
1 14
10 1
17 14
4 8
10 17
15 4
0 5
0 11
0 10
17 16
18 9
11 2
7 2
1 11
3 16
6 14
4 12
15 18
11 15
18 5
9 18
2 5
15 11
9 2
4 15
19 14
19 8
19 9
2 3
1 10
