20 20
-10 15 -18 15 -16 5 18 19 -11 11 -16 13 5 -16 13 20 -5 3 19 7 
9 19 -1 10 18 12 17 5 20 1 12 1 3 12 4 16 9 14 15 18 
4 -5 13 9 16 -4 14 17 11 5 8 9 -9 11 2 13 20 2 18 -5 
3 15 -10 4 -16 2 -1 5 7 1 20 19 19 13 11 7 0 -15 0 11 
-19 1 5 4 9 8 3 6 -15 20 14 0 10 6 -10 -11 0 16 -14 -13 
3 16 9 -20 14 -9 4 -13 14 -6 4 -13 16 16 -18 18 6 12 16 -3 
19 -7 15 2 17 -14 19 10 3 -8 20 -2 14 14 7 -9 1 20 1 -20 
7 13 11 13 7 -18 15 11 7 19 -6 9 7 0 12 -1 4 12 -14 9 
10 7 20 6 1 7 1 -8 12 18 8 17 2 10 10 13 -17 15 -15 -1 
11 5 20 10 -2 -8 18 7 -7 10 19 9 6 19 14 1 1 17 13 0 
0 13 17 1 1 14 19 6 9 19 10 -7 7 18 -8 -2 10 20 5 11 
-1 -15 15 -17 13 10 10 2 17 8 18 12 -8 1 7 1 6 20 7 10 
9 -14 12 4 -1 12 0 7 9 -6 19 7 11 15 -18 7 13 11 13 7 
-20 1 20 1 -9 7 14 14 -2 20 -8 3 10 19 -14 17 2 15 -7 19 
-3 16 12 6 18 -18 16 16 -13 4 -6 14 -13 4 -9 14 -20 9 16 3 
-13 -14 16 0 -11 -10 6 10 0 14 20 -15 6 3 8 9 4 5 1 -19 
11 0 -15 0 7 11 13 19 19 20 1 7 5 -1 2 -16 4 -10 15 3 
-5 18 2 20 13 2 11 -9 9 8 5 11 17 14 -4 16 9 13 -5 4 
18 15 14 9 16 4 12 3 1 12 1 20 5 17 12 18 10 -1 19 9 
7 19 3 -5 20 13 -16 5 13 -16 11 -11 19 18 5 -16 15 -18 15 -10 
49
3
10 14
8 4
6 10
9 5
11 15
13 9
12
17 0 8
19 17 16
0 19 14
6 3 12
7 12 12
10 18 12
2 19 8
0 2 16
19 0 14
13 16 12
12 7 12
9 1 12
32
14 3
14 15
10 1
17 12
8 7
14 5
5 9
3 7
14 13
11 10
9 15
1 17
9 8
15 11
14 11
14 12
5 16
5 4
9 18
2 7
11 12
5 14
14 10
16 12
5 6
8 9
10 4
18 2
10 11
4 8
5 8
5 7
