20 20
11 0 1 -2 1 2 -8 -8 9 -2 10 -7 8 10 7 9 4 9 8 12 
12 1 1 0 -12 2 -8 9 7 7 0 11 8 10 -6 13 5 -13 -7 13 
13 0 13 4 2 7 4 3 10 11 9 4 8 1 11 12 11 6 8 11 
-9 9 9 -9 1 -8 12 0 6 9 10 0 2 6 2 12 5 2 5 10 
-3 4 0 5 12 0 2 9 -11 9 11 13 6 13 0 13 1 -12 12 7 
6 11 12 11 4 10 -9 -7 5 -10 -7 2 -1 7 3 2 2 9 3 12 
-13 -7 1 8 8 -6 1 12 4 -10 -7 -11 1 2 13 7 11 4 12 10 
6 -13 6 12 5 0 0 1 7 10 -10 12 1 4 -13 -5 4 9 9 12 
1 6 13 8 3 -9 10 6 11 12 -6 1 8 8 1 6 7 1 7 11 
-8 2 6 0 4 13 2 -11 -1 7 4 5 -1 5 7 5 3 9 2 -12 
-12 2 9 3 5 7 5 -1 5 4 7 -1 -11 2 13 4 0 6 2 -8 
11 7 1 7 6 1 8 8 1 -6 12 11 6 10 -9 3 8 13 6 1 
12 9 9 4 -5 -13 4 1 12 -10 10 7 1 0 0 5 12 6 -13 6 
10 12 4 11 7 13 2 1 -11 -7 -10 4 12 1 -6 8 8 1 -7 -13 
12 3 9 2 2 3 7 -1 2 -7 -10 5 -7 -9 10 4 11 12 11 6 
7 12 -12 1 13 0 13 6 13 11 9 -11 9 2 0 12 5 0 4 -3 
10 5 2 5 12 2 6 2 0 10 9 6 0 12 -8 1 -9 9 9 -9 
11 8 6 11 12 11 1 8 4 9 11 10 3 4 7 2 4 13 0 13 
13 -7 -13 5 13 -6 10 8 11 0 7 7 9 -8 2 -12 0 1 1 12 
12 8 9 4 9 7 10 8 -7 10 -2 9 -8 -8 2 1 -2 1 0 11 
44
2
18 4
10 13
1 15
9 6
16
15 0 10
14 17 10
13 7 10
18 7 14
15 10 14
6 2 8
19 1 10
3 1 16
4 19 10
5 2 10
6 12 10
1 12 14
4 9 14
13 17 8
0 18 10
16 18 16
28
19 4
12 2
17 3
2 12
2 17
3 0
0 5
2 11
9 0
11 14
8 19
7 3
14 16
9 18
0 15
7 17
2 16
17 7
17 2
16 19
19 14
17 8
10 19
8 5
11 0
12 16
5 3
10 1
