20 20
5 -6 -1 11 9 4 13 8 -11 2 -6 13 15 12 -14 2 15 7 7 13 
6 -10 9 12 8 5 7 -9 -13 2 15 13 7 8 10 2 6 -6 11 10 
6 9 8 12 10 1 15 9 15 14 -14 2 14 16 -13 -16 3 7 13 17 
14 -8 -1 -1 2 1 -12 12 -8 -11 1 -9 8 4 2 12 1 -13 9 3 
0 17 6 -10 16 15 8 0 4 10 7 2 3 -14 5 -11 14 13 3 9 
-14 12 -1 6 12 6 7 4 -6 -14 -9 -10 3 15 13 7 10 13 7 3 
15 3 -12 10 10 7 6 -12 5 5 -8 17 1 -6 17 12 9 -9 8 -13 
6 2 -3 15 10 14 8 7 4 13 11 2 -17 -1 11 12 6 -14 -4 4 
0 -4 1 4 -5 14 -3 3 0 1 -17 17 -10 -8 15 13 5 14 -15 10 
-11 8 -17 -1 12 16 5 14 4 5 7 1 8 14 7 2 3 1 13 2 
2 13 1 3 2 7 14 8 1 7 5 4 14 5 16 12 -1 -17 8 -11 
10 -15 14 5 13 15 -8 -10 17 -17 1 0 3 -3 14 -5 4 1 -4 0 
4 -4 -14 6 12 11 -1 -17 2 11 13 4 7 8 14 10 15 -3 2 6 
-13 8 -9 9 12 17 -6 1 17 -8 5 5 -12 6 7 10 10 -12 3 15 
3 7 13 10 7 13 15 3 -10 -9 -14 -6 4 7 6 12 6 -1 12 -14 
9 3 13 14 -11 5 -14 3 2 7 10 4 0 8 15 16 -10 6 17 0 
3 9 -13 1 12 2 4 8 -9 1 -11 -8 12 -12 1 2 -1 -1 -8 14 
17 13 7 3 -16 -13 16 14 2 -14 14 15 9 15 1 10 12 8 9 6 
10 11 -6 6 2 10 8 7 13 15 2 -13 -9 7 5 8 12 9 -10 6 
13 7 7 15 2 -14 12 15 13 -6 2 -11 8 13 4 9 11 -1 -6 5 
47
6
2 1
10 17
0 16
0 8
14 6
7 18
17 18
9 2
19 3
19 11
5 13
12 1
8
13 3 8
10 3 11
16 14 16
14 7 12
6 16 8
9 16 11
3 5 16
5 12 12
28
16 5
13 18
17 12
15 3
12 14
1 5
15 9
10 19
10 7
1 3
11 7
15 18
16 15
18 3
3 14
6 1
2 7
4 16
7 5
18 14
4 10
9 0
9 12
18 16
8 12
4 1
3 4
1 16
