20 20
-3 13 16 1 13 -6 2 -3 7 10 0 -1 5 12 -4 5 17 0 14 8 
5 16 -10 15 -15 12 17 15 10 -8 2 -1 7 -11 11 12 17 10 -1 -15 
6 2 -15 17 7 11 16 -4 9 -10 16 12 16 5 13 3 17 14 9 -12 
9 -3 8 9 -7 -9 12 11 11 0 17 17 16 8 7 17 -17 4 -14 7 
1 8 15 16 0 7 14 7 11 -3 -7 0 -13 2 -12 2 -17 11 16 8 
5 16 14 12 16 4 -3 14 13 5 0 11 13 9 13 4 12 6 -9 -9 
13 7 15 3 -9 7 17 5 -15 -5 5 -4 11 13 2 9 -3 5 1 9 
2 16 16 10 12 12 7 1 10 5 15 4 -4 9 6 -3 3 -2 13 17 
-2 -4 8 15 13 7 17 12 6 -10 15 8 -4 8 7 0 -3 6 2 14 
4 -9 -15 1 15 8 3 -1 -7 14 5 8 3 16 -12 2 3 8 14 1 
1 14 8 3 2 -12 16 3 8 5 14 -7 -1 3 8 15 1 -15 -9 4 
14 2 6 -3 0 7 8 -4 8 15 -10 6 12 17 7 13 15 8 -4 -2 
17 13 -2 3 -3 6 9 -4 4 15 5 10 1 7 12 12 10 16 16 2 
9 1 5 -3 9 2 13 11 -4 5 -5 -15 5 17 7 -9 3 15 7 13 
-9 -9 6 12 4 13 9 13 11 0 5 13 14 -3 4 16 12 14 16 5 
8 16 11 -17 2 -12 2 -13 0 -7 -3 11 7 14 7 0 16 15 8 1 
7 -14 4 -17 17 7 8 16 17 17 0 11 11 12 -9 -7 9 8 -3 9 
-12 9 14 17 3 13 5 16 12 16 -10 9 -4 16 11 7 17 -15 2 6 
-15 -1 10 17 12 11 -11 7 -1 2 -8 10 15 17 12 -15 15 -10 16 5 
8 14 0 17 5 -4 12 5 -1 0 10 7 -3 2 -6 13 1 16 13 -3 
52
6
2 13
0 16
12 4
15 12
1 7
2 4
17 6
19 3
7 15
4 7
18 12
17 15
6
18 16 10
2 11 15
4 5 10
1 3 10
17 8 15
15 14 10
32
2 3
11 12
11 5
13 18
15 7
18 8
5 6
8 10
3 9
12 16
10 17
19 6
19 11
16 0
5 3
1 19
17 16
8 7
8 14
6 1
4 12
1 11
14 13
11 9
16 10
7 3
9 2
0 13
0 8
3 19
14 16
18 0
