20 20
4 -4 2 -4 5 -5 0 2 5 -2 2 -4 -6 -6 2 5 3 5 -5 1 
0 -2 3 -2 2 6 6 4 -1 -1 1 6 2 4 3 1 6 5 4 6 
4 6 4 6 5 -1 -5 6 1 5 -3 0 2 1 -1 3 4 4 1 5 
0 6 5 -6 1 2 2 4 -2 -3 -4 4 5 5 0 5 6 -5 4 0 
2 3 -5 -3 2 3 5 3 4 -5 1 5 3 3 3 1 3 6 2 -4 
-5 2 6 2 3 3 5 2 1 -1 1 2 1 -5 3 4 5 3 5 0 
5 2 1 1 5 6 2 -1 -5 2 0 -3 6 3 2 2 -3 4 0 3 
-3 4 5 -6 4 -3 -2 3 5 -5 3 3 -6 4 -2 6 -3 0 0 1 
6 2 4 0 6 -4 3 3 3 3 5 -1 2 1 4 6 1 6 -3 2 
6 6 -1 4 -5 6 6 4 1 1 1 -5 4 2 -2 -1 1 4 4 -4 
-4 4 4 1 -1 -2 2 4 -5 1 1 1 4 6 6 -5 4 -1 6 6 
2 -3 6 1 6 4 1 2 -1 5 3 3 3 3 -4 6 0 4 2 6 
1 0 0 -3 6 -2 4 -6 3 3 -5 5 3 -2 -3 4 -6 5 4 -3 
3 0 4 -3 2 2 3 6 -3 0 2 -5 -1 2 6 5 1 1 2 5 
0 5 3 5 4 3 -5 1 2 1 -1 1 2 5 3 3 2 6 2 -5 
-4 2 6 3 1 3 3 3 5 1 -5 4 3 5 3 2 -3 -5 3 2 
0 4 -5 6 5 0 5 5 4 -4 -3 -2 4 2 2 1 -6 5 6 0 
5 1 4 4 3 -1 1 2 0 -3 5 1 6 -5 -1 5 6 4 6 4 
6 4 5 6 1 3 4 2 6 1 -1 -1 4 6 6 2 -2 3 -2 0 
1 -5 5 3 5 2 -6 -6 -4 2 -2 5 2 0 -5 5 -4 2 -4 4 
50
6
12 9
15 2
4 2
3 7
4 5
19 0
7 10
4 17
15 17
16 12
15 14
0 19
12
3 5 13
19 15 8
5 7 16
19 3 13
11 8 12
2 14 16
16 14 13
0 4 8
14 12 16
0 16 13
8 11 12
17 5 16
34
14 15
2 1
15 18
12 17
4 18
3 6
12 8
13 11
19 8
4 9
12 4
2 15
8 4
14 3
5 8
1 5
18 12
5 4
17 18
4 1
7 2
15 1
16 13
7 11
6 8
0 11
15 10
7 15
17 4
11 15
5 16
14 11
18 14
1 7
