20 20
18 -4 0 -5 -12 10 1 16 14 13 11 1 10 6 -18 -10 12 0 17 10 
1 -11 7 4 3 6 0 1 14 -15 -17 -10 2 16 7 7 6 0 2 4 
6 -10 4 4 1 4 6 8 7 1 12 5 5 -13 5 -12 2 10 3 -14 
11 15 17 15 14 12 12 -3 18 2 9 9 10 0 11 6 10 -3 -12 15 
-15 14 -1 6 15 6 -13 1 9 -10 -2 13 13 13 17 13 14 13 8 17 
-3 15 3 18 -15 11 14 12 1 -11 7 7 -17 12 7 14 0 11 8 -9 
8 7 7 8 6 -4 3 1 11 1 11 15 16 6 12 -15 11 3 14 13 
5 14 -16 5 17 14 12 11 7 -9 9 -16 10 14 -15 18 -9 -5 17 -7 
-12 4 18 6 -3 7 18 -11 18 0 14 14 -4 18 11 17 1 18 -7 3 
-1 -13 12 -14 10 11 -14 18 9 6 -8 11 13 1 12 11 7 13 3 -2 
-2 3 13 7 11 12 1 13 11 -8 6 9 18 -14 11 10 -14 12 -13 -1 
3 -7 18 1 17 11 18 -4 14 14 0 18 -11 18 7 -3 6 18 4 -12 
-7 17 -5 -9 18 -15 14 10 -16 9 -9 7 11 12 14 17 5 -16 14 5 
13 14 3 11 -15 12 6 16 15 11 1 11 1 3 -4 6 8 7 7 8 
-9 8 11 0 14 7 12 -17 7 7 -11 1 12 14 11 -15 18 3 15 -3 
17 8 13 14 13 17 13 13 13 -2 -10 9 1 -13 6 15 6 -1 14 -15 
15 -12 -3 10 6 11 0 10 9 9 2 18 -3 12 12 14 15 17 15 11 
-14 3 10 2 -12 5 -13 5 5 12 1 7 8 6 4 1 4 4 -10 6 
4 2 0 6 7 7 16 2 -10 -17 -15 14 1 0 6 3 4 7 -11 1 
10 17 0 12 -10 -18 6 10 1 11 13 14 16 1 10 -12 -5 0 -4 18 
30
2
5 17
13 12
14 2
6 7
14
4 15 11
18 4 13
5 12 11
9 14 10
2 18 11
8 14 9
18 9 15
15 4 11
1 15 13
14 7 11
10 5 10
17 1 11
11 5 9
1 10 15
30
10 3
16 11
1 17
17 2
14 15
7 12
6 4
3 17
18 14
7 0
12 11
1 13
1 9
5 11
19 11
9 16
3 8
18 2
2 17
5 4
12 7
13 15
16 2
1 5
12 19
7 8
18 6
18 10
14 8
0 8
