20 20
24 12 15 11 23 28 10 -5 20 24 -1 25 20 25 -3 6 21 -3 -18 -22 
-27 -3 15 15 16 -11 -23 10 -24 -27 7 18 22 15 19 26 4 19 -16 21 
9 27 18 16 -3 26 25 20 27 25 -13 12 -27 5 9 4 15 18 15 6 
9 6 -1 25 6 5 -14 10 14 25 15 6 28 2 -25 -20 11 25 8 13 
12 -5 16 6 16 28 2 -23 24 9 14 0 27 23 -26 11 -20 -20 4 18 
21 13 10 -13 15 25 28 -6 1 22 14 16 27 1 -27 23 -2 24 0 14 
17 22 15 17 27 11 12 1 -5 -7 -20 -16 -9 16 18 11 21 3 20 -3 
15 22 27 2 23 23 17 -23 21 9 15 -8 5 0 9 -8 23 21 7 -24 
2 26 -20 14 5 3 2 5 -20 19 27 11 6 7 -8 3 14 16 13 -28 
26 16 22 3 9 -4 25 7 24 5 2 9 22 12 -26 20 21 -2 28 21 
21 28 -2 21 20 -26 12 22 9 2 5 24 7 25 -4 9 3 22 16 26 
-28 13 16 14 3 -8 7 6 11 27 19 -20 5 2 3 5 14 -20 26 2 
-24 7 21 23 -8 9 0 5 -8 15 9 21 -23 17 23 23 2 27 22 15 
-3 20 3 21 11 18 16 -9 -16 -20 -7 -5 1 12 11 27 17 15 22 17 
14 0 24 -2 23 -27 1 27 16 14 22 1 -6 28 25 15 -13 10 13 21 
18 4 -20 -20 11 -26 23 27 0 14 9 24 -23 2 28 16 6 16 -5 12 
13 8 25 11 -20 -25 2 28 6 15 25 14 10 -14 5 6 25 -1 6 9 
6 15 18 15 4 9 5 -27 12 -13 25 27 20 25 26 -3 16 18 27 9 
21 -16 19 4 26 19 15 22 18 7 -27 -24 10 -23 -11 16 15 15 -3 -27 
-22 -18 -3 21 6 -3 25 20 25 -1 24 20 -5 10 28 23 11 15 12 24 
35
8
1 6
0 4
16 3
2 3
11 4
19 7
3 7
6 5
18 13
19 15
3 16
17 16
8 15
0 12
16 12
13 14
12
19 0 13
7 9 16
9 13 8
5 12 9
17 7 11
10 16 13
0 19 13
12 10 16
10 6 8
14 7 9
2 12 11
9 3 13
30
7 16
15 9
2 8
5 7
5 17
13 12
0 16
9 17
16 0
18 8
8 13
3 0
3 9
5 3
1 9
12 3
4 10
17 11
14 12
14 2
6 7
19 3
10 2
3 19
1 11
11 6
16 19
16 10
14 16
18 10
