20 20
21 -6 -25 -9 -2 21 13 -21 -24 19 17 -7 25 -17 1 -19 3 18 18 1 
7 17 1 -13 1 16 6 13 18 -16 1 21 15 8 3 -3 5 24 5 12 
7 21 8 5 19 1 19 -19 2 8 24 25 14 -6 14 -2 1 6 15 6 
11 -23 18 -1 23 8 -17 -4 16 -23 4 9 22 10 11 8 16 20 1 -10 
16 9 -13 1 7 -16 12 13 12 5 8 -6 12 -5 8 23 -16 11 -10 2 
15 24 9 9 14 21 -21 23 8 11 -5 21 3 13 24 -23 1 -24 25 6 
-13 2 7 25 15 16 21 23 13 -10 -16 14 10 19 9 16 23 13 25 13 
-24 5 19 20 8 8 21 5 20 14 22 10 20 -17 2 -25 1 8 20 17 
-1 6 2 24 5 14 19 3 -14 5 22 24 -20 24 3 23 -9 -10 -9 24 
21 -24 4 13 19 4 19 -13 -3 -7 4 -23 -5 3 3 13 17 -9 6 0 
0 6 -9 17 13 3 3 -5 -23 4 -7 -3 -13 19 4 19 13 4 -24 21 
24 -9 -10 -9 23 3 24 -20 24 22 5 -14 3 19 14 5 24 2 6 -1 
17 20 8 1 -25 2 -17 20 10 22 14 20 5 21 8 8 20 19 5 -24 
13 25 13 23 16 9 19 10 14 -16 -10 13 23 21 16 15 25 7 2 -13 
6 25 -24 1 -23 24 13 3 21 -5 11 8 23 -21 21 14 9 9 24 15 
2 -10 11 -16 23 8 -5 12 -6 8 5 12 13 12 -16 7 1 -13 9 16 
-10 1 20 16 8 11 10 22 9 4 -23 16 -4 -17 8 23 -1 18 -23 11 
6 15 6 1 -2 14 -6 14 25 24 8 2 -19 19 1 19 5 8 21 7 
12 5 24 5 -3 3 8 15 21 1 -16 18 13 6 16 1 -13 1 17 7 
1 18 18 3 -19 1 -17 25 -7 17 19 -24 -21 13 21 -2 -9 -25 -6 21 
53
7
9 3
6 11
8 4
19 0
8 11
13 0
12 6
10 16
13 8
11 15
0 19
11 8
6 19
7 13
6
6 15 16
2 14 16
17 14 8
13 4 16
17 5 16
2 5 8
36
4 16
10 14
8 12
14 10
11 12
9 18
16 2
5 15
5 2
6 0
13 14
2 3
9 6
9 4
4 15
10 17
2 13
11 9
15 3
9 5
11 7
5 9
8 7
10 1
3 17
14 4
14 17
13 19
6 5
17 16
10 13
10 15
15 4
9 2
17 6
8 10
