20 20
2 -27 20 5 17 1 16 25 2 -3 -25 15 5 17 9 28 20 29 1 15 
7 -24 7 7 -19 -22 -4 22 25 25 28 15 15 2 -23 -16 9 28 26 2 
-9 -6 -6 -11 14 23 18 26 3 12 -3 0 16 30 -27 -27 16 11 1 -23 
-29 18 14 29 26 19 12 -15 20 20 6 8 28 27 18 -8 10 8 2 12 
5 -9 -11 -12 4 12 -30 10 22 -10 21 8 5 6 11 -23 4 -3 -27 12 
-24 -7 21 12 2 3 25 20 7 14 -25 30 22 13 27 11 15 22 24 -25 
26 -6 11 6 17 4 2 2 23 -4 20 17 7 -20 4 -19 2 2 7 3 
30 -14 29 -10 6 12 22 29 9 13 24 5 8 11 29 -12 25 29 30 13 
15 21 23 17 16 15 16 -12 -1 24 27 10 26 22 -30 7 17 25 -23 23 
12 9 23 28 -10 8 6 -1 25 -23 13 7 21 -2 3 -12 28 14 -3 29 
29 -3 14 28 -12 3 -2 21 7 13 -23 25 -1 6 8 -10 28 23 9 12 
23 -23 25 17 7 -30 22 26 10 27 24 -1 -12 16 15 16 17 23 21 15 
13 30 29 25 -12 29 11 8 5 24 13 9 29 22 12 6 -10 29 -14 30 
3 7 2 2 -19 4 -20 7 17 20 -4 23 2 2 4 17 6 11 -6 26 
-25 24 22 15 11 27 13 22 30 -25 14 7 20 25 3 2 12 21 -7 -24 
12 -27 -3 4 -23 11 6 5 8 21 -10 22 10 -30 12 4 -12 -11 -9 5 
12 2 8 10 -8 18 27 28 8 6 20 20 -15 12 19 26 29 14 18 -29 
-23 1 11 16 -27 -27 30 16 0 -3 12 3 26 18 23 14 -11 -6 -6 -9 
2 26 28 9 -16 -23 2 15 15 28 25 25 22 -4 -22 -19 7 7 -24 7 
15 1 29 20 28 9 17 5 15 -25 -3 2 25 16 1 17 5 20 -27 2 
50
2
17 0
15 2
2 19
4 17
8
13 19 16
15 14 10
7 13 8
3 14 16
6 0 16
4 5 10
12 6 8
16 5 16
32
2 11
5 4
18 13
15 8
9 6
3 4
17 15
8 13
6 18
12 17
4 3
10 17
14 1
19 4
19 2
17 19
17 8
14 15
1 6
4 11
10 13
16 15
2 4
11 6
13 1
7 2
15 16
9 2
5 18
0 15
0 17
2 0
