20 20
10 2 -6 10 2 4 9 7 -3 2 8 4 6 1 3 7 2 8 -10 2 
-1 4 4 3 3 8 1 9 -10 -5 8 4 10 -8 -10 -2 7 2 -4 1 
5 9 9 6 4 6 2 3 1 1 -2 8 2 4 2 8 8 7 1 8 
5 0 -2 -1 5 3 3 -5 4 6 8 -5 8 0 2 10 6 10 10 4 
1 2 6 9 2 3 3 -1 5 7 7 3 3 6 1 -6 6 -7 2 5 
-2 2 -10 7 6 7 9 9 7 -3 7 6 -9 -2 2 9 10 -3 -8 9 
5 6 4 -4 7 10 9 8 -6 -1 3 1 1 9 1 -6 -5 3 2 6 
-9 9 0 7 9 10 6 -8 -1 5 3 3 -2 3 9 -3 -6 8 -3 -5 
5 -7 3 10 8 7 4 7 4 0 -4 2 2 4 -9 5 7 9 6 4 
-1 1 0 7 5 7 7 1 1 2 -4 3 4 5 5 5 -10 10 -9 -8 
-8 -9 10 -10 5 5 5 4 3 -4 2 1 1 7 7 5 7 0 1 -1 
4 6 9 7 5 -9 4 2 2 -4 0 4 7 4 7 8 10 3 -7 5 
-5 -3 8 -6 -3 9 3 -2 3 3 5 -1 -8 6 10 9 7 0 9 -9 
6 2 3 -5 -6 1 9 1 1 3 -1 -6 8 9 10 7 -4 4 6 5 
9 -8 -3 10 9 2 -2 -9 6 7 -3 7 9 9 7 6 7 -10 2 -2 
5 2 -7 6 -6 1 6 3 3 7 7 5 -1 3 3 2 9 6 2 1 
4 10 10 6 10 2 0 8 -5 8 6 4 -5 3 3 5 -1 -2 0 5 
8 1 7 8 8 2 4 2 8 -2 1 1 3 2 6 4 6 9 9 5 
1 -4 2 7 -2 -10 -8 10 4 8 -5 -10 9 1 8 3 3 4 4 -1 
2 -10 8 2 7 3 1 6 4 8 2 -3 7 9 4 2 10 -6 2 10 
37
3
3 2
9 1
10 13
16 17
10 18
9 6
16
12 15 10
15 9 10
8 7 11
13 8 15
0 13 8
15 13 8
15 16 14
4 1 12
7 4 10
4 10 10
11 12 11
6 11 15
19 6 8
4 6 8
4 3 14
15 18 12
28
2 9
6 12
9 16
7 9
16 14
1 16
14 11
10 4
6 8
6 14
1 2
11 7
17 14
2 4
17 10
13 7
10 3
12 10
3 5
18 3
5 8
9 15
13 11
13 5
18 17
8 12
2 5
17 15
