20 20
19 -14 16 13 4 21 11 12 7 22 3 12 -1 -1 21 9 -3 16 11 -12 
15 16 11 19 18 2 -17 20 19 -10 1 11 1 10 5 -14 -10 1 21 9 
16 6 -20 2 9 21 10 2 14 20 4 17 15 15 -11 -15 11 -3 7 -11 
12 12 7 0 -22 22 18 18 17 22 -5 10 16 12 0 13 9 4 15 14 
6 10 8 19 2 10 -21 11 18 12 22 10 -15 9 -10 6 15 -2 -7 3 
0 20 0 -3 2 -8 7 -19 -16 16 1 21 16 1 -2 4 5 10 -3 11 
10 5 22 15 -9 22 18 20 -1 6 -14 21 10 -4 20 8 2 19 12 -18 
-20 11 22 -21 2 20 8 -18 7 0 -13 21 -19 8 13 1 18 13 -7 14 
18 0 6 11 5 16 6 3 13 6 0 11 21 -19 5 16 -21 -7 0 21 
21 19 17 15 22 4 -17 14 18 13 -8 16 22 3 1 -7 13 -14 -13 17 
17 -13 -14 13 -7 1 3 22 16 -8 13 18 14 -17 4 22 15 17 19 21 
21 0 -7 -21 16 5 -19 21 11 0 6 13 3 6 16 5 11 6 0 18 
14 -7 13 18 1 13 8 -19 21 -13 0 7 -18 8 20 2 -21 22 11 -20 
-18 12 19 2 8 20 -4 10 21 -14 6 -1 20 18 22 -9 15 22 5 10 
11 -3 10 5 4 -2 1 16 21 1 16 -16 -19 7 -8 2 -3 0 20 0 
3 -7 -2 15 6 -10 9 -15 10 22 12 18 11 -21 10 2 19 8 10 6 
14 15 4 9 13 0 12 16 10 -5 22 17 18 18 22 -22 0 7 12 12 
-11 7 -3 11 -15 -11 15 15 17 4 20 14 2 10 21 9 2 -20 6 16 
9 21 1 -10 -14 5 10 1 11 1 -10 19 20 -17 2 18 19 11 16 15 
-12 11 16 -3 9 21 -1 -1 12 3 22 7 12 11 21 4 13 16 -14 19 
55
4
4 7
15 1
11 3
17 7
15 12
4 18
8 16
2 12
8
12 14 14
10 12 12
2 18 15
19 3 11
7 5 14
9 7 12
17 1 15
0 16 11
30
4 0
11 2
13 8
19 16
0 11
16 7
0 1
1 2
3 1
8 4
13 3
12 7
18 11
6 1
17 5
15 19
8 17
6 11
0 3
19 8
3 12
19 18
18 17
16 18
11 15
6 16
7 12
1 8
13 18
2 14
