20 20
-26 -26 27 -28 18 9 23 16 7 0 -16 3 -21 -27 20 23 29 1 9 2 
23 19 29 -2 5 18 1 28 -19 28 -18 9 12 9 20 2 20 16 12 29 
21 21 6 18 23 -2 6 27 23 10 3 1 1 -14 5 -3 2 25 -11 12 
2 28 27 16 3 23 19 -28 16 -12 6 -2 -26 9 24 -27 6 21 1 11 
21 10 26 29 -1 16 7 9 6 -19 -17 -20 21 -12 22 -28 -29 -27 2 4 
-11 21 -10 14 0 12 14 9 27 11 6 22 2 28 28 -17 3 16 -27 10 
-22 20 24 20 21 -1 18 10 0 -13 -1 -17 5 -1 29 1 22 23 -27 4 
12 18 -1 21 6 -22 4 24 -23 14 16 -1 9 20 -8 8 4 3 23 14 
23 18 15 22 12 8 20 1 7 27 19 -14 13 23 17 21 5 8 13 -17 
12 -19 19 29 14 28 19 -27 3 -24 14 29 7 7 -15 -7 18 13 24 29 
29 24 13 18 -7 -15 7 7 29 14 -24 3 -27 19 28 14 29 19 -19 12 
-17 13 8 5 21 17 23 13 -14 19 27 7 1 20 8 12 22 15 18 23 
14 23 3 4 8 -8 20 9 -1 16 14 -23 24 4 -22 6 21 -1 18 12 
4 -27 23 22 1 29 -1 5 -17 -1 -13 0 10 18 -1 21 20 24 20 -22 
10 -27 16 3 -17 28 28 2 22 6 11 27 9 14 12 0 14 -10 21 -11 
4 2 -27 -29 -28 22 -12 21 -20 -17 -19 6 9 7 16 -1 29 26 10 21 
11 1 21 6 -27 24 9 -26 -2 6 -12 16 -28 19 23 3 16 27 28 2 
12 -11 25 2 -3 5 -14 1 1 3 10 23 27 6 -2 23 18 6 21 21 
29 12 16 20 2 20 9 12 9 -18 28 -19 28 1 18 5 -2 29 19 23 
2 9 1 29 23 20 -27 -21 3 -16 0 7 16 23 9 18 -28 27 -26 -26 
54
8
19 13
1 17
18 1
18 11
8 14
14 12
14 18
15 12
0 6
18 2
1 18
1 8
11 5
5 7
5 1
4 7
8
15 8 13
11 6 10
12 4 9
15 17 9
4 11 13
8 13 10
7 15 9
4 2 9
26
16 15
8 10
14 13
17 13
6 14
7 1
14 2
17 16
15 4
7 16
6 1
9 10
7 3
3 4
11 9
5 6
2 6
13 5
12 18
5 17
2 3
4 15
12 3
13 18
10 9
12 16
