20 20
13 -2 -10 4 13 18 8 -14 -18 7 1 -5 12 -9 1 2 10 3 11 5 
17 -7 9 5 6 -9 4 10 11 0 12 2 -14 4 -11 -9 7 0 2 -15 
10 18 17 -8 -15 9 5 18 15 -9 4 -2 17 15 -6 -2 13 12 7 -12 
1 15 8 1 15 1 -7 16 0 14 3 4 6 12 -3 16 8 4 5 -18 
6 17 5 -5 15 12 18 14 13 4 10 -7 2 1 13 -7 4 18 15 13 
-9 -7 17 -4 16 3 8 4 -15 -17 11 16 10 -11 13 10 2 5 11 -15 
16 -5 -9 -11 5 4 13 -18 4 -3 -5 10 -1 6 -9 2 14 18 18 -14 
18 4 -5 7 4 -7 -3 -17 3 12 3 5 9 14 -2 -2 3 15 -13 -7 
-11 8 1 -1 11 -9 11 3 17 18 -3 -2 11 15 10 15 -6 6 7 13 
10 -15 4 1 0 15 2 9 5 14 13 12 -3 10 11 18 8 1 13 13 
13 13 1 8 18 11 10 -3 12 13 14 5 9 2 15 0 1 4 -15 10 
13 7 6 -6 15 10 15 11 -2 -3 18 17 3 11 -9 11 -1 1 8 -11 
-7 -13 15 3 -2 -2 14 9 5 3 12 3 -17 -3 -7 4 7 -5 4 18 
-14 18 18 14 2 -9 6 -1 10 -5 -3 4 -18 13 4 5 -11 -9 -5 16 
-15 11 5 2 10 13 -11 10 16 11 -17 -15 4 8 3 16 -4 17 -7 -9 
13 15 18 4 -7 13 1 2 -7 10 4 13 14 18 12 15 -5 5 17 6 
-18 5 4 8 16 -3 12 6 4 3 14 0 16 -7 1 15 1 8 15 1 
-12 7 12 13 -2 -6 15 17 -2 4 -9 15 18 5 9 -15 -8 17 18 10 
-15 2 0 7 -9 -11 4 -14 2 12 0 11 10 4 -9 6 5 9 -7 17 
5 11 3 10 2 1 -9 12 -5 1 7 -18 -14 8 18 13 4 -10 -2 13 
31
3
11 2
5 11
0 15
8 17
14 8
19 4
12
8 19 8
7 14 12
6 3 11
14 18 10
4 1 8
17 1 16
11 0 8
12 5 12
13 16 11
5 1 10
15 18 8
2 18 16
38
14 15
3 1
3 8
19 3
18 6
13 7
19 12
12 6
14 3
4 14
12 4
9 6
15 13
3 13
1 19
19 11
19 1
15 2
4 15
5 4
16 18
16 11
0 16
1 13
6 12
0 7
7 13
5 16
15 5
7 15
10 13
4 6
16 6
18 0
0 8
0 18
4 17
15 4
