20 20
5 15 -6 14 17 14 2 -21 4 19 8 15 18 -15 -19 19 9 -12 16 8 
-1 1 14 21 19 10 1 3 -10 3 16 -2 17 -9 -3 1 11 5 13 17 
-12 -5 1 9 10 15 13 16 14 -4 -9 10 11 9 5 18 -8 -6 10 20 
-8 17 5 -9 4 8 10 8 0 13 -6 21 0 17 5 -6 18 21 14 16 
-4 4 8 13 17 19 9 1 -5 21 17 2 15 21 -17 20 16 -1 12 -17 
15 -13 21 4 21 -13 7 -7 15 7 7 14 8 13 13 10 3 17 8 -15 
-10 7 19 17 -9 -13 21 6 11 10 11 18 17 15 6 -1 6 18 17 20 
17 -9 11 1 5 -9 11 -12 1 11 21 19 14 19 9 -5 16 -2 3 -18 
12 -14 3 9 5 -6 21 13 3 17 20 19 8 11 6 2 6 7 20 11 
17 14 19 21 17 21 11 20 13 15 15 -15 9 15 8 12 19 9 8 -3 
-3 8 9 19 12 8 15 9 -15 15 15 13 20 11 21 17 21 19 14 17 
11 20 7 6 2 6 11 8 19 20 17 3 13 21 -6 5 9 3 -14 12 
-18 3 -2 16 -5 9 19 14 19 21 11 1 -12 11 -9 5 1 11 -9 17 
20 17 18 6 -1 6 15 17 18 11 10 11 6 21 -13 -9 17 19 7 -10 
-15 8 17 3 10 13 13 8 14 7 7 15 -7 7 -13 21 4 21 -13 15 
-17 12 -1 16 20 -17 21 15 2 17 21 -5 1 9 19 17 13 8 4 -4 
16 14 21 18 -6 5 17 0 21 -6 13 0 8 10 8 4 -9 5 17 -8 
20 10 -6 -8 18 5 9 11 10 -9 -4 14 16 13 15 10 9 1 -5 -12 
17 13 5 11 1 -3 -9 17 -2 16 3 -10 3 1 10 19 21 14 1 -1 
8 16 -12 9 19 -19 -15 18 15 8 19 4 -21 2 14 17 14 -6 15 5 
35
3
13 15
11 7
8 4
6 4
8 12
11 15
10
0 19 11
16 19 14
11 1 15
2 3 14
0 8 11
19 0 11
3 0 14
8 18 15
17 16 14
19 11 11
34
9 2
8 19
2 0
0 15
6 2
10 18
4 7
10 1
6 11
1 14
10 4
19 5
13 14
14 18
7 12
6 0
16 1
10 17
11 0
17 19
19 4
13 17
9 1
15 12
9 18
13 8
18 5
9 15
0 14
6 5
5 1
12 7
13 19
3 18
