20 20
6 17 16 -9 -1 15 0 8 -17 3 11 13 9 -1 3 14 5 -1 5 -18 
17 3 -15 4 18 -11 9 -13 2 17 14 18 4 14 17 5 -2 16 -17 16 
-12 14 4 16 13 15 15 7 2 1 -1 13 -12 10 7 15 15 -3 16 14 
18 4 -7 4 13 6 14 13 -6 13 10 4 16 -16 4 0 5 8 -18 17 
8 0 17 1 11 11 7 -13 -11 15 6 2 12 7 6 14 -15 0 10 5 
2 2 15 -16 8 1 9 14 -17 -3 8 9 4 9 16 17 17 5 -16 -7 
9 -1 12 16 3 1 13 16 10 4 -5 -3 -12 9 9 6 2 -14 -12 7 
4 -2 2 -2 -13 0 -17 -11 11 -18 11 1 8 1 -14 -10 1 10 -1 -5 
14 13 -11 -13 1 8 15 8 6 -15 4 16 15 16 -4 -9 11 7 12 3 
-11 14 1 12 -13 15 2 14 6 2 -2 16 13 -13 15 0 -9 -11 2 15 
15 2 -11 -9 0 15 -13 13 16 -2 2 6 14 2 15 -13 12 1 14 -11 
3 12 7 11 -9 -4 16 15 16 4 -15 6 8 15 8 1 -13 -11 13 14 
-5 -1 10 1 -10 -14 1 8 1 11 -18 11 -11 -17 0 -13 -2 2 -2 4 
7 -12 -14 2 6 9 9 -12 -3 -5 4 10 16 13 1 3 16 12 -1 9 
-7 -16 5 17 17 16 9 4 9 8 -3 -17 14 9 1 8 -16 15 2 2 
5 10 0 -15 14 6 7 12 2 6 15 -11 -13 7 11 11 1 17 0 8 
17 -18 8 5 0 4 -16 16 4 10 13 -6 13 14 6 13 4 -7 4 18 
14 16 -3 15 15 7 10 -12 13 -1 1 2 7 15 15 13 16 4 14 -12 
16 -17 16 -2 5 17 14 4 18 14 17 2 -13 9 -11 18 4 -15 3 17 
-18 5 -1 5 14 3 -1 9 13 11 3 -17 8 0 15 -1 -9 16 17 6 
34
8
6 4
11 12
12 17
17 12
19 4
17 19
18 5
18 7
13 15
8 7
7 2
2 7
0 15
2 0
1 14
1 12
8
15 7 8
12 5 13
3 17 11
5 12 14
4 12 8
7 14 13
16 2 11
14 7 14
36
12 18
13 1
16 7
7 6
2 17
4 19
8 5
7 10
9 5
1 7
6 2
14 5
19 7
3 9
6 5
12 8
15 12
7 5
7 1
6 18
3 12
12 13
17 2
15 0
11 14
12 9
10 14
18 12
13 17
5 14
0 12
16 10
13 14
7 11
4 7
12 14
