20 20
5 4 0 4 -2 -1 -11 -3 3 -2 1 -5 0 -3 8 11 4 -10 5 -8 
-5 -3 1 7 8 6 9 -9 -9 2 6 3 -1 4 5 -7 4 -3 9 8 
11 10 5 6 4 -1 4 3 -3 -6 -5 7 9 -6 8 5 1 1 -8 7 
-2 -11 -7 11 0 9 4 -5 2 0 4 8 2 9 2 -9 4 8 6 -10 
-9 1 3 6 -11 10 3 10 11 4 5 2 8 11 -8 1 11 -5 5 5 
6 8 4 10 5 7 -4 6 5 -9 1 6 10 9 4 6 4 -5 8 -5 
0 3 10 -8 9 8 -9 -6 10 6 7 3 0 -3 9 4 -7 4 7 4 
10 8 9 5 5 1 9 9 1 10 -9 2 1 4 2 10 3 10 7 -1 
-1 1 -6 4 1 4 7 -2 1 1 0 4 -11 6 2 1 4 -10 7 -2 
-11 -1 1 9 -11 -7 -9 10 1 0 -2 10 -6 7 2 10 -6 7 2 9 
9 2 7 -6 10 2 7 -6 10 -2 0 1 10 -9 -7 -11 9 1 -1 -11 
-2 7 -10 4 1 2 6 -11 4 0 1 1 -2 7 4 1 4 -6 1 -1 
-1 7 10 3 10 2 4 1 2 -9 10 1 9 9 1 5 5 9 8 10 
4 7 4 -7 4 9 -3 0 3 7 6 10 -6 -9 8 9 -8 10 3 0 
-5 8 -5 4 6 4 9 10 6 1 -9 5 6 -4 7 5 10 4 8 6 
5 5 -5 11 1 -8 11 8 2 5 4 11 10 3 10 -11 6 3 1 -9 
-10 6 8 4 -9 2 9 2 8 4 0 2 -5 4 9 0 11 -7 -11 -2 
7 -8 1 1 5 8 -6 9 7 -5 -6 -3 3 4 -1 4 6 5 10 11 
8 9 -3 4 -7 5 4 -1 3 6 2 -9 -9 9 6 8 7 1 -3 -5 
-8 5 -10 4 11 8 -3 0 -5 1 -2 3 -3 -11 -1 -2 4 0 4 5 
42
5
1 12
7 3
9 8
1 10
11 10
18 7
12 16
10 11
18 9
8 9
8
16 6 15
14 5 16
2 9 16
0 10 12
3 13 15
5 14 16
17 10 16
19 9 12
28
16 8
10 7
6 8
14 10
7 4
17 1
1 0
13 9
11 15
6 3
5 3
18 16
2 15
10 14
3 11
9 12
13 11
5 9
12 15
2 18
18 19
6 10
8 4
13 16
14 16
1 3
17 4
9 5
