20 20
12 -8 11 -15 19 27 12 6 3 1 14 13 -14 24 19 4 -22 26 -17 -15 
8 12 -9 23 26 5 15 4 25 19 -11 23 10 1 21 11 -13 6 12 9 
-6 13 21 -8 -23 20 18 24 18 6 23 23 16 13 12 2 17 12 -12 -26 
21 20 -17 8 7 24 3 19 1 6 25 21 -21 6 -27 18 18 4 17 4 
9 3 3 28 -7 -2 16 23 3 12 26 -5 23 -2 4 2 8 -28 10 27 
8 -11 28 19 2 -22 1 5 -17 -18 6 -15 24 3 24 26 6 7 -28 16 
14 18 24 3 -6 3 8 5 20 5 9 28 24 -28 5 18 20 3 -20 10 
15 -20 25 -28 3 -21 2 5 2 22 14 -7 12 15 -8 1 8 -26 -25 28 
-10 -19 4 2 11 -18 9 -18 -23 -5 1 3 2 17 3 11 27 -1 5 5 
-9 26 16 1 -25 9 -3 16 11 18 14 4 27 7 23 0 17 12 21 15 
15 21 12 17 0 23 7 27 4 14 18 11 16 -3 9 -25 1 16 26 -9 
5 5 -1 27 11 3 17 2 3 1 -5 -23 -18 9 -18 11 2 4 -19 -10 
28 -25 -26 8 1 -8 15 12 -7 14 22 2 5 2 -21 3 -28 25 -20 15 
10 -20 3 20 18 5 -28 24 28 9 5 20 5 8 3 -6 3 24 18 14 
16 -28 7 6 26 24 3 24 -15 6 -18 -17 5 1 -22 2 19 28 -11 8 
27 10 -28 8 2 4 -2 23 -5 26 12 3 23 16 -2 -7 28 3 3 9 
4 17 4 18 18 -27 6 -21 21 25 6 1 19 3 24 7 8 -17 20 21 
-26 -12 12 17 2 12 13 16 23 23 6 18 24 18 20 -23 -8 21 13 -6 
9 12 6 -13 11 21 1 10 23 -11 19 25 4 15 5 26 23 -9 12 8 
-15 -17 26 -22 4 19 24 -14 13 14 1 3 6 12 27 19 -15 11 -8 12 
46
5
12 16
11 6
9 5
18 12
17 8
7 3
8 13
10 14
1 7
2 11
18
8 4 15
8 7 10
3 5 13
4 16 13
0 6 13
16 7 9
0 16 10
16 0 9
11 2 8
11 15 15
11 12 10
16 14 13
15 3 13
19 13 13
3 12 9
19 3 10
3 19 9
8 17 8
34
15 9
2 7
13 18
1 17
19 15
16 5
9 17
7 19
15 18
12 5
13 11
6 13
8 0
12 15
7 2
4 14
8 2
4 10
17 12
6 1
18 2
0 4
3 14
10 2
12 0
4 1
7 14
6 8
13 6
11 19
7 4
12 17
15 5
11 17
