20 20
8 9 6 4 -5 7 10 10 -7 -8 3 12 11 -12 7 7 -12 5 -5 1 
1 11 -7 1 6 3 6 10 5 2 5 11 1 1 12 -2 8 8 10 -2 
1 -7 4 11 -9 13 -10 7 -1 1 4 6 -6 8 6 1 7 5 -3 -7 
9 -2 4 8 8 -11 -4 -2 6 4 9 3 2 3 7 11 4 -2 6 8 
3 -8 6 3 13 0 9 11 8 13 13 6 9 7 -12 7 6 -1 2 6 
8 7 -8 8 5 2 8 6 0 10 10 2 11 13 3 12 -13 8 -2 4 
7 -12 4 10 -12 10 -1 9 6 0 6 -10 4 0 7 7 12 10 -3 5 
13 10 4 -10 -4 5 -2 -12 -5 9 6 12 13 11 9 -1 -9 -7 4 3 
5 0 5 3 13 12 13 2 13 0 9 0 10 1 9 8 13 2 2 -11 
1 -9 -12 2 6 -4 5 -12 6 4 12 11 -9 -13 -3 8 9 13 -2 12 
12 -2 13 9 8 -3 -13 -9 11 12 4 6 -12 5 -4 6 2 -12 -9 1 
-11 2 2 13 8 9 1 10 0 9 0 13 2 13 12 13 3 5 0 5 
3 4 -7 -9 -1 9 11 13 12 6 9 -5 -12 -2 5 -4 -10 4 10 13 
5 -3 10 12 7 7 0 4 -10 6 0 6 9 -1 10 -12 10 4 -12 7 
4 -2 8 -13 12 3 13 11 2 10 10 0 6 8 2 5 8 -8 7 8 
6 2 -1 6 7 -12 7 9 6 13 13 8 11 9 0 13 3 6 -8 3 
8 6 -2 4 11 7 3 2 3 9 4 6 -2 -4 -11 8 8 4 -2 9 
-7 -3 5 7 1 6 8 -6 6 4 1 -1 7 -10 13 -9 11 4 -7 1 
-2 10 8 8 -2 12 1 1 11 5 2 5 10 6 3 6 1 -7 11 1 
1 -5 5 -12 7 7 -12 11 12 3 -8 -7 10 10 7 -5 4 6 9 8 
52
8
9 12
2 15
15 5
11 9
1 13
1 14
8 19
3 0
10 7
17 4
4 14
8 10
18 6
18 5
11 0
16 19
16
18 3 9
6 11 15
15 4 15
18 12 16
0 4 10
7 6 12
12 6 12
2 7 10
1 16 9
13 8 15
4 15 15
1 7 16
19 15 10
12 13 12
7 13 12
17 12 10
30
16 17
18 4
13 9
1 10
0 7
12 11
8 3
9 1
12 2
14 15
8 7
14 0
13 12
4 9
19 2
3 2
1 15
6 10
18 9
19 12
7 8
11 16
10 18
7 17
5 4
11 12
5 19
6 7
15 10
0 17
