20 20
-9 -14 1 -6 16 8 -4 22 21 17 23 19 1 5 21 14 -11 6 -19 25 
3 12 13 -17 -3 24 25 26 13 -3 11 24 10 -23 7 -2 25 15 16 -18 
24 9 4 12 21 23 13 19 26 -17 2 8 -24 1 17 11 -23 -4 19 12 
11 4 13 5 7 16 7 10 19 -10 13 -22 18 -11 16 16 18 18 7 -21 
13 5 6 14 15 3 4 3 23 21 5 15 18 1 5 6 -8 -26 19 18 
-16 -21 10 4 12 1 -14 24 23 11 15 12 12 7 22 9 17 -16 26 26 
8 4 20 22 22 2 22 5 12 5 23 -9 5 11 21 10 21 13 8 11 
4 -7 -14 -24 -5 -25 26 19 2 -21 8 -19 -16 -11 25 26 17 8 7 10 
25 25 -20 9 18 15 20 6 -9 12 12 5 8 7 15 -26 -18 -18 20 14 
-23 8 4 24 -4 10 6 15 26 19 3 19 26 15 1 12 11 19 5 23 
23 5 19 11 12 1 15 26 19 3 19 26 15 6 10 -4 24 4 8 -23 
14 20 -18 -18 -26 15 7 8 5 12 12 -9 6 20 15 18 9 -20 25 25 
10 7 8 17 26 25 -11 -16 -19 8 -21 2 19 26 -25 -5 -24 -14 -7 4 
11 8 13 21 10 21 11 5 -9 23 5 12 5 22 2 22 22 20 4 8 
26 26 -16 17 9 22 7 12 12 15 11 23 24 -14 1 12 4 10 -21 -16 
18 19 -26 -8 6 5 1 18 15 5 21 23 3 4 3 15 14 6 5 13 
-21 7 18 18 16 16 -11 18 -22 13 -10 19 10 7 16 7 5 13 4 11 
12 19 -4 -23 11 17 1 -24 8 2 -17 26 19 13 23 21 12 4 9 24 
-18 16 15 25 -2 7 -23 10 24 11 -3 13 26 25 24 -3 -17 13 12 3 
25 -19 6 -11 14 21 5 1 19 23 17 21 22 -4 8 16 -6 1 -14 -9 
58
3
13 7
14 4
1 8
6 12
5 15
18 11
14
8 4 11
13 8 10
5 8 11
9 17 16
16 5 15
10 13 14
19 12 8
11 15 11
6 11 10
14 11 11
10 2 16
3 14 15
9 6 14
0 7 8
36
0 4
16 9
0 5
3 7
9 19
3 0
15 11
17 18
15 8
11 1
1 12
12 11
17 13
10 16
3 16
4 16
6 2
19 2
19 15
3 10
19 14
16 12
10 0
16 19
4 8
2 1
4 11
8 18
18 7
7 8
2 6
9 3
16 3
15 3
13 17
0 17
