20 20
0 -3 -1 0 1 -3 1 1 0 2 1 1 0 1 0 0 -2 0 2 2 
3 1 2 3 2 1 3 -1 3 1 3 2 2 0 -2 2 -3 2 2 0 
2 3 1 3 2 1 2 1 -3 0 1 -1 3 2 3 0 -3 0 -1 0 
1 -1 -1 2 0 0 1 1 -2 2 2 0 0 1 1 2 1 -1 1 3 
3 0 0 3 3 3 -1 3 0 2 1 1 2 3 2 0 3 2 3 3 
3 3 1 1 2 3 3 1 3 2 -2 -1 0 2 3 0 2 1 2 3 
0 0 -2 1 0 2 -1 2 2 2 2 3 2 -3 -3 -3 1 -2 1 0 
1 1 3 1 3 -2 3 2 -1 3 -3 3 1 1 1 2 -2 3 3 -2 
0 0 2 3 1 2 2 0 3 1 2 2 1 2 2 -3 3 2 0 0 
2 3 0 1 2 3 3 1 3 1 3 0 -2 -1 0 3 3 1 2 -3 
-3 2 1 3 3 0 -1 -2 0 3 1 3 1 3 3 2 1 0 3 2 
0 0 2 3 -3 2 2 1 2 2 1 3 0 2 2 1 3 2 0 0 
-2 3 3 -2 2 1 1 1 3 -3 3 -1 2 3 -2 3 1 3 1 1 
0 1 -2 1 -3 -3 -3 2 3 2 2 2 2 -1 2 0 1 -2 0 0 
3 2 1 2 0 3 2 0 -1 -2 2 3 1 3 3 2 1 1 3 3 
3 3 2 3 0 2 3 2 1 1 2 0 3 -1 3 3 3 0 0 3 
3 1 -1 1 2 1 1 0 0 2 2 -2 1 1 0 0 2 -1 -1 1 
0 -1 0 -3 0 3 2 3 -1 1 0 -3 1 2 1 2 3 1 3 2 
0 2 2 -3 2 -2 0 2 2 3 1 3 -1 3 1 2 3 2 1 3 
2 2 0 -2 0 0 1 0 1 1 2 0 1 1 -3 1 0 -1 -3 0 
56
3
5 11
14 5
16 10
14 8
5 14
3 9
6
17 11 13
10 11 13
10 1 16
2 8 13
9 8 13
9 18 16
36
9 7
8 3
1 10
3 1
12 9
3 14
16 14
14 17
10 18
10 13
15 1
15 3
3 7
4 8
18 1
19 15
1 11
8 11
10 12
11 16
18 9
16 18
7 10
16 5
3 5
5 2
9 1
9 6
4 18
4 16
16 12
15 11
1 18
0 4
18 8
11 8
