20 20
4 -12 5 11 16 11 -16 12 2 6 -5 0 15 -16 3 14 -9 -13 14 10 
-3 0 10 6 -13 16 -3 -15 12 16 15 -5 -12 -9 -16 13 -5 16 1 15 
13 7 16 3 2 6 10 11 10 12 6 10 10 9 3 14 5 8 11 6 
7 9 -15 -4 -10 14 -9 8 -3 0 -10 1 4 2 13 8 -15 5 6 15 
15 13 7 10 8 7 2 6 3 -1 6 4 4 -8 12 7 10 10 5 10 
0 8 2 -11 1 -14 15 14 5 13 8 4 -6 -8 5 -16 -11 5 -7 11 
-13 16 12 0 4 -9 -11 -13 16 16 15 12 -3 -12 -15 14 6 5 12 6 
11 6 3 -1 13 -16 16 11 3 12 12 15 10 13 5 7 -4 13 12 -6 
-2 -4 12 10 4 16 -13 12 -1 16 1 -5 10 9 15 6 7 -5 2 2 
-11 9 9 -12 6 1 -3 11 -13 2 16 9 -7 -7 16 14 3 10 -8 7 
7 -8 10 3 14 16 -7 -7 9 16 2 -13 11 -3 1 6 -12 9 9 -11 
2 2 -5 7 6 15 9 10 -5 1 16 -1 12 -13 16 4 10 12 -4 -2 
-6 12 13 -4 7 5 13 10 15 12 12 3 11 16 -16 13 -1 3 6 11 
6 12 5 6 14 -15 -12 -3 12 15 16 16 -13 -11 -9 4 0 12 16 -13 
11 -7 5 -11 -16 5 -8 -6 4 8 13 5 14 15 -14 1 -11 2 8 0 
10 5 10 10 7 12 -8 4 4 6 -1 3 6 2 7 8 10 7 13 15 
15 6 5 -15 8 13 2 4 1 -10 0 -3 8 -9 14 -10 -4 -15 9 7 
6 11 8 5 14 3 9 10 10 6 12 10 11 10 6 2 3 16 7 13 
15 1 16 -5 13 -16 -9 -12 -5 15 16 12 -15 -3 16 -13 6 10 0 -3 
10 14 -13 -9 14 3 -16 15 0 -5 6 2 12 -16 11 16 11 5 -12 4 
46
7
6 7
10 15
9 2
2 18
16 4
18 8
10 6
13 12
9 4
10 17
17 1
3 15
1 11
9 13
18
13 11 11
11 17 16
19 2 16
1 15 15
17 13 8
11 1 9
0 5 16
18 15 14
17 9 14
6 8 11
8 2 16
0 17 16
18 4 15
2 6 8
8 18 9
19 14 16
1 4 14
2 10 14
36
19 17
12 13
16 7
3 16
7 13
2 5
17 6
4 15
2 16
6 18
13 7
19 6
16 18
4 16
10 2
1 0
15 6
16 6
0 2
7 6
3 12
16 3
12 6
17 14
2 13
15 4
17 3
13 1
6 12
0 13
3 1
15 3
9 17
18 19
4 13
3 13
