20 20
3 4 1 2 1 3 4 2 -4 4 1 4 1 3 2 0 4 -4 -1 1 
2 -4 0 -4 1 4 -1 1 2 -4 -3 4 4 3 0 1 3 -1 2 2 
4 -4 3 -2 -4 0 -2 0 0 2 3 2 -2 -3 2 1 1 -4 0 0 
0 3 1 3 3 2 4 2 2 1 0 0 -4 4 -1 -1 -1 -2 2 1 
-1 -4 2 0 4 -2 1 2 0 4 4 0 -4 -1 -2 4 -2 -4 4 -4 
-2 -2 2 0 1 2 2 1 4 1 3 -1 1 -1 3 4 1 2 3 3 
0 1 0 4 1 2 2 4 3 2 4 1 3 4 2 -1 -3 0 2 -1 
3 3 -4 -1 2 3 4 3 0 1 2 3 -4 -2 0 0 1 0 2 4 
-4 -2 0 3 3 -1 0 3 3 4 3 4 -3 0 1 0 3 1 -1 2 
2 1 -1 -3 4 1 -4 1 -1 3 2 2 4 3 1 -4 -2 -4 0 0 
0 0 -4 -2 -4 1 3 4 2 2 3 -1 1 -4 1 4 -3 -1 1 2 
2 -1 1 3 0 1 0 -3 4 3 4 3 3 0 -1 3 3 0 -2 -4 
4 2 0 1 0 0 -2 -4 3 2 1 0 3 4 3 2 -1 -4 3 3 
-1 2 0 -3 -1 2 4 3 1 4 2 3 4 2 2 1 4 0 1 0 
3 3 2 1 4 3 -1 1 -1 3 1 4 1 2 2 1 0 2 -2 -2 
-4 4 -4 -2 4 -2 -1 -4 0 4 4 0 2 1 -2 4 0 2 -4 -1 
1 2 -2 -1 -1 -1 4 -4 0 0 1 2 2 4 2 3 3 1 3 0 
0 0 -4 1 1 2 -3 -2 2 3 2 0 0 -2 0 -4 -2 3 -4 4 
2 2 -1 3 1 0 3 4 4 -3 -4 2 1 -1 4 1 -4 0 -4 2 
1 -1 -4 4 0 2 3 1 4 1 4 -4 2 4 3 1 2 1 4 3 
40
5
17 8
11 18
14 1
8 13
19 1
2 11
8 1
5 18
11 6
0 18
6
10 19 8
4 12 12
18 15 16
9 0 8
15 7 12
1 4 16
28
14 16
0 9
4 10
6 2
1 18
4 15
13 2
18 8
9 7
4 11
2 13
6 4
6 11
19 4
5 3
19 10
15 9
13 17
18 1
15 4
6 17
1 11
10 12
15 8
17 6
13 15
13 8
0 15
