20 20
0 1 -2 -5 1 -5 7 5 2 7 0 6 7 -3 1 -1 5 4 0 1 
3 0 -4 1 1 1 -1 6 2 -1 6 4 4 3 4 -2 3 4 -3 6 
1 1 6 -7 7 1 7 4 -4 2 -6 5 7 -3 4 7 3 3 5 6 
7 4 7 2 3 -7 0 1 7 -7 1 1 6 7 3 -3 -3 1 5 5 
-3 -7 4 -5 -4 2 3 5 0 7 -2 6 3 -1 5 -1 4 7 -7 1 
-1 1 4 7 3 4 3 7 -3 -7 -4 3 0 7 1 4 -1 2 7 7 
0 4 7 3 0 4 0 -5 6 -2 1 3 1 2 7 7 7 2 7 1 
0 3 1 0 6 -7 -4 2 0 -1 5 4 -4 6 7 6 0 6 1 6 
1 4 4 1 -1 6 4 1 0 2 7 3 1 0 7 7 4 5 5 -3 
2 -1 2 5 7 4 2 4 1 5 3 0 2 1 4 4 -4 1 0 6 
6 0 1 -4 4 4 1 2 0 3 5 1 4 2 4 7 5 2 -1 2 
-3 5 5 4 7 7 0 1 3 7 2 0 1 4 6 -1 1 4 4 1 
6 1 6 0 6 7 6 -4 4 5 -1 0 2 -4 -7 6 0 1 3 0 
1 7 2 7 7 7 2 1 3 1 -2 6 -5 0 4 0 3 7 4 0 
7 7 2 -1 4 1 7 0 3 -4 -7 -3 7 3 4 3 7 4 1 -1 
1 -7 7 4 -1 5 -1 3 6 -2 7 0 5 3 2 -4 -5 4 -7 -3 
5 5 1 -3 -3 3 7 6 1 1 -7 7 1 0 -7 3 2 7 4 7 
6 5 3 3 7 4 -3 7 5 -6 2 -4 4 7 1 7 -7 6 1 1 
6 -3 4 3 -2 4 3 4 4 6 -1 2 6 -1 1 1 1 -4 0 3 
1 0 4 5 -1 1 -3 7 6 0 7 2 5 7 -5 1 -5 -2 1 0 
36
6
7 9
10 12
10 11
8 13
6 11
16 18
12 10
9 7
9 8
11 6
13 8
3 1
12
2 12 9
18 15 13
15 17 11
17 18 8
5 18 8
11 0 10
17 7 9
1 4 13
4 2 11
2 1 8
14 1 8
8 19 10
26
5 14
17 5
18 6
4 13
4 1
11 12
13 12
11 18
16 9
0 5
10 9
11 16
10 16
14 5
2 14
1 13
15 6
15 18
8 7
6 7
8 1
3 10
19 14
9 10
8 3
9 3
