20 20
14 10 7 -9 14 10 0 11 5 1 11 3 -14 14 -6 12 7 11 -16 5 
15 -17 14 -14 17 8 8 6 7 8 7 15 5 -3 11 11 13 17 1 4 
14 -1 -14 0 11 1 -7 14 8 4 2 -15 8 13 8 4 8 11 14 -13 
10 12 -12 -6 13 8 12 14 0 7 3 8 -10 3 -3 9 -8 11 -11 7 
14 -15 6 6 2 -3 -6 -9 17 -6 13 9 1 -8 9 -13 1 -10 -2 0 
8 9 14 2 14 14 15 9 4 16 -17 9 13 16 -6 11 5 14 12 -12 
12 16 -9 7 14 -5 12 17 -9 10 10 2 -9 -12 13 2 -13 -3 7 -13 
-11 16 -17 6 7 5 -3 1 11 4 11 11 -11 3 6 8 11 7 -5 11 
14 -16 8 -17 16 4 8 10 0 1 7 6 16 4 15 6 14 11 0 10 
12 1 9 -9 13 11 2 14 17 13 2 -10 6 11 -5 14 1 -16 11 7 
7 11 -16 1 14 -5 11 6 -10 2 13 17 14 2 11 13 -9 9 1 12 
10 0 11 14 6 15 4 16 6 7 1 0 10 8 4 16 -17 8 -16 14 
11 -5 7 11 8 6 3 -11 11 11 4 11 1 -3 5 7 6 -17 16 -11 
-13 7 -3 -13 2 13 -12 -9 2 10 10 -9 17 12 -5 14 7 -9 16 12 
-12 12 14 5 11 -6 16 13 9 -17 16 4 9 15 14 14 2 14 9 8 
0 -2 -10 1 -13 9 -8 1 9 13 -6 17 -9 -6 -3 2 6 6 -15 14 
7 -11 11 -8 9 -3 3 -10 8 3 7 0 14 12 8 13 -6 -12 12 10 
-13 14 11 8 4 8 13 8 -15 2 4 8 14 -7 1 11 0 -14 -1 14 
4 1 17 13 11 11 -3 5 15 7 8 7 6 8 8 17 -14 14 -17 15 
5 -16 11 7 12 -6 14 -14 3 11 1 5 11 0 10 14 -9 7 10 14 
32
6
10 2
1 4
6 18
19 12
0 17
5 18
9 17
18 15
13 1
0 7
19 2
14 1
14
17 0 12
14 17 16
11 2 14
11 17 12
9 0 10
1 18 16
19 3 15
2 19 12
5 2 16
8 17 14
8 2 12
10 19 10
18 1 16
0 16 15
26
17 19
10 12
11 9
16 10
15 16
11 13
18 5
12 4
8 19
1 8
19 11
8 18
18 12
2 0
9 7
8 10
3 9
4 3
8 6
1 14
7 15
11 0
18 11
0 8
11 1
1 7
