20 20
0 0 -17 18 20 1 4 -8 23 17 2 -3 4 12 9 10 -24 4 11 0 
0 19 -15 -6 9 19 2 -16 0 5 -20 17 7 23 3 6 -18 4 -19 10 
18 5 24 9 -21 21 22 -7 -7 17 -9 3 5 13 5 11 3 20 4 16 
21 12 23 21 -24 -8 3 20 -13 11 6 -21 18 11 -3 10 7 12 -16 15 
-15 2 5 13 -23 18 21 12 2 -2 -10 7 14 17 -1 22 -11 2 10 8 
3 17 11 7 16 24 19 12 6 8 4 -10 13 1 6 12 22 12 15 23 
1 22 0 15 23 -14 17 -2 10 17 -19 5 23 20 15 -24 18 9 -5 4 
1 10 22 22 5 22 -3 3 10 15 -7 -12 -9 18 22 14 19 21 -20 18 
5 6 8 19 4 12 10 7 -3 0 -24 2 -4 21 6 8 -21 -1 17 -10 
-8 1 -13 -16 5 5 16 9 0 2 20 -6 10 8 -17 -16 11 6 3 18 
18 3 6 11 -16 -17 8 10 -6 20 2 0 9 16 5 5 -16 -13 1 -8 
-10 17 -1 -21 8 6 21 -4 2 -24 0 -3 7 10 12 4 19 8 6 5 
18 -20 21 19 14 22 18 -9 -12 -7 15 10 3 -3 22 5 22 22 10 1 
4 -5 9 18 -24 15 20 23 5 -19 17 10 -2 17 -14 23 15 0 22 1 
23 15 12 22 12 6 1 13 -10 4 8 6 12 19 24 16 7 11 17 3 
8 10 2 -11 22 -1 17 14 7 -10 -2 2 12 21 18 -23 13 5 2 -15 
15 -16 12 7 10 -3 11 18 -21 6 11 -13 20 3 -8 -24 21 23 12 21 
16 4 20 3 11 5 13 5 3 -9 17 -7 -7 22 21 -21 9 24 5 18 
10 -19 4 -18 6 3 23 7 17 -20 5 0 -16 2 19 9 -6 -15 19 0 
0 11 4 -24 10 9 12 4 -3 2 17 23 -8 4 1 20 18 -17 0 0 
44
5
6 1
10 7
11 13
5 8
13 16
13 18
9 12
8 6
14 11
6 3
14
15 11 11
14 1 13
1 10 9
15 9 16
6 14 10
4 13 9
1 4 13
4 8 11
5 18 13
18 9 9
4 10 16
13 5 10
15 6 9
18 15 13
30
3 10
19 5
19 16
2 6
12 9
17 5
11 9
8 3
2 19
12 17
13 0
14 19
10 8
13 6
8 5
16 9
0 14
0 3
17 13
7 10
2 14
8 10
11 16
17 0
7 2
6 19
5 0
9 11
6 13
11 14
