20 20
5 -16 18 2 16 -21 16 0 18 17 16 26 13 26 14 5 24 11 23 -10 
-19 11 -25 25 5 12 27 1 19 24 24 -11 17 23 -11 -21 6 -26 21 25 
26 14 -14 11 20 -10 18 5 -17 9 -1 1 19 18 -14 -16 10 -26 27 8 
-21 7 4 11 12 -21 -5 18 -22 1 21 -23 22 23 -9 -11 -21 -7 -16 11 
-2 -1 7 -8 -2 20 17 -2 -10 1 4 7 11 19 4 8 26 21 23 -14 
21 -27 9 -10 -19 22 20 23 -26 14 23 18 16 -2 16 0 -23 20 17 15 
10 -11 -12 -7 5 4 23 -26 17 -20 -27 0 12 -4 19 1 1 1 -20 2 
23 18 6 23 1 4 22 15 23 15 13 21 -7 11 1 -27 -14 3 26 16 
27 9 20 1 -20 8 4 -24 20 13 7 19 26 22 22 21 18 -6 5 19 
-3 2 14 13 19 -16 16 8 -6 17 10 -27 -6 18 2 6 12 19 17 25 
25 17 19 12 6 2 18 -6 -27 10 17 -6 8 16 -16 19 13 14 2 -3 
19 5 -6 18 21 22 22 26 19 7 13 20 -24 4 8 -20 1 20 9 27 
16 26 3 -14 -27 1 11 -7 21 13 15 23 15 22 4 1 23 6 18 23 
2 -20 1 1 1 19 -4 12 0 -27 -20 17 -26 23 4 5 -7 -12 -11 10 
15 17 20 -23 0 16 -2 16 18 23 14 -26 23 20 22 -19 -10 9 -27 21 
-14 23 21 26 8 4 19 11 7 4 1 -10 -2 17 20 -2 -8 7 -1 -2 
11 -16 -7 -21 -11 -9 23 22 -23 21 1 -22 18 -5 -21 12 11 4 7 -21 
8 27 -26 10 -16 -14 18 19 1 -1 9 -17 5 18 -10 20 11 -14 14 26 
25 21 -26 6 -21 -11 23 17 -11 24 24 19 1 27 12 5 25 -25 11 -19 
-10 23 11 24 5 14 26 13 26 16 17 18 0 16 -21 16 2 18 -16 5 
59
5
15 16
11 18
8 10
13 11
7 15
4 3
8 1
11 9
6 8
12 4
10
15 4 10
14 0 14
8 12 14
9 14 13
6 4 12
4 15 10
5 19 14
11 7 14
10 5 13
13 15 12
36
4 5
8 17
12 6
13 19
16 14
16 13
8 5
6 19
16 18
14 19
5 12
19 10
2 14
11 12
11 16
18 11
18 7
9 1
15 14
11 2
7 13
6 0
3 5
3 6
11 14
13 0
3 1
5 0
14 7
0 9
17 5
8 7
8 3
1 8
1 12
10 18
