20 20
28 -2 28 -3 15 19 7 26 28 9 14 28 8 20 13 19 10 13 18 1 
4 0 -12 28 12 17 -14 -4 1 9 4 12 19 4 25 2 -17 -29 -6 12 
14 -10 -22 -22 22 7 -21 -8 7 18 -24 26 21 19 6 15 8 -1 3 -12 
15 2 -28 12 7 13 22 14 -18 4 29 25 10 25 0 -6 29 16 3 20 
3 -1 23 3 -24 22 25 11 11 12 27 5 -1 -11 27 3 13 -7 8 5 
-18 24 19 9 4 21 -24 22 22 -10 16 24 6 25 28 -3 17 22 -4 9 
20 5 13 10 27 12 3 5 22 25 27 16 24 14 5 11 -23 22 26 12 
-10 1 14 9 1 12 15 22 14 26 7 22 21 -2 18 23 2 29 21 -17 
-17 11 -17 8 25 28 -18 22 8 -2 -27 -17 -20 -12 1 13 13 22 26 21 
12 -23 19 13 1 7 8 -15 7 -20 12 3 14 14 -29 29 2 5 -1 18 
18 -1 5 2 29 -29 14 14 3 12 -20 7 -15 8 7 1 13 19 -23 12 
21 26 22 13 13 1 -12 -20 -17 -27 -2 8 22 -18 28 25 8 -17 11 -17 
-17 21 29 2 23 18 -2 21 22 7 26 14 22 15 12 1 9 14 1 -10 
12 26 22 -23 11 5 14 24 16 27 25 22 5 3 12 27 10 13 5 20 
9 -4 22 17 -3 28 25 6 24 16 -10 22 22 -24 21 4 9 19 24 -18 
5 8 -7 13 3 27 -11 -1 5 27 12 11 11 25 22 -24 3 23 -1 3 
20 3 16 29 -6 0 25 10 25 29 4 -18 14 22 13 7 12 -28 2 15 
-12 3 -1 8 15 6 19 21 26 -24 18 7 -8 -21 7 22 -22 -22 -10 14 
12 -6 -29 -17 2 25 4 19 12 4 9 1 -4 -14 17 12 28 -12 0 4 
1 18 13 10 19 13 20 8 28 14 9 28 26 7 19 15 -3 28 -2 28 
50
6
5 17
3 5
4 17
10 3
1 15
0 19
14 2
16 14
15 2
9 16
18 4
19 0
20
10 18 13
19 1 10
4 7 13
17 8 13
8 11 15
14 6 12
19 8 8
10 17 9
19 18 13
3 9 11
9 1 13
0 18 10
15 12 13
2 11 13
11 8 15
5 13 12
0 11 8
9 2 9
0 1 13
16 10 11
40
5 6
17 9
11 3
10 0
16 11
11 14
1 11
3 19
2 0
3 4
14 5
11 2
2 1
4 3
13 19
17 15
2 16
8 14
11 17
6 16
14 13
2 10
8 16
9 19
3 8
8 5
18 8
16 0
17 19
16 15
5 14
8 17
17 18
15 16
6 0
2 4
17 3
11 5
8 2
13 3
