20 20
5 12 14 3 15 3 -10 -4 2 -13 -1 6 1 7 -14 -1 11 -6 15 -13 
9 12 -10 10 -5 -11 4 0 -13 8 -10 5 13 16 11 -11 1 5 14 7 
-2 11 1 -11 7 8 10 -4 6 7 -5 4 10 7 14 7 7 8 1 -12 
-3 14 1 10 5 16 -13 3 4 7 16 -11 4 11 2 0 -9 15 2 -12 
-4 4 0 -6 12 15 12 11 1 4 2 -16 16 15 3 -9 -6 15 14 -4 
15 10 -2 2 6 9 12 8 7 -14 -3 12 14 -7 7 14 16 14 12 -9 
14 11 -6 2 -10 16 9 11 11 -16 12 9 15 4 15 -5 2 -5 10 -9 
4 -8 11 8 2 2 -6 16 11 -15 6 0 4 -3 -16 -2 4 -10 6 11 
-15 4 12 14 9 5 12 10 16 -11 -13 15 7 3 14 -6 4 16 9 8 
13 4 4 -9 -4 2 13 4 2 1 -4 -3 12 -6 15 -15 5 16 6 6 
6 6 16 5 -15 15 -6 12 -3 -4 1 2 4 13 2 -4 -9 4 4 13 
8 9 16 4 -6 14 3 7 15 -13 -11 16 10 12 5 9 14 12 4 -15 
11 6 -10 4 -2 -16 -3 4 0 6 -15 11 16 -6 2 2 8 11 -8 4 
-9 10 -5 2 -5 15 4 15 9 12 -16 11 11 9 16 -10 2 -6 11 14 
-9 12 14 16 14 7 -7 14 12 -3 -14 7 8 12 9 6 2 -2 10 15 
-4 14 15 -6 -9 3 15 16 -16 2 4 1 11 12 15 12 -6 0 4 -4 
-12 2 15 -9 0 2 11 4 -11 16 7 4 3 -13 16 5 10 1 14 -3 
-12 1 8 7 7 14 7 10 4 -5 7 6 -4 10 8 7 -11 1 11 -2 
7 14 5 1 -11 11 16 13 5 -10 8 -13 0 4 -11 -5 10 -10 12 9 
-13 15 -6 11 -1 -14 7 1 6 -1 -13 2 -4 -10 3 15 3 14 12 5 
57
3
17 7
2 7
11 9
2 12
17 12
8 10
8
6 4 8
15 6 12
0 19 15
4 2 11
13 15 8
4 13 12
19 0 15
15 17 11
36
0 1
12 14
12 13
18 7
19 13
0 4
10 11
1 2
9 12
2 11
16 13
0 5
15 7
4 19
7 13
13 17
8 6
18 16
19 18
7 5
7 6
1 12
0 6
19 15
9 8
18 17
10 7
17 8
3 6
19 14
4 12
15 0
12 6
6 2
11 13
1 3
