20 20
19 12 12 1 -11 17 14 -20 11 -18 21 12 -22 -5 20 13 7 -19 5 10 
11 1 11 3 17 12 -4 18 11 4 7 9 -8 19 4 12 -5 15 -5 12 
-18 19 19 10 4 1 5 11 12 22 8 -14 0 -13 10 23 16 -18 23 22 
-17 21 19 17 19 19 8 18 9 -12 13 -13 15 -21 7 -5 15 -4 -8 11 
15 19 -12 22 16 21 23 4 21 5 23 15 -23 18 19 12 -11 7 8 19 
-6 11 -23 22 6 -18 20 23 1 13 10 19 -20 -19 10 22 13 4 8 13 
13 18 -12 -22 5 5 -9 19 -2 -16 -17 23 -18 14 19 9 19 -12 15 -1 
7 3 0 22 -8 10 -12 21 6 10 18 19 21 4 18 18 14 21 -22 -17 
3 8 13 12 4 23 2 15 21 18 -18 2 22 3 19 12 -21 11 -22 4 
15 17 17 17 13 22 -23 -15 1 4 22 5 1 13 5 8 -5 -18 13 20 
20 13 -18 -5 8 5 13 1 5 22 4 1 -15 -23 22 13 17 17 17 15 
4 -22 11 -21 12 19 3 22 2 -18 18 21 15 2 23 4 12 13 8 3 
-17 -22 21 14 18 18 4 21 19 18 10 6 21 -12 10 -8 22 0 3 7 
-1 15 -12 19 9 19 14 -18 23 -17 -16 -2 19 -9 5 5 -22 -12 18 13 
13 8 4 13 22 10 -19 -20 19 10 13 1 23 20 -18 6 22 -23 11 -6 
19 8 7 -11 12 19 18 -23 15 23 5 21 4 23 21 16 22 -12 19 15 
11 -8 -4 15 -5 7 -21 15 -13 13 -12 9 18 8 19 19 17 19 21 -17 
22 23 -18 16 23 10 -13 0 -14 8 22 12 11 5 1 4 10 19 19 -18 
12 -5 15 -5 12 4 19 -8 9 7 4 11 18 -4 12 17 3 11 1 11 
10 5 -19 7 13 20 -5 -22 12 21 -18 11 -20 14 17 -11 1 12 12 19 
51
4
18 16
7 15
1 9
2 7
1 3
12 4
18 10
17 12
14
9 10 16
11 14 10
12 11 11
16 19 11
1 6 9
3 19 10
2 14 10
10 9 16
8 5 10
7 8 11
3 0 11
18 13 9
16 0 10
17 5 10
32
1 16
15 2
17 6
16 9
7 13
13 18
7 6
10 5
11 2
9 19
8 14
4 19
10 12
12 9
13 14
16 14
18 3
4 17
2 13
3 10
12 6
6 1
12 13
9 14
8 17
10 0
11 5
15 0
9 7
7 10
6 5
3 5
