20 20
3 2 2 5 1 5 1 5 -6 1 6 1 1 6 4 -3 1 2 1 4 
4 3 3 -2 2 -5 -4 -6 -3 0 -2 1 6 1 6 -4 6 5 2 -6 
3 1 -3 2 4 2 2 6 4 5 -3 2 1 1 2 -1 5 1 -2 1 
3 -1 1 1 2 -5 -2 5 3 6 1 1 2 -1 1 -5 0 5 0 -6 
2 6 -3 6 4 0 -2 5 -5 -1 0 -6 2 -5 -6 4 -5 3 4 2 
5 0 3 1 5 4 0 2 5 0 3 -4 2 -5 2 6 6 2 6 2 
2 -1 3 1 1 6 -4 -2 3 -4 5 -1 2 3 -6 0 1 3 -6 0 
6 1 -6 5 5 -4 -4 5 3 4 3 2 2 6 1 1 4 -5 1 3 
4 6 0 0 4 4 -4 3 4 -3 0 6 -3 -4 -6 2 0 1 6 3 
1 4 0 2 3 1 6 1 1 2 4 5 -1 -2 5 0 0 2 3 5 
5 3 2 0 0 5 -2 -1 5 4 2 1 1 6 1 3 2 0 4 1 
3 6 1 0 2 -6 -4 -3 6 0 -3 4 3 -4 4 4 0 0 6 4 
3 1 -5 4 1 1 6 2 2 3 4 3 5 -4 -4 5 5 -6 1 6 
0 -6 3 1 0 -6 3 2 -1 5 -4 3 -2 -4 6 1 1 3 -1 2 
2 6 2 6 6 2 -5 2 -4 3 0 5 2 0 4 5 1 3 0 5 
2 4 3 -5 4 -6 -5 2 -6 0 -1 -5 5 -2 0 4 6 -3 6 2 
-6 0 5 0 -5 1 -1 2 1 1 6 3 5 -2 -5 2 1 1 -1 3 
1 -2 1 5 -1 2 1 1 2 -3 5 4 6 2 2 4 2 -3 1 3 
-6 2 5 6 -4 6 1 6 1 -2 0 -3 -6 -4 -5 2 -2 3 3 4 
4 1 2 1 -3 4 6 1 1 6 1 -6 5 1 5 1 5 2 2 3 
41
7
1 19
11 18
14 9
3 8
7 8
16 0
14 12
18 0
8 1
5 10
16 11
12 11
3 19
5 7
20
17 3 16
4 19 8
5 12 12
12 17 12
18 15 12
4 8 9
9 1 13
6 7 12
19 6 13
8 9 16
2 16 16
15 0 8
14 7 12
7 2 12
1 4 12
15 11 9
10 18 13
13 12 12
0 13 13
11 10 16
28
11 7
19 14
14 15
19 11
14 19
0 15
19 1
12 16
13 18
6 18
1 8
15 13
17 10
16 15
8 12
0 5
5 4
0 8
5 0
19 4
0 18
7 3
6 1
13 1
18 11
4 6
2 9
3 4
