20 20
1 1 2 2 5 4 -2 4 3 4 3 2 1 -4 0 -5 0 4 4 5 
2 2 -4 3 4 1 4 2 4 5 4 4 -3 3 -4 1 4 2 0 5 
3 1 1 3 4 3 0 2 1 3 5 3 0 4 0 4 1 -5 2 3 
0 3 -3 3 0 1 -4 -5 2 3 -4 1 4 3 2 5 3 -5 -4 3 
2 5 5 -4 3 5 -1 4 5 1 -4 -2 0 5 2 3 4 2 0 3 
1 -5 5 2 -1 0 1 2 3 1 4 -5 -1 2 1 2 3 2 0 2 
4 4 2 -4 0 2 2 5 5 3 -2 3 2 1 3 1 0 3 -4 4 
-4 1 4 2 4 4 -3 1 -2 0 1 1 0 2 -2 5 5 -4 0 5 
-3 3 4 5 5 1 -5 1 2 2 5 3 4 5 0 -3 3 4 1 1 
2 5 4 3 5 -1 -1 4 -3 -2 3 -5 3 3 -3 5 3 -1 0 3 
3 0 -1 3 5 -3 3 3 -5 3 -2 -3 4 -1 -1 5 3 4 5 2 
1 1 4 3 -3 0 5 4 3 5 2 2 1 -5 1 5 5 4 3 -3 
5 0 -4 5 5 -2 2 0 1 1 0 -2 1 -3 4 4 2 4 1 -4 
4 -4 3 0 1 3 1 2 3 -2 3 5 5 2 2 0 -4 2 4 4 
2 0 2 3 2 1 2 -1 -5 4 1 3 2 1 0 -1 2 5 -5 1 
3 0 2 4 3 2 5 0 -2 -4 1 5 4 -1 5 3 -4 5 5 2 
3 -4 -5 3 5 2 3 4 1 -4 3 2 -5 -4 1 0 3 -3 3 0 
3 2 -5 1 4 0 4 0 3 5 3 1 2 0 3 4 3 1 1 3 
5 0 2 4 1 -4 3 -3 4 4 5 4 2 4 1 4 3 -4 2 2 
5 4 4 0 -5 0 -4 1 2 3 4 3 4 -2 4 5 2 2 1 1 
59
3
7 10
13 9
2 1
12 9
6 10
17 18
6
5 9 14
16 10 13
5 6 15
14 10 14
3 9 13
14 13 15
38
8 0
6 16
9 8
17 2
15 6
7 1
1 9
3 12
6 1
3 17
19 10
17 10
17 4
12 14
19 8
10 2
8 11
19 5
6 14
11 19
13 3
10 11
2 17
4 13
12 18
18 10
16 7
13 18
16 2
0 9
2 9
2 15
7 5
0 11
9 17
11 8
0 14
13 5
