20 20
1 1 4 2 6 4 -5 6 0 2 5 2 6 4 5 0 6 6 5 0 
3 3 -3 1 3 1 4 5 6 3 0 1 6 1 3 6 2 4 1 4 
3 1 5 6 3 6 0 1 -2 6 6 1 1 1 3 5 -5 5 6 2 
2 3 0 3 2 4 2 6 4 -6 1 1 3 4 2 -2 3 3 1 0 
-2 4 4 0 3 -4 0 -5 5 6 6 -3 4 4 -5 3 2 0 2 2 
6 6 -6 -6 2 0 1 6 5 0 0 0 2 5 -4 2 -3 4 -1 6 
-2 5 4 0 -1 4 1 -5 3 6 3 -5 6 2 2 6 -4 -1 2 0 
6 2 1 5 2 0 4 -6 1 -6 1 -6 -4 6 -2 5 6 -1 4 -4 
1 1 -5 5 5 1 1 2 4 -5 3 4 6 3 1 -1 4 5 2 1 
0 -1 -2 3 -5 3 6 4 0 3 -5 -5 5 5 3 3 -1 6 2 3 
3 2 6 -1 3 3 5 5 -5 -5 3 0 4 6 3 -5 3 -2 -1 0 
1 2 5 4 -1 1 3 6 4 3 -5 4 2 1 1 5 5 -5 1 1 
-4 4 -1 6 5 -2 6 -4 -6 1 -6 1 -6 4 0 2 5 1 2 6 
0 2 -1 -4 6 2 2 6 -5 3 6 3 -5 1 4 -1 0 4 5 -2 
6 -1 4 -3 2 -4 5 2 0 0 0 5 6 1 0 2 -6 -6 6 6 
2 2 0 2 3 -5 4 4 -3 6 6 5 -5 0 -4 3 0 4 4 -2 
0 1 3 3 -2 2 4 3 1 1 -6 4 6 2 4 2 3 0 3 2 
2 6 5 -5 5 3 1 1 1 6 6 -2 1 0 6 3 6 5 1 3 
4 1 4 2 6 3 1 6 1 0 3 6 5 4 1 3 1 -3 3 3 
0 5 6 6 0 5 4 6 2 5 2 0 6 -5 4 6 2 4 1 1 
31
8
12 8
17 11
16 13
16 7
14 4
18 15
7 0
17 12
7 11
2 8
3 6
3 12
5 15
1 4
12 19
2 7
12
1 14 15
10 7 16
3 1 12
6 11 15
19 3 12
17 6 10
18 5 15
9 12 16
16 18 12
13 8 15
0 16 12
2 13 10
40
10 12
19 6
7 18
15 18
9 3
16 11
6 5
15 2
11 5
9 5
10 6
3 13
9 19
5 7
12 16
0 2
7 19
19 14
8 17
14 3
9 7
0 13
12 1
4 1
10 16
3 8
13 14
4 17
8 14
10 14
9 13
16 6
10 0
14 12
7 3
19 17
12 0
0 5
11 2
5 16
