20 20
23 18 -2 26 25 25 2 -23 18 -28 23 -6 14 -29 23 -24 -7 27 15 -6 
11 11 17 -17 13 17 26 22 26 23 2 -24 -27 -13 12 15 16 20 7 -14 
-7 21 12 -28 8 8 -23 11 -24 13 28 23 2 20 14 25 -29 20 9 7 
27 9 -16 24 -29 -12 -17 21 13 12 8 14 -19 8 22 2 7 13 4 16 
15 22 14 16 4 3 13 13 17 29 28 4 1 20 8 -11 18 8 16 11 
-18 6 2 29 26 20 6 26 -23 20 3 21 27 18 -11 1 28 -20 4 26 
-3 10 -18 16 -4 4 -14 16 9 24 27 22 -25 -8 18 15 2 -18 28 4 
20 10 23 18 10 18 7 -21 -1 21 9 12 -12 -27 13 -4 3 7 -5 -3 
23 3 13 21 11 13 -19 0 20 11 5 3 3 25 2 8 5 -23 21 23 
29 4 8 26 12 22 10 10 -22 -5 26 27 -23 13 -16 -7 12 3 6 -11 
-11 6 3 12 -7 -16 13 -23 27 26 -5 -22 10 10 22 12 26 8 4 29 
23 21 -23 5 8 2 25 3 3 5 11 20 0 -19 13 11 21 13 3 23 
-3 -5 7 3 -4 13 -27 -12 12 9 21 -1 -21 7 18 10 18 23 10 20 
4 28 -18 2 15 18 -8 -25 22 27 24 9 16 -14 4 -4 16 -18 10 -3 
26 4 -20 28 1 -11 18 27 21 3 20 -23 26 6 20 26 29 2 6 -18 
11 16 8 18 -11 8 20 1 4 28 29 17 13 13 3 4 16 14 22 15 
16 4 13 7 2 22 8 -19 14 8 12 13 21 -17 -12 -29 24 -16 9 27 
7 9 20 -29 25 14 20 2 23 28 13 -24 11 -23 8 8 -28 12 21 -7 
-14 7 20 16 15 12 -13 -27 -24 2 23 26 22 26 17 13 -17 17 11 11 
-6 15 27 -7 -24 23 -29 14 -6 23 -28 18 -23 2 25 25 26 -2 18 23 
57
8
15 8
10 1
7 19
2 8
6 12
19 13
0 1
4 12
4 11
9 18
12 0
17 11
13 7
0 6
19 18
15 7
10
14 1 9
17 0 11
16 7 9
5 2 16
5 17 12
5 18 9
2 19 11
3 12 9
14 17 16
14 2 12
28
9 6
18 14
0 7
7 14
8 16
8 7
5 14
19 5
4 13
9 10
19 15
10 5
6 16
18 19
10 13
1 5
19 12
12 5
11 3
11 12
14 5
0 14
15 6
10 9
0 4
9 14
13 3
1 0
