20 20
-12 10 6 8 9 -3 9 4 2 13 -8 11 5 2 -13 -9 1 4 12 7 
10 2 -9 5 2 -9 11 12 8 8 9 4 -10 -11 11 4 10 0 10 1 
13 6 13 1 -12 -4 7 -2 13 -12 12 1 9 13 9 9 10 -4 12 -13 
9 10 10 -2 11 6 -10 3 -3 -12 8 11 8 12 8 -12 5 4 8 7 
2 13 3 0 -2 0 -8 8 -7 8 7 13 11 5 12 -13 12 5 -3 7 
5 9 -10 12 4 -8 4 4 0 13 -8 12 3 9 4 -4 6 6 10 0 
7 1 7 1 12 3 2 1 6 3 -12 6 -1 -3 13 1 5 9 -9 8 
3 13 -10 11 5 -8 7 12 6 -9 2 -4 3 -10 5 13 2 3 -12 8 
-5 -2 11 -6 1 -4 3 2 -1 -7 -7 6 -8 4 6 13 6 9 8 12 
6 1 10 3 11 3 7 -11 4 6 -1 2 -4 4 4 -13 -13 0 -3 12 
12 -3 0 -13 -13 4 4 -4 2 -1 6 4 -11 7 3 11 3 10 1 6 
12 8 9 6 13 6 4 -8 6 -7 -7 -1 2 3 -4 1 -6 11 -2 -5 
8 -12 3 2 13 5 -10 3 -4 2 -9 6 12 7 -8 5 11 -10 13 3 
8 -9 9 5 1 13 -3 -1 6 -12 3 6 1 2 3 12 1 7 1 7 
0 10 6 6 -4 4 9 3 12 -8 13 0 4 4 -8 4 12 -10 9 5 
7 -3 5 12 -13 12 5 11 13 7 8 -7 8 -8 0 -2 0 3 13 2 
7 8 4 5 -12 8 12 8 11 8 -12 -3 3 -10 6 11 -2 10 10 9 
-13 12 -4 10 9 9 13 9 1 12 -12 13 -2 7 -4 -12 1 13 6 13 
1 10 0 10 4 11 -11 -10 4 9 8 8 12 11 -9 2 5 -9 2 10 
7 12 4 1 -9 -13 2 5 11 -8 13 2 4 9 -3 9 8 6 10 -12 
38
3
11 14
6 3
0 14
8 5
13 16
19 5
18
19 8 16
2 3 12
10 4 8
14 7 13
19 16 11
6 18 11
19 2 14
2 0 14
2 18 15
0 11 16
17 16 12
9 15 8
5 12 13
0 3 11
13 1 11
0 17 14
17 19 14
17 1 15
38
11 12
1 19
13 0
3 17
4 18
12 7
18 19
6 10
14 6
8 4
6 5
8 10
18 2
5 11
11 18
8 18
17 12
12 19
6 8
8 7
18 0
6 19
16 2
15 1
7 12
1 0
13 9
5 13
11 15
13 14
11 9
1 17
14 8
8 1
11 1
2 7
7 0
13 11
