20 20
7 10 4 1 5 4 4 10 9 -10 1 7 5 -4 8 9 1 9 5 -7 
-4 6 8 6 2 0 3 7 6 6 2 8 -3 3 3 0 -1 1 -2 -10 
3 2 6 4 -4 8 6 3 0 2 -4 0 6 6 -9 3 9 10 -9 4 
9 1 6 1 -2 7 5 6 9 10 9 10 9 -9 -7 9 1 1 -5 9 
1 6 2 -6 3 3 10 1 4 -5 8 -10 4 6 8 6 6 -1 2 7 
10 -9 5 4 1 -5 2 8 -10 8 1 -1 5 10 3 5 -7 -4 0 7 
5 -8 1 7 2 -4 -8 9 7 2 7 5 8 1 8 2 0 8 6 8 
1 1 5 6 -10 10 -9 4 0 -3 -10 -7 9 8 2 7 8 3 1 10 
8 10 -4 8 9 3 2 -4 -10 2 1 4 5 5 3 2 -6 8 4 5 
5 5 6 1 1 8 -9 -10 6 0 8 -9 -10 0 4 4 -6 -9 3 1 
1 3 -9 -6 4 4 0 -10 -9 8 0 6 -10 -9 8 1 1 6 5 5 
5 4 8 -6 2 3 5 5 4 1 2 -10 -4 2 3 9 8 -4 10 8 
10 1 3 8 7 2 8 9 -7 -10 -3 0 4 -9 10 -10 6 5 1 1 
8 6 8 0 2 8 1 8 5 7 2 7 9 -8 -4 2 7 1 -8 5 
7 0 -4 -7 5 3 10 5 -1 1 8 -10 8 2 -5 1 4 5 -9 10 
7 2 -1 6 6 8 6 4 -10 8 -5 4 1 10 3 3 -6 2 6 1 
9 -5 1 1 9 -7 -9 9 10 9 10 9 6 5 7 -2 1 6 1 9 
4 -9 10 9 3 -9 6 6 0 -4 2 0 3 6 8 -4 4 6 2 3 
-10 -2 1 -1 0 3 3 -3 8 2 6 6 7 3 0 2 6 8 6 -4 
-7 5 9 1 9 8 -4 5 7 1 -10 9 10 4 4 5 1 4 10 7 
30
5
8 11
7 12
2 11
10 7
7 6
11 8
12 7
17 8
9 12
12 13
12
15 16 12
2 5 13
7 8 14
17 16 12
9 11 8
5 17 12
4 3 12
17 14 13
12 11 14
2 3 12
10 8 8
14 2 12
36
5 11
19 0
15 18
18 8
1 15
7 19
10 18
3 9
17 6
19 14
5 18
10 16
17 7
8 3
10 0
14 6
8 6
15 12
14 8
0 19
4 1
1 11
18 4
12 0
9 1
16 10
2 13
0 5
14 1
9 3
2 12
11 16
9 19
5 13
11 13
4 7
