20 20
-14 9 -13 17 2 23 22 24 5 24 18 7 4 8 4 6 12 3 1 -2 
18 4 10 -1 2 1 -21 -21 8 28 -2 -21 15 -19 21 -3 14 -20 6 -27 
11 21 25 5 17 9 -18 6 5 -6 20 7 -5 24 27 11 -18 -14 11 -27 
20 9 5 4 22 9 -23 5 12 16 -26 11 18 2 28 19 21 6 16 17 
21 -27 15 -4 4 13 18 -27 -23 19 24 -18 15 18 -4 2 17 11 1 24 
11 26 -24 10 -1 12 7 13 17 14 24 9 -16 20 4 19 11 8 -23 -17 
9 -1 -25 25 -17 -27 11 -8 16 12 12 25 18 -22 17 18 7 8 3 -19 
22 2 24 0 0 -24 2 13 28 17 19 4 1 0 -23 9 23 13 5 6 
10 18 3 26 7 -1 5 13 25 28 25 -16 22 14 11 5 7 -27 17 27 
8 24 -19 0 21 5 -1 7 20 2 21 -3 -7 7 26 5 6 20 0 22 
22 0 20 6 5 26 7 -7 -3 21 2 20 7 -1 5 21 0 -19 24 8 
27 17 -27 7 5 11 14 22 -16 25 28 25 13 5 -1 7 26 3 18 10 
6 5 13 23 9 -23 0 1 4 19 17 28 13 2 -24 0 0 24 2 22 
-19 3 8 7 18 17 -22 18 25 12 12 16 -8 11 -27 -17 25 -25 -1 9 
-17 -23 8 11 19 4 20 -16 9 24 14 17 13 7 12 -1 10 -24 26 11 
24 1 11 17 2 -4 18 15 -18 24 19 -23 -27 18 13 4 -4 15 -27 21 
17 16 6 21 19 28 2 18 11 -26 16 12 5 -23 9 22 4 5 9 20 
-27 11 -14 -18 11 27 24 -5 7 20 -6 5 6 -18 9 17 5 25 21 11 
-27 6 -20 14 -3 21 -19 15 -21 -2 28 8 -21 -21 1 2 -1 10 4 18 
-2 1 3 12 6 4 8 4 7 18 24 5 24 22 23 2 17 -13 9 -14 
42
5
3 2
18 6
14 2
9 15
3 18
16 17
1 13
5 17
10 4
16 1
12
12 6 12
11 18 9
19 9 9
2 18 8
1 12 13
2 16 13
7 13 12
8 1 9
0 10 9
17 1 8
18 7 13
17 3 13
34
19 6
10 2
4 10
15 14
5 4
8 3
6 8
11 13
7 0
2 15
6 5
2 14
14 5
4 14
1 0
4 13
1 2
0 13
9 17
15 9
4 5
14 15
11 16
13 11
8 6
12 19
17 4
13 14
17 5
5 14
15 5
18 19
15 6
18 17
