20 20
-2 2 1 2 2 1 2 0 -3 2 2 3 -3 2 1 -3 1 2 2 -2 
1 -3 3 1 -1 3 -3 3 3 0 2 3 -1 2 2 2 2 3 1 3 
3 2 0 3 2 1 2 1 1 0 2 1 -3 3 2 2 2 2 3 0 
0 -3 3 0 -3 2 -1 -3 -3 3 -2 0 1 3 0 -1 1 -3 2 0 
2 0 -3 -2 0 3 -1 -1 -1 2 3 3 1 -3 2 -3 3 -1 2 0 
0 3 -3 1 3 -1 1 -3 2 2 3 -2 3 3 1 -1 1 2 1 -1 
3 0 3 -1 1 2 2 2 -2 -1 1 2 2 0 3 -3 0 3 3 1 
-2 -2 0 2 1 1 -1 3 -3 3 -3 2 0 3 1 3 3 1 -1 -1 
0 0 3 0 1 2 1 1 2 0 2 -3 0 2 3 -2 2 2 2 1 
2 3 2 3 1 3 3 2 2 3 2 2 -2 2 0 -3 3 0 0 1 
1 0 0 3 -3 0 2 -2 2 2 3 2 2 3 3 1 3 2 3 2 
1 2 2 2 -2 3 2 0 -3 2 0 2 1 1 2 1 0 3 0 0 
-1 -1 1 3 3 1 3 0 2 -3 3 -3 3 -1 1 1 2 0 -2 -2 
1 3 3 0 -3 3 0 2 2 1 -1 -2 2 2 2 1 -1 3 0 3 
-1 1 2 1 -1 1 3 3 -2 3 2 2 -3 1 -1 3 1 -3 3 0 
0 2 -1 3 -3 2 -3 1 3 3 2 -1 -1 -1 3 0 -2 -3 0 2 
0 2 -3 1 -1 0 3 1 0 -2 3 -3 -3 -1 2 -3 0 3 -3 0 
0 3 2 2 2 2 3 -3 1 2 0 1 1 2 1 2 3 0 2 3 
3 1 3 2 2 2 2 -1 3 2 0 3 3 -3 3 -1 1 3 -3 1 
-2 2 2 1 -3 1 2 -3 3 2 2 -3 0 2 1 2 2 1 2 -2 
45
3
17 18
18 3
1 8
2 1
1 16
18 11
10
13 1 13
8 15 12
13 6 14
17 13 13
6 17 16
6 18 13
11 4 12
6 13 14
2 6 13
13 2 16
36
15 1
12 14
0 16
17 9
12 6
16 0
18 0
10 6
9 2
10 12
13 5
9 10
3 16
2 17
19 18
12 18
18 12
11 5
4 18
7 5
19 3
2 10
7 13
3 19
1 19
9 13
10 17
9 7
6 14
10 9
16 3
17 2
0 1
7 1
1 7
8 14
