20 20
9 4 13 27 28 12 27 27 6 19 6 14 -10 8 -11 21 16 -17 20 11 
-1 -2 24 18 17 19 21 1 27 22 -4 1 19 21 5 9 13 3 -23 6 
18 -10 28 -19 6 23 -20 14 -18 7 -26 1 17 28 11 28 -25 3 -4 10 
-2 -6 1 -23 14 21 3 8 -21 10 -1 9 -6 25 -14 9 13 24 8 6 
6 27 12 13 -18 22 27 19 -10 -26 12 -21 1 10 18 18 7 17 3 9 
12 2 19 8 -9 -28 1 -8 12 2 27 1 24 18 20 26 5 11 19 1 
20 10 -18 5 -24 27 17 -16 26 11 2 -3 -20 27 -2 23 23 9 22 -13 
25 6 27 4 12 -24 1 16 -4 2 26 -27 8 27 27 3 22 -11 1 28 
20 8 -28 2 -4 21 17 20 17 -14 27 -23 22 26 -6 5 25 0 19 -10 
-24 10 15 23 22 3 25 -9 23 15 -4 26 17 2 -23 -16 4 14 -6 26 
26 -6 14 4 -16 -23 2 17 26 -4 15 23 -9 25 3 22 23 15 10 -24 
-10 19 0 25 5 -6 26 22 -23 27 -14 17 20 17 21 -4 2 -28 8 20 
28 1 -11 22 3 27 27 8 -27 26 2 -4 16 1 -24 12 4 27 6 25 
-13 22 9 23 23 -2 27 -20 -3 2 11 26 -16 17 27 -24 5 -18 10 20 
1 19 11 5 26 20 18 24 1 27 2 12 -8 1 -28 -9 8 19 2 12 
9 3 17 7 18 18 10 1 -21 12 -26 -10 19 27 22 -18 13 12 27 6 
6 8 24 13 9 -14 25 -6 9 -1 10 -21 8 3 21 14 -23 1 -6 -2 
10 -4 3 -25 28 11 28 17 1 -26 7 -18 14 -20 23 6 -19 28 -10 18 
6 -23 3 13 9 5 21 19 1 -4 22 27 1 21 19 17 18 24 -2 -1 
11 20 -17 16 21 -11 8 -10 14 6 19 6 27 27 12 28 27 13 4 9 
46
8
17 8
15 17
12 17
7 1
12 7
16 0
4 9
17 12
2 11
4 2
7 2
12 18
7 12
3 19
15 10
2 7
20
8 17 9
8 9 11
12 5 11
17 7 9
18 13 8
17 15 10
1 0 16
11 9 13
15 16 13
8 12 11
11 2 9
11 10 11
7 14 11
2 12 9
1 6 8
2 4 10
18 19 16
8 10 13
4 3 13
11 7 11
40
1 3
1 13
5 10
16 1
2 10
3 16
0 15
14 2
16 17
0 19
18 11
4 13
0 6
3 17
19 16
8 4
6 3
13 11
14 16
2 5
18 16
18 6
14 9
3 18
17 9
16 3
19 4
5 17
3 2
19 0
1 8
15 6
19 13
16 2
0 3
11 15
13 16
6 8
5 3
17 14
