20 20
14 2 10 -6 3 14 4 10 12 13 -2 5 2 15 4 3 9 3 10 11 
3 1 12 13 4 8 -1 6 4 4 -6 5 9 -7 -2 -7 11 -1 -11 0 
3 14 -15 12 -15 3 3 9 12 -3 6 10 15 0 15 10 1 6 14 -14 
-15 12 -14 6 3 7 -8 -3 7 2 4 11 9 -2 10 -6 15 -8 10 14 
5 7 7 1 8 -3 6 11 9 12 8 14 4 -2 3 14 -4 8 12 9 
14 2 -5 1 -3 9 10 14 4 -9 14 14 3 -9 1 15 -10 1 -4 3 
2 8 13 7 -15 8 1 4 13 13 -15 14 1 7 15 9 -8 -3 3 -7 
14 11 14 -14 -8 11 15 4 7 12 3 -2 1 -1 7 9 3 3 8 6 
11 3 6 13 11 4 14 15 7 0 -6 12 10 14 -5 14 7 14 -8 -12 
11 -12 -3 8 6 6 5 2 14 -9 4 -1 12 5 9 0 5 15 5 11 
11 5 15 5 0 9 5 12 -1 4 -9 14 2 5 6 6 8 -3 -12 11 
-12 -8 14 7 14 -5 14 10 12 -6 0 7 15 14 4 11 13 6 3 11 
6 8 3 3 9 7 -1 1 -2 3 12 7 4 15 11 -8 -14 14 11 14 
-7 3 -3 -8 9 15 7 1 14 -15 13 13 4 1 8 -15 7 13 8 2 
3 -4 1 -10 15 1 -9 3 14 14 -9 4 14 10 9 -3 1 -5 2 14 
9 12 8 -4 14 3 -2 4 14 8 12 9 11 6 -3 8 1 7 7 5 
14 10 -8 15 -6 10 -2 9 11 4 2 7 -3 -8 7 3 6 -14 12 -15 
-14 14 6 1 10 15 0 15 10 6 -3 12 9 3 3 -15 12 -15 14 3 
0 -11 -1 11 -7 -2 -7 9 5 -6 4 4 6 -1 8 4 13 12 1 3 
11 10 3 9 3 4 15 2 5 -2 13 12 10 4 14 3 -6 10 2 14 
52
6
7 14
1 16
1 2
8 18
10 6
13 17
12 5
18 3
18 17
11 1
9 13
6 2
14
15 16 16
12 4 14
15 0 15
9 6 10
1 13 9
1 15 9
8 5 13
4 3 16
7 15 14
4 19 15
10 13 10
18 6 9
18 4 9
11 14 13
36
14 2
1 9
8 6
10 2
19 4
6 12
10 5
12 7
10 4
10 0
11 0
9 18
7 6
12 0
6 16
2 14
7 10
13 14
5 17
18 10
11 13
9 17
0 15
13 7
9 14
7 12
9 15
9 19
8 19
10 1
12 13
7 19
13 3
17 5
12 9
6 5
