20 20
9 15 1 6 3 2 -2 0 3 2 3 15 0 3 8 7 8 7 8 6 
12 15 15 -11 13 -6 -6 -1 3 -14 -10 1 11 5 2 -12 13 2 -13 1 
-7 5 14 0 11 -8 14 11 3 15 7 -1 -6 11 -13 14 13 16 9 -1 
1 9 -2 -5 -14 9 -14 9 13 -8 6 15 9 1 2 9 14 7 16 14 
-6 2 -13 9 16 4 -12 6 8 -5 2 1 11 14 -15 3 16 -8 -3 14 
-10 6 11 7 12 4 -2 4 7 4 -11 8 10 3 5 6 12 14 3 -15 
10 4 -15 14 -1 -9 -13 16 1 13 16 9 9 12 11 -3 -4 9 13 12 
1 7 -5 -14 -7 -8 1 16 -8 10 -11 16 11 -11 8 15 5 4 -1 9 
5 -12 -16 -8 10 2 5 6 8 10 -13 3 -14 10 6 -1 5 15 14 -7 
-5 4 16 7 0 7 6 13 3 12 7 13 12 16 1 8 12 7 9 7 
7 9 7 12 8 1 16 12 13 7 12 3 13 6 7 0 7 16 4 -5 
-7 14 15 5 -1 6 10 -14 3 -13 10 8 6 5 2 10 -8 -16 -12 5 
9 -1 4 5 15 8 -11 11 16 -11 10 -8 16 1 -8 -7 -14 -5 7 1 
12 13 9 -4 -3 11 12 9 9 16 13 1 16 -13 -9 -1 14 -15 4 10 
-15 3 14 12 6 5 3 10 8 -11 4 7 4 -2 4 12 7 11 6 -10 
14 -3 -8 16 3 -15 14 11 1 2 -5 8 6 -12 4 16 9 -13 2 -6 
14 16 7 14 9 2 1 9 15 6 -8 13 9 -14 9 -14 -5 -2 9 1 
-1 9 16 13 14 -13 11 -6 -1 7 15 3 11 14 -8 11 0 14 5 -7 
1 -13 2 13 -12 2 5 11 1 -10 -14 3 -1 -6 -6 13 -11 15 15 12 
6 8 7 8 7 8 3 0 15 3 2 3 0 -2 2 3 6 1 15 9 
39
7
10 0
6 15
17 0
4 15
2 9
3 16
8 5
9 19
13 4
2 19
15 4
17 10
16 3
11 14
6
2 15 8
19 12 9
13 17 10
17 4 8
0 7 9
6 2 10
26
6 16
1 8
18 8
18 2
19 5
1 9
10 14
17 15
18 7
11 5
17 2
12 7
14 6
13 3
18 11
1 11
1 17
0 14
18 10
9 5
2 4
1 12
8 14
2 17
7 12
5 13
