20 20
1 -4 3 4 -6 8 -5 -3 10 10 4 0 0 4 8 -4 2 -3 1 8 
-5 7 9 -7 2 -5 8 -7 -4 7 2 6 4 9 -3 8 -3 5 4 1 
0 5 -5 1 5 10 -2 1 2 1 4 3 4 1 -4 8 3 4 -6 9 
2 2 -1 3 0 -5 10 2 8 7 -9 7 4 7 8 -6 8 5 2 6 
5 4 5 -4 8 8 -5 8 -3 5 5 2 1 8 5 5 7 9 2 2 
3 -6 8 -5 2 -8 8 10 -3 7 9 3 -5 1 5 1 3 3 5 -5 
7 7 10 10 1 6 2 4 3 -5 -2 10 7 -7 8 9 4 1 9 -4 
6 -8 6 -3 -9 -2 3 6 2 9 4 4 -8 2 3 4 10 2 5 7 
7 1 6 10 8 7 -4 -1 3 2 9 3 6 2 5 4 1 -4 6 9 
5 2 3 7 1 9 9 5 4 4 -10 2 2 8 6 3 4 3 0 9 
9 0 3 4 3 6 8 2 2 -10 4 4 5 9 9 1 7 3 2 5 
9 6 -4 1 4 5 2 6 3 9 2 3 -1 -4 7 8 10 6 1 7 
7 5 2 10 4 3 2 -8 4 4 9 2 6 3 -2 -9 -3 6 -8 6 
-4 9 1 4 9 8 -7 7 10 -2 -5 3 4 2 6 1 10 10 7 7 
-5 5 3 3 1 5 1 -5 3 9 7 -3 10 8 -8 2 -5 8 -6 3 
2 2 9 7 5 5 8 1 2 5 5 -3 8 -5 8 8 -4 5 4 5 
6 2 5 8 -6 8 7 4 7 -9 7 8 2 10 -5 0 3 -1 2 2 
9 -6 4 3 8 -4 1 4 3 4 1 2 1 -2 10 5 1 -5 5 0 
1 4 5 -3 8 -3 9 4 6 2 7 -4 -7 8 -5 2 -7 9 7 -5 
8 1 -3 2 -4 8 4 0 0 4 10 10 -3 -5 8 -6 4 3 -4 1 
52
7
15 11
10 18
0 5
14 12
3 1
17 9
9 19
4 8
9 1
19 14
5 7
16 18
2 10
10 0
14
0 1 8
4 18 16
18 14 15
6 8 12
14 9 16
16 4 13
18 1 16
19 18 8
15 1 16
1 5 15
13 11 12
5 10 16
3 15 13
1 18 16
30
15 13
19 7
12 5
11 0
2 4
6 15
19 9
15 9
17 1
9 17
15 7
13 8
15 12
4 3
6 4
4 6
0 12
7 14
8 19
17 15
13 4
0 10
4 10
2 18
10 2
4 12
6 11
4 7
15 16
13 15
