20 20
3 -4 13 26 26 -1 10 25 22 0 5 7 9 12 21 -17 -2 24 8 22 
14 8 4 23 27 17 24 3 2 15 21 16 7 24 19 27 21 1 24 14 
25 -20 -21 25 16 24 9 18 -14 14 -13 1 3 9 8 19 1 22 20 -16 
16 1 17 -9 4 0 27 0 0 13 -8 7 10 -26 21 15 21 1 26 -27 
0 11 8 10 13 13 -6 -9 -12 0 14 -1 25 -10 19 15 18 11 21 15 
12 2 9 6 9 -16 -9 21 11 13 26 21 15 -13 12 -10 10 12 3 15 
14 16 11 26 26 21 -14 -17 13 19 22 24 3 25 19 -8 -27 19 10 10 
10 16 0 -6 21 -27 23 14 9 -23 18 -26 6 15 26 -23 4 22 6 18 
18 -16 11 1 -1 26 -12 7 27 -20 -7 1 20 13 5 -10 5 -3 8 19 
12 -4 2 6 3 2 -3 -18 12 14 -8 23 4 -19 23 22 27 23 20 20 
20 20 23 27 22 23 -19 4 23 -8 14 12 -18 -3 2 3 6 2 -4 12 
19 8 -3 5 -10 5 13 20 1 -7 -20 27 7 -12 26 -1 1 11 -16 18 
18 6 22 4 -23 26 15 6 -26 18 -23 9 14 23 -27 21 -6 0 16 10 
10 10 19 -27 -8 19 25 3 24 22 19 13 -17 -14 21 26 26 11 16 14 
15 3 12 10 -10 12 -13 15 21 26 13 11 21 -9 -16 9 6 9 2 12 
15 21 11 18 15 19 -10 25 -1 14 0 -12 -9 -6 13 13 10 8 11 0 
-27 26 1 21 15 21 -26 10 7 -8 13 0 0 27 0 4 -9 17 1 16 
-16 20 22 1 19 8 9 3 1 -13 14 -14 18 9 24 16 25 -21 -20 25 
14 24 1 21 27 19 24 7 16 21 15 2 3 24 17 27 23 4 8 14 
22 8 24 -2 -17 21 12 9 7 5 0 22 25 10 -1 26 26 13 -4 3 
42
7
5 16
5 2
11 7
5 19
18 9
18 14
14 8
14 3
14 17
8 12
14 0
1 10
1 5
5 11
10
18 10 14
19 3 16
2 4 8
8 19 14
19 17 8
1 9 14
0 16 16
17 15 8
11 0 14
0 2 8
28
14 6
5 15
2 5
15 0
9 12
12 10
2 6
13 16
11 4
5 6
1 13
19 11
11 5
5 4
5 13
14 4
17 14
4 19
10 7
7 9
17 13
6 3
8 15
14 13
18 6
0 8
8 14
14 15
