20 20
9 5 11 -4 7 9 10 -12 7 -4 11 11 -6 11 0 8 12 -11 -1 9 
9 10 11 2 7 -8 -4 6 8 4 12 0 2 7 -5 -6 -3 12 1 0 
12 3 4 -9 11 6 0 5 -5 1 0 4 0 -6 2 3 5 7 12 2 
2 9 3 2 -2 9 8 12 7 11 9 -12 2 6 -4 -7 2 4 3 4 
10 -5 3 12 -11 -3 11 8 6 9 -2 6 3 11 8 4 1 2 2 8 
3 -8 -4 5 6 3 -11 -5 -6 -5 -11 8 10 7 -5 -4 6 6 6 10 
5 -2 -4 6 -5 -12 -4 5 11 -10 2 -11 3 -1 9 12 11 11 10 1 
12 9 4 2 -8 4 0 6 0 4 12 8 -9 -1 12 2 9 12 1 7 
3 -1 9 6 2 6 7 -4 3 2 1 8 -8 2 -3 3 1 12 -8 4 
7 -7 9 4 12 7 -12 4 -2 4 -11 4 10 5 3 5 12 2 -10 6 
6 -10 2 12 5 3 5 10 4 -11 4 -2 4 -12 7 12 4 9 -7 7 
4 -8 12 1 3 -3 2 -8 8 1 2 3 -4 7 6 2 6 9 -1 3 
7 1 12 9 2 12 -1 -9 8 12 4 0 6 0 4 -8 2 4 9 12 
1 10 11 11 12 9 -1 3 -11 2 -10 11 5 -4 -12 -5 6 -4 -2 5 
10 6 6 6 -4 -5 7 10 8 -11 -5 -6 -5 -11 3 6 5 -4 -8 3 
8 2 2 1 4 8 11 3 6 -2 9 6 8 11 -3 -11 12 3 -5 10 
4 3 4 2 -7 -4 6 2 -12 9 11 7 12 8 9 -2 2 3 9 2 
2 12 7 5 3 2 -6 0 4 0 1 -5 5 0 6 11 -9 4 3 12 
0 1 12 -3 -6 -5 7 2 0 12 4 8 6 -4 -8 7 2 11 10 9 
9 -1 -11 12 8 0 11 -6 11 11 -4 7 -12 10 9 7 -4 11 5 9 
58
8
16 18
15 10
10 8
0 19
19 16
3 4
13 7
2 16
3 1
4 9
9 11
19 0
0 3
16 15
6 12
17 3
20
4 18 10
18 9 9
8 9 12
0 8 10
18 16 16
8 19 15
9 1 15
7 12 16
3 17 12
6 18 8
15 1 10
1 10 9
11 10 12
19 11 10
1 3 16
11 0 15
10 18 15
12 7 16
16 2 12
13 1 8
30
8 4
3 9
18 13
0 2
3 12
3 5
0 14
6 19
1 18
12 8
2 0
14 8
14 10
12 19
18 4
11 15
16 10
1 6
19 17
16 7
16 14
19 5
13 0
18 1
7 11
17 19
5 11
5 9
7 0
1 15
