20 20
7 9 5 4 8 5 2 -6 9 3 11 4 -6 -12 9 -5 13 5 13 3 
1 3 2 12 10 13 4 4 -12 4 9 3 -7 5 4 -13 -8 3 5 -10 
5 3 6 -13 10 5 4 -1 13 11 -5 -9 -3 -7 2 9 3 13 0 10 
6 6 0 9 7 4 -10 -8 2 6 3 7 -13 10 3 2 -10 -10 13 9 
12 4 1 -5 9 -5 -7 2 6 6 12 -5 9 10 2 5 12 7 8 0 
6 12 11 7 5 0 -8 1 5 8 -12 12 11 5 7 7 -5 -2 3 -12 
-8 13 -4 9 1 -11 9 2 -1 9 6 -9 5 6 2 11 -3 -2 4 2 
8 11 9 -3 5 11 2 12 7 7 12 -12 -8 13 -8 11 0 10 11 -13 
8 9 4 7 -10 11 10 11 4 -9 12 -10 6 0 13 -11 5 -11 4 1 
5 2 8 -5 4 5 -7 -10 5 6 -5 12 10 1 12 2 12 5 4 6 
6 4 5 12 2 12 1 10 12 -5 6 5 -10 -7 5 4 -5 8 2 5 
1 4 -11 5 -11 13 0 6 -10 12 -9 4 11 10 11 -10 7 4 9 8 
-13 11 10 0 11 -8 13 -8 -12 12 7 7 12 2 11 5 -3 9 11 8 
2 4 -2 -3 11 2 6 5 -9 6 9 -1 2 9 -11 1 9 -4 13 -8 
-12 3 -2 -5 7 7 5 11 12 -12 8 5 1 -8 0 5 7 11 12 6 
0 8 7 12 5 2 10 9 -5 12 6 6 2 -7 -5 9 -5 1 4 12 
9 13 -10 -10 2 3 10 -13 7 3 6 2 -8 -10 4 7 9 0 6 6 
10 0 13 3 9 2 -7 -3 -9 -5 11 13 -1 4 5 10 -13 6 3 5 
-10 5 3 -8 -13 4 5 -7 3 9 4 -12 4 4 13 10 12 2 3 1 
3 13 5 13 -5 9 -12 -6 4 11 3 9 -6 2 5 8 4 5 9 7 
47
6
7 17
11 10
13 6
17 2
2 11
7 9
12 2
8 9
6 13
2 17
17 8
12 10
10
15 2 8
19 8 16
8 4 13
15 13 10
6 15 8
4 17 8
0 11 16
11 15 13
4 6 10
13 4 8
36
3 1
12 5
6 11
16 19
13 12
16 6
18 15
4 16
2 5
17 19
3 11
11 16
14 2
10 19
5 6
14 17
6 4
12 9
16 18
7 14
13 8
3 0
6 7
3 13
1 4
15 3
17 14
2 0
16 8
8 3
5 17
9 0
14 13
5 2
13 15
7 10
