20 20
15 19 16 23 16 23 19 -15 5 -24 10 5 10 13 22 5 22 8 8 21 
-20 15 -10 17 -4 0 13 7 -12 20 3 18 13 21 22 13 -16 5 15 5 
15 -23 6 10 2 0 8 18 -14 1 8 8 13 4 9 -10 24 11 -20 7 
12 -3 15 11 -17 21 -13 19 3 -16 20 -24 4 12 23 -22 -6 20 23 19 
20 6 -24 9 15 18 14 2 -13 22 -12 13 24 24 -24 22 3 6 -10 22 
-13 -3 -8 23 17 23 -20 2 21 16 -22 15 16 12 22 12 24 17 10 11 
12 -20 2 11 19 -19 15 13 16 13 -23 19 12 9 1 5 22 2 -19 5 
3 3 18 7 22 24 -16 3 11 6 17 -9 -11 -12 15 6 0 3 6 16 
3 -10 -14 11 -9 3 5 4 9 -7 -10 1 9 2 3 -16 8 13 -15 23 
8 17 9 -8 8 18 13 21 19 14 3 0 1 19 -13 20 16 20 13 8 
8 13 20 16 20 -13 19 1 0 3 14 19 21 13 18 8 -8 9 17 8 
23 -15 13 8 -16 3 2 9 1 -10 -7 9 4 5 3 -9 11 -14 -10 3 
16 6 3 0 6 15 -12 -11 -9 17 6 11 3 -16 24 22 7 18 3 3 
5 -19 2 22 5 1 9 12 19 -23 13 16 13 15 -19 19 11 2 -20 12 
11 10 17 24 12 22 12 16 15 -22 16 21 2 -20 23 17 23 -8 -3 -13 
22 -10 6 3 22 -24 24 24 13 -12 22 -13 2 14 18 15 9 -24 6 20 
19 23 20 -6 -22 23 12 4 -24 20 -16 3 19 -13 21 -17 11 15 -3 12 
7 -20 11 24 -10 9 4 13 8 8 1 -14 18 8 0 2 10 6 -23 15 
5 15 5 -16 13 22 21 13 18 3 20 -12 7 13 0 -4 17 -10 15 -20 
21 8 8 22 5 22 13 10 5 10 -24 5 -15 19 23 16 23 16 19 15 
50
4
6 1
15 9
1 14
17 14
13 18
4 10
18 5
2 5
10
14 0 15
8 4 11
12 14 16
9 12 16
7 18 13
5 19 15
11 15 11
7 5 16
10 7 16
12 1 13
38
0 8
14 5
1 18
8 5
7 17
14 10
17 4
13 17
3 6
3 12
18 13
1 10
6 7
15 2
13 5
9 7
2 16
5 1
3 15
19 11
5 14
18 1
11 14
12 2
5 9
2 15
6 2
16 13
16 7
1 6
18 9
13 12
4 17
6 14
10 12
17 3
14 18
16 4
