20 20
11 14 12 16 2 19 -22 17 12 25 24 10 1 24 -15 2 6 8 22 5 
9 2 24 -22 24 -25 4 18 -12 -25 6 -19 10 15 -1 6 13 18 13 16 
-17 -8 25 -20 19 13 2 5 10 -7 13 -2 17 22 21 17 2 24 25 -16 
11 4 22 14 -4 16 14 14 23 -19 1 -21 18 19 21 6 15 24 25 12 
3 23 4 9 10 7 10 6 1 -6 -11 -6 16 8 -8 5 4 8 15 -10 
-5 12 12 10 6 2 -12 14 -16 -24 -4 -15 12 15 13 20 22 22 11 12 
22 13 -6 11 17 7 0 17 20 -13 -2 -14 12 1 3 11 23 12 9 9 
1 15 24 -16 24 5 4 18 7 24 12 7 19 3 24 -3 25 -8 23 -18 
22 25 -6 12 0 11 15 -19 6 21 10 5 3 5 -23 15 24 -11 13 -25 
-11 -23 25 2 6 12 2 7 10 -3 9 19 8 13 18 25 4 -22 -6 -20 
-20 -6 -22 4 25 18 13 8 19 9 -3 10 7 2 12 6 2 25 -23 -11 
-25 13 -11 24 15 -23 5 3 5 10 21 6 -19 15 11 0 12 -6 25 22 
-18 23 -8 25 -3 24 3 19 7 12 24 7 18 4 5 24 -16 24 15 1 
9 9 12 23 11 3 1 12 -14 -2 -13 20 17 0 7 17 11 -6 13 22 
12 11 22 22 20 13 15 12 -15 -4 -24 -16 14 -12 2 6 10 12 12 -5 
-10 15 8 4 5 -8 8 16 -6 -11 -6 1 6 10 7 10 9 4 23 3 
12 25 24 15 6 21 19 18 -21 1 -19 23 14 14 16 -4 14 22 4 11 
-16 25 24 2 17 21 22 17 -2 13 -7 10 5 2 13 19 -20 25 -8 -17 
16 13 18 13 6 -1 15 10 -19 6 -25 -12 18 4 -25 24 -22 24 2 9 
5 22 8 6 2 -15 24 1 10 24 25 12 17 -22 19 2 16 12 14 11 
38
3
9 7
14 1
3 1
10 12
5 18
16 18
20
16 15 15
10 9 14
5 13 16
2 18 12
0 17 15
5 8 12
0 5 9
3 8 11
19 7 8
6 7 11
3 4 15
9 10 14
14 6 16
17 1 12
19 2 15
14 11 12
19 14 9
16 11 11
0 12 8
13 12 11
36
18 10
1 19
3 5
13 10
19 13
19 3
16 9
2 15
9 18
7 13
5 15
1 5
11 19
0 18
1 12
5 3
16 17
10 5
1 9
18 0
16 14
6 9
0 6
0 16
3 10
17 4
10 1
12 6
14 4
18 14
8 0
19 1
18 7
14 16
3 2
9 14
