20 20
10 11 -9 -11 7 12 -11 10 9 12 11 6 3 13 -1 2 2 1 7 -8 
2 10 2 -6 1 1 6 -12 13 3 5 9 10 9 3 8 -12 2 4 4 
11 10 4 9 9 9 9 -4 10 9 3 6 9 2 4 11 1 6 -9 2 
4 3 5 2 1 2 9 6 -1 9 6 1 -10 8 -6 9 7 3 6 -10 
11 -13 13 1 11 3 8 8 -9 13 3 -10 -1 0 -11 12 6 13 7 -8 
11 3 -7 10 0 12 2 6 11 4 -8 -2 11 0 -3 10 8 3 12 0 
12 13 5 5 -5 8 3 -13 -11 -12 13 -7 11 10 9 4 -5 13 7 0 
-4 6 7 4 -4 -4 3 8 8 6 3 6 4 -12 7 13 5 9 -8 -1 
5 -9 0 13 3 4 1 8 7 1 10 -3 5 4 8 1 4 13 0 10 
8 11 5 13 2 5 9 11 -4 13 7 6 10 4 3 12 3 -13 7 12 
12 7 -13 3 12 3 4 10 6 7 13 -4 11 9 5 2 13 5 11 8 
10 0 13 4 1 8 4 5 -3 10 1 7 8 1 4 3 13 0 -9 5 
-1 -8 9 5 13 7 -12 4 6 3 6 8 8 3 -4 -4 4 7 6 -4 
0 7 13 -5 4 9 10 11 -7 13 -12 -11 -13 3 8 -5 5 5 13 12 
0 12 3 8 10 -3 0 11 -2 -8 4 11 6 2 12 0 10 -7 3 11 
-8 7 13 6 12 -11 0 -1 -10 3 13 -9 8 8 3 11 1 13 -13 11 
-10 6 3 7 9 -6 8 -10 1 6 9 -1 6 9 2 1 2 5 3 4 
2 -9 6 1 11 4 2 9 6 3 9 10 -4 9 9 9 9 4 10 11 
4 4 2 -12 8 3 9 10 9 5 3 13 -12 6 1 1 -6 2 10 2 
-8 7 1 2 2 -1 13 3 6 11 12 9 10 -11 12 7 -11 -9 11 10 
40
5
16 0
1 15
15 18
19 5
0 5
3 19
18 4
4 1
0 14
19 14
20
11 6 10
14 12 16
4 10 12
0 12 14
4 19 8
4 2 10
14 3 11
7 5 8
15 12 11
0 10 11
8 13 10
5 7 16
15 9 12
19 7 14
15 0 8
15 17 10
5 16 11
12 14 8
4 7 11
19 9 11
38
0 11
16 3
9 4
18 16
6 5
14 1
7 2
18 17
17 3
1 10
1 0
6 15
7 10
1 11
11 17
7 13
3 6
13 7
1 19
19 8
3 16
10 15
1 3
13 14
5 18
12 17
1 2
2 16
18 9
18 19
13 4
12 9
18 8
8 2
12 6
16 13
6 12
18 0
