20 20
0 -4 5 -1 10 -2 8 7 -8 5 -9 -1 7 8 -8 3 5 1 10 -3 
8 8 -4 3 -4 5 2 11 9 -8 2 0 8 10 9 -7 -1 3 10 9 
10 -1 -6 9 7 3 5 0 3 8 -6 -5 5 0 -11 0 7 -10 -5 2 
7 8 5 -8 9 11 6 4 4 5 -5 8 4 9 7 9 -9 1 7 6 
6 -1 10 2 0 -8 4 9 4 -3 2 -3 10 3 3 -6 10 7 5 9 
6 8 11 5 3 -5 9 -7 3 1 9 11 -2 3 -8 -10 -8 4 -8 -8 
8 7 6 7 6 9 5 -8 8 2 -4 7 2 10 10 4 0 3 3 3 
8 5 1 7 4 -3 1 -4 6 1 -2 7 -3 2 -1 6 7 4 -3 6 
-3 7 -2 11 1 6 10 9 -7 2 -10 10 -9 -6 7 -10 -5 -5 2 -8 
1 5 2 -10 8 7 6 -9 4 1 8 9 -10 3 2 -9 9 11 2 9 
9 2 11 9 -9 2 3 -10 9 8 1 4 -9 6 7 8 -10 2 5 1 
-8 2 -5 -5 -10 7 -6 -9 10 -10 2 -7 9 10 6 1 11 -2 7 -3 
6 -3 4 7 6 -1 2 -3 7 -2 1 6 -4 1 -3 4 7 1 5 8 
3 3 3 0 4 10 10 2 7 -4 2 8 -8 5 9 6 7 6 7 8 
-8 -8 4 -8 -10 -8 3 -2 11 9 1 3 -7 9 -5 3 5 11 8 6 
9 5 7 10 -6 3 3 10 -3 2 -3 4 9 4 -8 0 2 10 -1 6 
6 7 1 -9 9 7 9 4 8 -5 5 4 4 6 11 9 -8 5 8 7 
2 -5 -10 7 0 -11 0 5 -5 -6 8 3 0 5 3 7 9 -6 -1 10 
9 10 3 -1 -7 9 10 8 0 2 -8 9 11 2 5 -4 3 -4 8 8 
-3 10 1 5 3 -8 8 7 -1 -9 5 -8 7 8 -2 10 -1 5 -4 0 
36
6
17 6
6 7
3 11
6 14
11 16
7 0
2 13
13 12
16 8
13 5
8 3
12 19
10
1 17 12
12 5 9
15 18 11
14 9 12
14 5 16
18 2 12
7 14 9
4 1 11
5 10 12
5 14 16
28
4 13
14 17
16 2
10 1
3 2
1 8
5 18
8 15
15 9
4 18
14 10
3 12
13 8
2 4
15 6
5 2
3 17
9 18
16 17
18 11
14 1
11 4
4 10
15 1
5 9
16 7
6 11
17 15
