20 20
-2 11 9 -5 6 -7 7 -10 11 1 1 -11 -11 11 5 9 1 8 8 6 
7 9 0 10 8 4 3 -5 8 -9 6 11 6 9 -1 0 8 8 8 1 
8 1 -8 7 4 2 6 -3 -2 -1 7 5 6 -1 6 4 7 6 1 4 
1 10 -10 -8 -7 0 3 7 11 9 1 -9 -4 10 3 6 0 9 8 1 
7 3 9 1 6 4 -7 -11 7 -9 -7 4 7 3 3 -8 4 8 -10 7 
-3 9 -11 1 3 0 -1 4 -10 0 7 1 0 -8 3 0 11 10 6 8 
-6 0 9 3 2 -8 11 -11 -2 7 8 2 2 4 11 10 -1 -1 0 10 
-10 -11 -4 7 11 7 0 -11 4 4 5 3 3 1 10 8 9 0 9 -9 
5 -9 8 7 -4 2 1 11 5 9 8 5 3 7 2 9 10 -2 -1 -4 
2 -7 2 -4 9 -7 4 5 8 8 6 -6 -11 2 -6 9 1 10 -9 -8 
-8 -9 10 1 9 -6 2 -11 -6 6 8 8 5 4 -7 9 -4 2 -7 2 
-4 -1 -2 10 9 2 7 3 5 8 9 5 11 1 2 -4 7 8 -9 5 
-9 9 0 9 8 10 1 3 3 5 4 4 -11 0 7 11 7 -4 -11 -10 
10 0 -1 -1 10 11 4 2 2 8 7 -2 -11 11 -8 2 3 9 0 -6 
8 6 10 11 0 3 -8 0 1 7 0 -10 4 -1 0 3 1 -11 9 -3 
7 -10 8 4 -8 3 3 7 4 -7 -9 7 -11 -7 4 6 1 9 3 7 
1 8 9 0 6 3 10 -4 -9 1 9 11 7 3 0 -7 -8 -10 10 1 
4 1 6 7 4 6 -1 6 5 7 -1 -2 -3 6 2 4 7 -8 1 8 
1 8 8 8 0 -1 9 6 11 6 -9 8 -5 3 4 8 10 0 9 7 
6 8 8 1 9 5 11 -11 -11 1 1 11 -10 7 -7 6 -5 9 11 -2 
58
7
4 2
17 6
0 7
19 14
13 18
2 3
8 3
15 17
2 13
19 12
0 5
6 1
17 16
11 16
12
14 4 14
13 4 12
6 11 12
18 11 8
6 7 11
9 12 16
5 15 14
6 15 12
13 8 12
1 8 8
13 12 11
10 7 16
32
4 8
12 13
14 19
17 3
17 9
1 15
12 1
10 16
16 6
13 14
3 2
11 2
8 0
7 16
1 7
11 0
15 11
7 6
5 0
2 16
2 10
18 4
7 18
9 3
3 13
6 5
16 17
8 17
11 19
12 3
18 12
8 19
