20 20
-16 -3 -5 15 6 7 10 -16 0 -14 5 13 12 4 0 8 16 3 -13 -12 
6 13 3 15 5 10 -14 0 12 3 11 1 11 9 13 13 -13 9 3 14 
10 -14 3 17 2 12 16 17 -9 4 9 -9 13 -15 -15 7 13 10 11 8 
5 -11 10 10 2 12 -15 4 16 10 13 3 12 6 11 -1 4 11 -14 4 
11 2 3 14 -17 6 9 16 14 7 -16 -9 15 8 3 -1 -9 1 -5 -10 
1 -3 5 -12 2 1 9 7 15 8 13 2 2 -11 4 10 10 12 2 5 
3 0 11 12 15 -3 4 12 2 4 0 7 2 2 -3 -9 -2 13 17 13 
1 13 -12 12 -6 13 -9 13 11 5 15 13 4 9 -12 -16 13 5 12 -5 
11 3 8 17 -8 1 4 9 15 2 14 -13 8 16 6 -9 11 14 17 7 
15 12 -2 6 -12 5 5 15 -9 7 17 -1 -12 -17 -13 -10 -16 6 -14 17 
17 -14 6 -16 -10 -13 -17 -12 -1 17 7 -9 15 5 5 -12 6 -2 12 15 
7 17 14 11 -9 6 16 8 -13 14 2 15 9 4 1 -8 17 8 3 11 
-5 12 5 13 -16 -12 9 4 13 15 5 11 13 -9 13 -6 12 -12 13 1 
13 17 13 -2 -9 -3 2 2 7 0 4 2 12 4 -3 15 12 11 0 3 
5 2 12 10 10 4 -11 2 2 13 8 15 7 9 1 2 -12 5 -3 1 
-10 -5 1 -9 -1 3 8 15 -9 -16 7 14 16 9 6 -17 14 3 2 11 
4 -14 11 4 -1 11 6 12 3 13 10 16 4 -15 12 2 10 10 -11 5 
8 11 10 13 7 -15 -15 13 -9 9 4 -9 17 16 12 2 17 3 -14 10 
14 3 9 -13 13 13 9 11 1 11 3 12 0 -14 10 5 15 3 13 6 
-12 -13 3 16 8 0 4 12 13 5 -14 0 -16 10 7 6 15 -5 -3 -16 
48
6
17 0
16 7
11 2
5 17
12 10
16 6
2 19
3 12
8 17
14 2
7 9
3 13
8
9 19 16
8 14 12
13 11 13
15 4 16
10 0 16
11 5 12
6 8 13
4 15 16
40
14 5
1 13
6 18
6 2
15 11
8 12
7 1
4 5
14 18
18 19
0 16
19 16
2 17
16 12
16 9
17 12
12 14
10 14
16 15
19 4
5 14
18 6
13 1
13 17
4 8
11 7
12 18
15 14
5 1
1 0
19 3
0 3
17 2
3 7
3 10
2 7
7 5
9 5
3 4
0 15
