20 20
6 6 17 13 -6 19 15 5 17 -17 -5 17 7 1 9 -6 -11 10 5 -7 
16 10 -7 14 -2 7 7 15 -10 0 -10 18 11 9 -17 -8 -3 0 7 15 
15 -19 -18 7 16 -2 8 -6 12 -3 -14 6 12 -3 16 8 -15 4 17 17 
5 -10 7 12 15 14 18 -11 -16 1 -6 5 7 -6 13 5 12 -1 7 19 
0 0 17 1 18 0 18 16 -9 -6 19 17 0 19 4 3 -8 1 -9 -2 
18 12 13 3 18 19 5 -3 -12 18 -14 15 -17 12 12 11 -3 -3 9 7 
6 10 -14 11 12 11 9 15 1 17 5 -6 16 -7 16 3 4 -4 -4 11 
0 5 6 10 9 15 2 -14 11 1 -8 -19 -12 17 18 3 11 17 12 -6 
17 6 4 -19 -2 18 -18 18 -1 1 -14 10 -3 -9 -19 13 10 3 2 3 
13 5 6 -19 8 0 1 4 6 -1 -4 12 4 15 1 -3 1 12 1 0 
0 1 12 1 -3 1 15 4 12 -4 -1 6 4 1 0 8 -19 6 5 13 
3 2 3 10 13 -19 -9 -3 10 -14 1 -1 18 -18 18 -2 -19 4 6 17 
-6 12 17 11 3 18 17 -12 -19 -8 1 11 -14 2 15 9 10 6 5 0 
11 -4 -4 4 3 16 -7 16 -6 5 17 1 15 9 11 12 11 -14 10 6 
7 9 -3 -3 11 12 12 -17 15 -14 18 -12 -3 5 19 18 3 13 12 18 
-2 -9 1 -8 3 4 19 0 17 19 -6 -9 16 18 0 18 1 17 0 0 
19 7 -1 12 5 13 -6 7 5 -6 1 -16 -11 18 14 15 12 7 -10 5 
17 17 4 -15 8 16 -3 12 6 -14 -3 12 -6 8 -2 16 7 -18 -19 15 
15 7 0 -3 -8 -17 9 11 18 -10 0 -10 15 7 7 -2 14 -7 10 16 
-7 5 10 -11 -6 9 1 7 17 -5 -17 17 5 15 19 -6 13 17 6 6 
48
4
17 11
4 9
11 19
14 13
2 8
15 10
8 0
5 6
6
13 16 10
18 6 16
19 3 8
6 3 10
1 13 16
0 16 8
26
12 15
14 8
7 12
9 4
18 0
12 16
1 2
19 5
19 1
18 14
3 2
17 9
14 11
7 4
5 11
12 7
10 15
1 19
7 3
18 17
0 14
0 18
1 5
16 17
2 10
5 8
