20 20
26 4 18 8 16 -13 21 0 23 3 22 1 28 -10 25 -3 -23 18 19 2 
-20 -11 0 0 15 25 12 1 20 16 -3 10 22 23 -2 -16 0 -17 14 -9 
9 22 12 16 8 2 8 21 13 25 -27 18 -9 -23 26 -24 1 24 13 13 
13 -25 26 12 -8 -23 10 12 6 18 -22 -14 26 -1 7 16 -13 -13 27 18 
14 4 9 6 26 28 -17 8 -15 -17 -4 10 -19 -26 4 19 -9 16 29 16 
17 -21 27 13 -24 27 16 29 -9 -6 10 20 3 4 7 3 -25 -8 -8 23 
21 11 28 2 20 3 -19 5 13 20 7 16 8 -14 3 7 3 -11 17 12 
7 -18 -5 13 13 1 -23 14 3 2 6 17 -12 26 3 -22 -6 11 27 1 
12 16 8 15 10 13 -26 16 25 9 3 27 -18 29 23 24 8 -20 29 11 
3 8 28 27 29 12 17 26 -8 17 17 -19 -25 28 27 10 2 7 16 10 
10 16 7 2 10 27 28 -25 -19 17 17 -8 26 17 12 29 27 28 8 3 
11 29 -20 8 24 23 29 -18 27 3 9 25 16 -26 13 10 15 8 16 12 
1 27 11 -6 -22 3 26 -12 17 6 2 3 14 -23 1 13 13 -5 -18 7 
12 17 -11 3 7 3 -14 8 16 7 20 13 5 -19 3 20 2 28 11 21 
23 -8 -8 -25 3 7 4 3 20 10 -6 -9 29 16 27 -24 13 27 -21 17 
16 29 16 -9 19 4 -26 -19 10 -4 -17 -15 8 -17 28 26 6 9 4 14 
18 27 -13 -13 16 7 -1 26 -14 -22 18 6 12 10 -23 -8 12 26 -25 13 
13 13 24 1 -24 26 -23 -9 18 -27 25 13 21 8 2 8 16 12 22 9 
-9 14 -17 0 -16 -2 23 22 10 -3 16 20 1 12 25 15 0 0 -11 -20 
2 19 18 -23 -3 25 -10 28 1 22 3 23 0 21 -13 16 8 18 4 26 
54
2
9 11
19 0
10 8
0 19
20
19 1 13
0 15 12
0 14 11
18 4 12
11 8 8
2 18 9
3 5 10
7 19 10
16 13 13
6 18 10
0 18 13
19 4 12
19 5 11
1 15 12
8 11 8
17 1 9
16 14 10
12 0 10
3 6 13
13 1 10
34
3 1
8 7
6 8
0 2
15 5
6 17
16 10
9 8
7 11
11 15
2 0
15 7
6 14
18 15
0 16
19 7
1 13
16 18
11 12
13 11
19 17
4 14
13 2
3 9
10 11
12 8
8 4
17 19
4 12
13 5
1 4
19 3
0 12
18 6
