20 20
5 1 1 -1 8 1 4 8 -2 6 -6 2 9 6 4 -9 0 7 5 0 
-8 5 1 3 9 7 2 3 4 -9 9 9 3 0 -2 2 9 6 8 1 
9 2 3 4 9 2 2 9 5 7 4 -2 -5 2 6 3 1 -5 1 8 
-9 9 1 4 -8 9 9 1 3 -2 -8 0 -2 6 4 -5 6 -6 -7 0 
6 0 -6 8 0 9 9 9 4 3 3 7 1 -5 2 0 6 1 -4 7 
9 9 7 5 3 3 9 1 3 5 -3 6 5 5 0 0 -4 6 -1 4 
6 4 -5 5 2 -6 1 9 7 4 6 7 0 -1 5 1 6 -7 2 -8 
-7 0 6 5 5 -5 2 5 -4 9 5 9 5 -7 8 7 9 -4 -7 -5 
1 1 -3 3 1 1 8 1 5 -4 6 5 2 0 -3 5 8 1 -1 -9 
7 -9 2 7 1 8 4 -7 -3 7 -6 9 -7 9 9 8 1 8 7 5 
5 7 8 1 8 9 9 -7 9 -6 7 -3 -7 4 8 1 7 2 -9 7 
-9 -1 1 8 5 -3 0 2 5 6 -4 5 1 8 1 1 3 -3 1 1 
-5 -7 -4 9 7 8 -7 5 9 5 9 -4 5 2 -5 5 5 6 0 -7 
-8 2 -7 6 1 5 -1 0 7 6 4 7 9 1 -6 2 5 -5 4 6 
4 -1 6 -4 0 0 5 5 6 -3 5 3 1 9 3 3 5 7 9 9 
7 -4 1 6 0 2 -5 1 7 3 3 4 9 9 9 0 8 -6 0 6 
0 -7 -6 6 -5 4 6 -2 0 -8 -2 3 1 9 9 -8 4 1 9 -9 
8 1 -5 1 3 6 2 -5 -2 4 7 5 9 2 2 9 4 3 2 9 
1 8 6 9 2 -2 0 3 9 9 -9 4 3 2 7 9 3 1 5 -8 
0 5 7 0 -9 4 6 9 2 -6 6 -2 8 4 1 8 -1 1 1 5 
34
4
5 15
10 15
19 0
7 8
14 4
9 4
0 19
12 11
12
18 4 16
13 0 13
0 5 15
14 17 15
8 15 13
19 7 13
1 15 16
6 19 13
19 14 15
5 2 15
11 4 13
0 12 13
32
7 17
14 6
5 3
14 2
13 8
15 13
7 11
10 5
17 10
18 5
9 6
13 12
16 8
12 13
6 8
13 16
12 2
5 13
14 16
5 17
6 11
4 6
12 8
9 14
2 9
1 14
10 13
6 7
3 11
7 6
13 11
6 3
