20 20
17 16 12 3 24 16 3 28 25 11 -13 16 -21 22 20 15 22 -11 22 -12 
13 7 25 18 1 19 -14 -3 5 8 25 15 23 25 15 20 27 11 28 22 
12 15 -18 22 8 -25 16 -3 -20 16 15 3 27 -15 1 20 -15 -26 6 20 
27 -17 1 18 -13 -26 5 -10 5 28 24 11 15 -11 1 -2 6 19 18 21 
13 6 18 0 2 24 10 -20 25 -17 4 4 19 15 9 7 -17 23 18 3 
-12 -24 19 11 -14 10 20 22 12 -4 -13 19 21 6 -22 21 3 -6 15 18 
7 3 8 -28 -26 16 4 28 -14 3 28 22 14 -20 25 -1 26 20 10 21 
12 -6 10 0 19 5 -1 3 9 25 -1 -5 13 28 -27 -22 15 27 14 28 
20 24 25 -19 17 10 4 7 23 28 21 10 28 13 4 -9 25 24 24 -16 
5 27 6 22 3 19 28 22 -24 15 -5 2 20 9 9 -4 17 6 1 22 
22 1 6 17 -4 9 9 20 2 -5 15 -24 22 28 19 3 22 6 27 5 
-16 24 24 25 -9 4 13 28 10 21 28 23 7 4 10 17 -19 25 24 20 
28 14 27 15 -22 -27 28 13 -5 -1 25 9 3 -1 5 19 0 10 -6 12 
21 10 20 26 -1 25 -20 14 22 28 3 -14 28 4 16 -26 -28 8 3 7 
18 15 -6 3 21 -22 6 21 19 -13 -4 12 22 20 10 -14 11 19 -24 -12 
3 18 23 -17 7 9 15 19 4 4 -17 25 -20 10 24 2 0 18 6 13 
21 18 19 6 -2 1 -11 15 11 24 28 5 -10 5 -26 -13 18 1 -17 27 
20 6 -26 -15 20 1 -15 27 3 15 16 -20 -3 16 -25 8 22 -18 15 12 
22 28 11 27 20 15 25 23 15 25 8 5 -3 -14 19 1 18 25 7 13 
-12 22 -11 22 15 20 22 -21 16 -13 11 25 28 3 16 24 3 12 16 17 
32
6
11 3
13 15
4 10
10 9
13 2
14 12
8 16
6 4
15 9
9 10
6 17
5 7
8
12 1 10
11 15 8
1 3 14
13 12 9
7 18 10
8 4 8
18 16 14
6 7 9
34
17 10
7 0
11 2
8 6
18 1
1 5
5 17
8 11
14 3
8 14
6 3
2 12
19 9
3 9
2 5
18 0
0 19
2 9
12 19
8 17
11 13
1 18
18 14
14 2
11 8
5 16
11 5
13 16
17 7
0 10
16 10
17 14
1 19
19 0
