20 20
11 1 16 -17 14 17 -2 -9 0 8 14 2 -1 -16 14 12 18 10 3 3 
1 -19 2 8 11 -13 0 16 8 -14 16 5 5 14 15 15 15 0 -7 7 
11 -17 10 4 -14 -7 -19 -17 5 -7 15 6 4 -9 4 15 3 -5 11 -4 
4 4 4 14 19 -9 1 -13 -4 2 8 1 1 -3 10 -16 14 16 -17 13 
4 10 6 12 11 -5 -18 15 -9 16 -2 12 11 8 6 -5 19 12 -4 10 
0 19 18 18 11 6 -10 15 5 7 10 5 15 1 17 3 7 9 4 -17 
12 9 17 15 -15 15 14 1 6 -2 1 16 -10 -3 18 -17 1 17 9 -16 
1 6 3 -19 10 14 -2 9 -16 8 -4 10 16 -18 13 8 -6 4 17 19 
16 13 -5 -6 7 -5 1 17 18 3 9 12 1 13 7 4 -12 19 8 -19 
11 19 -18 10 11 -7 11 -14 19 -9 2 1 1 -10 12 3 12 0 19 -14 
-14 19 0 12 3 12 -10 1 1 2 -9 19 -14 11 -7 11 10 -18 19 11 
-19 8 19 -12 4 7 13 1 12 9 3 18 17 1 -5 7 -6 -5 13 16 
19 17 4 -6 8 13 -18 16 10 -4 8 -16 9 -2 14 10 -19 3 6 1 
-16 9 17 1 -17 18 -3 -10 16 1 -2 6 1 14 15 -15 15 17 9 12 
-17 4 9 7 3 17 1 15 5 10 7 5 15 -10 6 11 18 18 19 0 
10 -4 12 19 -5 6 8 11 12 -2 16 -9 15 -18 -5 11 12 6 10 4 
13 -17 16 14 -16 10 -3 1 1 8 2 -4 -13 1 -9 19 14 4 4 4 
-4 11 -5 3 15 4 -9 4 6 15 -7 5 -17 -19 -7 -14 4 10 -17 11 
7 -7 0 15 15 15 14 5 5 16 -14 8 16 0 -13 11 8 2 -19 1 
3 3 10 18 12 14 -16 -1 2 14 8 0 -9 -2 17 14 -17 16 1 11 
50
7
0 14
8 7
0 5
9 7
12 3
7 12
0 7
19 5
11 12
19 14
10 12
7 16
12 7
19 12
12
12 10 11
8 11 13
4 10 9
14 0 14
15 10 8
17 2 15
7 9 11
11 8 13
15 9 9
5 19 14
4 9 8
2 17 15
40
16 10
17 4
4 16
14 17
17 19
19 13
4 18
13 0
0 17
5 10
0 3
16 17
6 17
9 5
4 3
13 1
15 11
0 4
15 19
14 19
3 9
2 15
15 3
5 2
2 0
0 6
15 1
6 19
19 2
14 9
19 16
3 2
13 2
10 14
15 16
6 18
4 8
19 15
4 0
5 0
