20 20
7 6 8 9 3 3 3 9 2 -4 5 -6 0 6 -9 1 2 5 8 1 
4 4 1 4 5 2 5 4 2 -7 0 -3 3 4 -5 7 6 0 3 -3 
8 2 -3 7 1 1 1 0 8 -6 7 -9 0 2 -8 2 7 3 2 -6 
6 2 4 2 -1 1 3 1 0 2 7 4 6 3 1 -9 9 -6 8 5 
6 5 4 4 -2 -2 7 8 -8 7 4 -9 -7 -2 9 5 8 5 7 0 
1 3 9 -2 4 2 3 -4 -7 4 1 7 9 3 9 3 9 -8 -3 0 
2 -7 9 0 -3 4 7 8 -1 9 2 -6 8 3 1 5 -5 -3 -7 -4 
6 -9 -6 -6 3 -6 8 4 0 6 6 7 2 3 5 6 4 6 6 7 
8 2 5 4 4 4 -9 0 -6 -5 3 8 7 3 7 5 -5 -1 4 -1 
7 2 9 6 -2 7 6 -9 1 -5 2 3 1 9 -3 -7 7 -8 3 -7 
-7 3 -8 7 -7 -3 9 1 3 2 -5 1 -9 6 7 -2 6 9 2 7 
-1 4 -1 -5 5 7 3 7 8 3 -5 -6 0 -9 4 4 4 5 2 8 
7 6 6 4 6 5 3 2 7 6 6 0 4 8 -6 3 -6 -6 -9 6 
-4 -7 -3 -5 5 1 3 8 -6 2 9 -1 8 7 4 -3 0 9 -7 2 
0 -3 -8 9 3 9 3 9 7 1 4 -7 -4 3 2 4 -2 9 3 1 
0 7 5 8 5 9 -2 -7 -9 4 7 -8 8 7 -2 -2 4 4 5 6 
5 8 -6 9 -9 1 3 6 4 7 2 0 1 3 1 -1 2 4 2 6 
-6 2 3 7 2 -8 2 0 -9 7 -6 8 0 1 1 1 7 -3 2 8 
-3 3 0 6 7 -5 4 3 -3 0 -7 2 4 5 2 5 4 1 4 4 
1 8 5 2 1 -9 6 0 -6 5 -4 2 9 3 3 3 9 8 6 7 
43
8
6 4
4 6
11 19
6 0
6 11
4 7
11 1
11 12
13 15
15 13
8 0
13 19
13 8
15 12
8 18
8 7
6
11 15 14
10 15 15
15 17 15
8 4 14
9 4 15
4 2 15
34
7 16
1 17
11 7
6 13
13 3
2 15
4 10
12 14
12 8
1 18
5 0
0 18
10 8
14 13
16 4
18 0
13 5
12 3
18 2
8 12
13 6
6 16
17 4
15 9
7 5
7 11
18 1
14 19
19 1
9 11
5 6
3 15
1 19
6 14
