20 20
-7 7 3 10 5 8 9 3 9 -10 2 2 7 6 4 11 -9 0 6 7 
4 8 4 11 0 -11 3 12 -2 9 12 2 5 5 -8 2 12 12 -9 6 
8 4 5 -3 1 1 6 0 7 0 -11 -5 9 -1 6 7 4 0 1 4 
6 2 7 11 2 5 3 8 -11 -2 -3 -2 5 11 2 4 9 10 5 1 
-7 7 5 8 7 12 2 10 8 0 1 2 3 4 3 0 6 -8 7 9 
6 -4 7 -9 -5 -9 6 -9 10 9 4 2 7 3 6 5 8 9 -2 2 
7 11 -11 9 3 12 12 12 5 -2 -4 6 -4 6 0 7 3 4 -2 3 
9 1 3 0 1 12 12 6 4 0 0 -6 -2 0 2 11 8 7 0 -6 
0 2 1 0 -5 3 -2 11 4 7 3 8 5 1 2 11 7 2 -11 -5 
7 4 7 2 3 4 -9 2 4 -9 -8 3 10 6 -7 11 5 -12 7 5 
5 7 -12 5 11 -7 6 10 3 -8 -9 4 2 -9 4 3 2 7 4 7 
-5 -11 2 7 11 2 1 5 8 3 7 4 11 -2 3 -5 0 1 2 0 
-6 0 7 8 11 2 0 -2 -6 0 0 4 6 12 12 1 0 3 1 9 
3 -2 4 3 7 0 6 -4 6 -4 -2 5 12 12 12 3 9 -11 11 7 
2 -2 9 8 5 6 3 7 2 4 9 10 -9 6 -9 -5 -9 7 -4 6 
9 7 -8 6 0 3 4 3 2 1 0 8 10 2 12 7 8 5 7 -7 
1 5 10 9 4 2 11 5 -2 -3 -2 -11 8 3 5 2 11 7 2 6 
4 1 0 4 7 6 -1 9 -5 -11 0 7 0 6 1 1 -3 5 4 8 
6 -9 12 12 2 -8 5 5 2 12 9 -2 12 3 -11 0 11 4 8 4 
7 6 0 -9 11 4 6 7 2 2 -10 9 3 9 8 5 10 3 7 -7 
44
5
6 11
12 11
12 0
3 5
9 1
13 8
7 8
7 19
16 14
10 18
10
1 15 10
12 7 13
3 6 10
6 15 14
5 19 8
18 4 10
7 12 13
16 13 10
13 4 14
14 0 8
32
5 14
8 16
19 7
10 9
2 7
7 6
6 5
0 6
6 1
17 4
3 15
13 15
16 18
9 4
18 12
15 7
14 5
11 3
0 12
9 10
17 12
12 13
13 14
19 13
13 18
2 15
16 4
6 4
3 1
10 15
1 7
4 12
