20 20
21 -24 -2 -13 5 10 6 16 12 8 -17 21 3 -8 -13 8 -1 15 17 23 
-7 2 23 3 19 -5 0 1 -20 7 9 21 9 20 -14 17 5 20 24 20 
18 2 -16 -9 9 -5 20 6 16 6 19 -18 23 13 16 -4 -13 10 1 -17 
-10 -10 9 15 -7 18 -22 13 17 15 -18 8 17 3 0 4 9 4 -2 0 
-14 4 23 2 8 1 -5 13 4 -2 -20 16 -14 18 4 -3 0 2 19 -2 
23 -19 -17 5 4 5 16 17 14 17 7 6 14 13 15 6 22 18 15 -9 
7 15 -2 17 20 12 1 -17 24 19 4 14 8 9 18 1 14 2 20 -6 
2 -23 16 -10 23 6 14 13 -19 22 15 12 9 19 -22 16 13 19 24 11 
15 -10 14 -16 -14 0 23 18 -12 13 12 1 9 -11 16 14 5 20 21 24 
6 14 15 17 13 23 0 9 19 0 17 13 -10 15 -18 0 7 5 -12 -20 
-20 -12 5 7 0 -18 15 -10 13 17 0 19 9 0 23 13 17 15 14 6 
24 21 20 5 14 16 -11 9 1 12 13 -12 18 23 0 -14 -16 14 -10 15 
11 24 19 13 16 -22 19 9 12 15 22 -19 13 14 6 23 -10 16 -23 2 
-6 20 2 14 1 18 9 8 14 4 19 24 -17 1 12 20 17 -2 15 7 
-9 15 18 22 6 15 13 14 6 7 17 14 17 16 5 4 5 -17 -19 23 
-2 19 2 0 -3 4 18 -14 16 -20 -2 4 13 -5 1 8 2 23 4 -14 
0 -2 4 9 4 0 3 17 8 -18 15 17 13 -22 18 -7 15 9 -10 -10 
-17 1 10 -13 -4 16 13 23 -18 19 6 16 6 20 -5 9 -9 -16 2 18 
20 24 20 5 17 -14 20 9 21 9 7 -20 1 0 -5 19 3 23 2 -7 
23 17 15 -1 8 -13 -8 3 21 -17 8 12 16 6 10 5 -13 -2 -24 21 
56
2
7 19
16 13
12 0
3 6
20
17 19 14
5 2 16
14 2 9
7 12 13
13 1 13
1 11 9
19 0 13
5 12 12
3 18 11
16 2 14
2 0 14
14 17 16
5 17 9
12 7 13
6 18 13
18 8 9
0 19 13
14 7 12
16 1 11
3 17 14
28
14 10
5 19
13 14
4 6
8 15
15 0
16 9
19 18
15 18
3 2
6 9
3 9
16 12
12 1
5 9
14 0
6 5
15 13
11 4
4 19
3 10
0 1
4 1
16 17
13 10
16 10
3 7
7 18
