20 20
0 -4 0 2 0 -2 1 1 -3 2 -4 -2 1 3 3 2 3 3 1 -2 
1 4 2 -2 3 -2 3 2 1 -2 1 4 3 2 2 3 1 3 4 -1 
-2 1 4 2 4 1 2 1 3 3 4 3 1 4 2 2 1 2 0 3 
4 -2 3 4 4 3 0 3 1 2 -3 -4 1 4 -3 0 4 3 3 0 
1 2 -1 0 4 -1 1 2 1 3 4 1 1 4 3 2 4 2 1 -2 
2 2 3 1 3 4 -3 3 1 3 1 3 3 0 1 0 0 4 1 3 
3 1 -2 3 -1 3 -2 3 2 -3 0 4 1 -4 3 2 0 2 2 3 
0 4 0 -3 0 4 4 4 0 4 2 4 4 4 0 2 2 4 -2 1 
1 -1 1 0 1 2 0 0 3 -2 2 2 2 1 3 4 -4 4 0 -4 
2 -4 3 2 -3 1 2 4 2 -3 1 0 -1 -3 -2 3 4 -2 2 3 
3 2 -2 4 3 -2 -3 -1 0 1 -3 2 4 2 1 -3 2 3 -4 2 
-4 0 4 -4 4 3 1 2 2 2 -2 3 0 0 2 1 0 1 -1 1 
1 -2 4 2 2 0 4 4 4 2 4 0 4 4 4 0 -3 0 4 0 
3 2 2 0 2 3 -4 1 4 0 -3 2 3 -2 3 -1 3 -2 1 3 
3 1 4 0 0 1 0 3 3 1 3 1 3 -3 4 3 1 3 2 2 
-2 1 2 4 2 3 4 1 1 4 3 1 2 1 -1 4 0 -1 2 1 
0 3 3 4 0 -3 4 1 -4 -3 2 1 3 0 3 4 4 3 -2 4 
3 0 2 1 2 2 4 1 3 4 3 3 1 2 1 4 2 4 1 -2 
-1 4 3 1 3 2 2 3 4 1 -2 1 2 3 -2 3 -2 2 4 1 
-2 1 3 3 2 3 3 1 -2 -4 2 -3 1 1 -2 0 2 0 -4 0 
49
3
16 6
16 5
8 0
3 13
3 14
11 19
18
1 17 11
10 7 14
0 16 10
13 2 15
17 11 12
8 14 14
4 2 10
19 13 15
8 16 13
18 2 11
9 12 14
19 3 10
6 17 15
2 8 12
11 5 14
15 17 10
0 6 15
11 3 13
34
18 0
13 8
3 16
6 4
8 5
16 0
18 8
9 6
8 18
14 3
1 16
14 0
9 17
11 10
7 10
16 12
17 2
1 19
6 11
16 3
13 15
11 14
3 19
1 11
10 13
11 1
5 16
18 3
5 19
10 2
8 9
12 9
3 7
2 17
