20 20
25 16 13 8 21 -22 20 0 -11 11 19 3 26 20 25 19 4 -17 -6 15 
-1 -1 10 -5 -2 17 20 -12 -19 21 18 20 20 -25 26 6 -8 24 25 -1 
6 7 11 1 12 1 24 1 18 22 -17 -2 23 24 -13 12 5 7 5 11 
26 6 -9 19 7 2 -21 10 19 4 -2 -8 14 11 11 2 17 23 9 20 
-21 12 1 4 22 1 21 1 -10 26 8 18 23 3 5 11 1 7 -21 12 
21 2 23 -16 -23 2 -17 9 21 9 23 -9 12 24 14 13 23 -18 14 26 
7 16 -25 3 17 13 16 25 16 6 4 1 19 -10 23 9 1 4 20 9 
20 -17 -2 25 -1 8 4 11 4 6 -2 8 10 19 18 -24 26 25 12 25 
-19 -9 10 20 25 12 16 24 12 26 -15 20 16 22 17 2 -15 14 7 -6 
-19 21 20 -8 5 26 9 11 -22 17 -14 10 6 -16 -6 -7 8 18 14 11 
11 14 18 8 -7 -6 -16 6 10 -14 17 -22 11 9 26 5 -8 20 21 -19 
-6 7 14 -15 2 17 22 16 20 -15 26 12 24 16 12 25 20 10 -9 -19 
25 12 25 26 -24 18 19 10 8 -2 6 4 11 4 8 -1 25 -2 -17 20 
9 20 4 1 9 23 -10 19 1 4 6 16 25 16 13 17 3 -25 16 7 
26 14 -18 23 13 14 24 12 -9 23 9 21 9 -17 2 -23 -16 23 2 21 
12 -21 7 1 11 5 3 23 18 8 26 -10 1 21 1 22 4 1 12 -21 
20 9 23 17 2 11 11 14 -8 -2 4 19 10 -21 2 7 19 -9 6 26 
11 5 7 5 12 -13 24 23 -2 -17 22 18 1 24 1 12 1 11 7 6 
-1 25 24 -8 6 26 -25 20 20 18 21 -19 -12 20 17 -2 -5 10 -1 -1 
15 -6 -17 4 19 25 20 26 3 19 11 -11 0 20 -22 21 8 13 16 25 
50
5
16 4
2 0
13 9
13 4
10 0
3 15
17 19
6 10
6 15
9 19
6
5 4 15
10 5 14
0 3 14
14 15 15
9 14 14
19 16 14
28
6 0
10 3
19 18
19 17
3 12
9 18
8 4
12 10
3 13
4 19
1 5
13 14
2 8
7 2
13 19
9 16
0 1
0 2
16 7
10 1
11 15
7 9
16 6
15 0
18 14
6 5
17 11
12 17
