20 20
4 3 6 1 1 4 6 4 4 -5 -1 0 6 1 2 -2 3 1 -2 2 
4 2 6 3 -1 -3 -3 -1 -3 5 4 6 4 3 -4 4 5 6 6 6 
1 1 -4 -2 -6 5 4 1 3 0 5 3 3 6 3 2 3 3 5 2 
5 3 4 -3 -2 1 0 4 4 2 6 6 1 3 6 3 6 3 5 5 
6 6 4 3 0 4 2 1 3 1 1 4 5 1 -4 0 -4 3 0 3 
0 -6 2 -1 -5 -4 0 3 3 6 2 6 4 6 4 -1 -5 0 6 5 
5 3 -4 3 -2 6 4 1 5 -4 2 -5 1 3 1 1 -3 6 -2 1 
-4 -2 5 0 3 -2 2 5 -2 -6 3 2 6 -4 -3 2 0 1 -3 2 
0 6 6 2 5 3 3 6 6 1 -6 0 6 1 -5 0 -2 1 5 1 
4 3 0 -3 3 -2 0 -3 2 6 4 6 3 6 0 1 4 1 -3 6 
6 -3 1 4 1 0 6 3 6 4 6 2 -3 0 -2 3 -3 0 3 4 
1 5 1 -2 0 -5 1 6 0 -6 1 6 6 3 3 5 2 6 6 0 
2 -3 1 0 2 -3 -4 6 2 3 -6 -2 5 2 -2 3 0 5 -2 -4 
1 -2 6 -3 1 1 3 1 -5 2 -4 5 1 4 6 -2 3 -4 3 5 
5 6 0 -5 -1 4 6 4 6 2 6 3 3 0 -4 -5 -1 2 -6 0 
3 0 3 -4 0 -4 1 5 4 1 1 3 1 2 4 0 3 4 6 6 
5 5 3 6 3 6 3 1 6 6 2 4 4 0 1 -2 -3 4 3 5 
2 5 3 3 2 3 6 3 3 5 0 3 1 4 5 -6 -2 -4 1 1 
6 6 6 5 4 -4 3 4 6 4 5 -3 -1 -3 -3 -1 3 6 2 4 
2 -2 1 3 -2 2 1 6 0 -1 -5 4 4 6 4 1 1 6 3 4 
50
7
11 9
12 8
3 10
11 16
6 5
16 2
15 2
8 10
7 11
16 9
8 3
13 14
3 17
4 17
10
1 19 11
9 17 11
8 16 8
15 16 10
15 8 16
18 0 11
10 2 11
11 3 8
4 3 10
4 11 16
26
13 3
18 9
14 4
12 4
10 9
17 15
10 0
6 11
1 15
3 12
6 7
2 19
18 3
6 16
1 10
5 15
7 15
9 10
2 4
9 19
13 8
18 4
16 7
13 12
17 0
1 16
