20 20
-2 3 1 1 1 3 3 1 0 -1 2 1 1 0 1 1 -3 1 1 3 
2 -1 0 2 2 3 3 0 3 0 2 1 2 1 2 0 -2 2 0 0 
3 3 2 3 0 -3 -1 3 -2 3 -2 2 1 3 2 2 2 3 2 3 
1 1 2 3 3 0 0 2 -1 2 2 0 2 2 0 -3 1 2 2 3 
-1 2 0 0 0 1 -2 0 -2 2 3 3 1 0 2 1 2 -1 3 1 
0 0 1 2 2 1 2 2 3 2 2 1 -2 1 -1 0 0 2 3 -1 
-1 3 0 2 3 2 3 3 2 1 1 2 2 2 2 3 -3 0 2 -1 
3 1 3 0 3 3 -3 2 2 1 0 -1 1 3 1 1 -3 1 0 2 
3 -3 3 2 3 3 -3 1 -3 3 -2 2 3 1 1 1 3 3 3 3 
1 3 2 1 1 1 2 0 -3 1 2 1 2 2 1 1 2 -3 1 2 
2 1 -3 2 1 1 2 2 1 2 1 -3 0 2 1 1 1 2 3 1 
3 3 3 3 1 1 1 3 2 -2 3 -3 1 -3 3 3 2 3 -3 3 
2 0 1 -3 1 1 3 1 -1 0 1 2 2 -3 3 3 0 3 1 3 
-1 2 0 -3 3 2 2 2 2 1 1 2 3 3 2 3 2 0 3 -1 
-1 3 2 0 0 -1 1 -2 1 2 2 3 2 2 1 2 2 1 0 0 
1 3 -1 2 1 2 0 1 3 3 2 -2 0 -2 1 0 0 0 2 -1 
3 2 2 1 -3 0 2 2 0 2 2 -1 2 0 0 3 3 2 1 1 
3 2 3 2 2 2 3 1 2 -2 3 -2 3 -1 -3 0 3 2 3 3 
0 0 2 -2 0 2 1 2 1 2 0 3 0 3 3 2 2 0 -1 2 
3 1 1 -3 1 1 0 1 1 2 -1 0 1 3 3 1 1 1 3 -2 
48
3
14 13
6 2
12 1
5 6
13 17
7 18
16
7 9 16
7 15 15
10 13 12
16 9 16
16 0 12
14 16 12
8 19 13
6 5 12
12 10 16
12 4 15
9 6 12
3 10 16
3 19 12
5 3 12
11 0 13
13 14 12
36
0 18
9 13
3 4
11 2
11 10
12 16
10 8
2 4
16 5
14 11
15 8
16 12
16 10
9 10
8 1
15 17
2 5
7 19
19 1
10 6
16 15
8 17
8 9
7 3
9 11
17 15
3 14
5 8
4 11
3 7
3 9
10 9
11 18
4 2
17 14
12 0
