20 20
-25 26 -16 15 23 25 20 -26 6 14 14 9 23 0 8 22 8 -25 0 10 
23 10 0 -5 18 14 6 -7 2 4 -14 11 20 -25 25 8 24 24 2 11 
26 23 12 15 18 6 3 15 5 -19 14 18 3 14 18 -14 -23 -7 3 10 
25 4 4 27 12 15 8 16 -7 23 -14 9 -18 12 1 22 1 2 13 3 
-25 -7 12 24 1 19 19 27 3 -24 -16 17 -15 6 9 0 26 -11 21 18 
13 18 -6 9 -7 14 7 9 5 -22 11 -5 10 13 -27 10 10 9 10 17 
4 24 25 21 17 4 23 22 12 -15 -6 -14 -13 22 7 19 -10 12 27 -27 
20 10 -27 22 17 -24 21 7 1 26 2 7 19 -2 -6 19 25 22 9 17 
13 26 25 -2 -11 -6 -2 7 11 26 20 0 -7 24 20 4 13 26 18 25 
1 13 25 -7 -4 -12 11 26 0 20 9 4 22 18 -3 5 22 22 5 20 
20 5 22 22 5 -3 18 22 4 9 20 0 26 11 -12 -4 -7 25 13 1 
25 18 26 13 4 20 24 -7 0 20 26 11 7 -2 -6 -11 -2 25 26 13 
17 9 22 25 19 -6 -2 19 7 2 26 1 7 21 -24 17 22 -27 10 20 
-27 27 12 -10 19 7 22 -13 -14 -6 -15 12 22 23 4 17 21 25 24 4 
17 10 9 10 10 -27 13 10 -5 11 -22 5 9 7 14 -7 9 -6 18 13 
18 21 -11 26 0 9 6 -15 17 -16 -24 3 27 19 19 1 24 12 -7 -25 
3 13 2 1 22 1 12 -18 9 -14 23 -7 16 8 15 12 27 4 4 25 
10 3 -7 -23 -14 18 14 3 18 14 -19 5 15 3 6 18 15 12 23 26 
11 2 24 24 8 25 -25 20 11 -14 4 2 -7 6 14 18 -5 0 10 23 
10 0 -25 8 22 8 0 23 9 14 14 6 -26 20 25 23 15 -16 26 -25 
41
4
12 3
7 19
13 9
18 5
7 16
12 0
6 10
1 14
16
0 14 8
1 15 13
7 1 16
8 0 13
16 6 11
12 4 12
11 15 16
9 15 11
19 5 8
18 4 13
12 18 16
11 19 13
3 13 11
7 15 12
8 4 16
10 4 11
34
19 15
6 8
19 11
16 10
14 4
19 16
2 3
15 4
16 8
1 19
0 19
10 0
2 4
2 1
11 9
5 3
6 14
0 4
13 11
0 8
3 9
5 15
0 3
17 16
4 15
3 11
18 0
19 0
9 19
17 15
17 18
8 10
14 16
13 5
