20 20
4 13 24 0 1 -15 16 15 16 3 2 11 11 18 12 20 9 -5 -19 19 
-14 -24 21 -12 0 15 -3 -15 4 7 6 -12 -11 19 1 19 9 5 -4 4 
13 -4 4 4 22 2 23 18 -1 20 18 10 14 22 0 6 4 -20 10 4 
13 0 0 14 11 5 -4 12 2 -12 7 20 -20 -12 6 1 11 19 -21 7 
-10 3 12 14 4 14 23 3 13 -14 23 2 13 -11 14 7 1 1 -9 12 
-18 14 11 8 12 9 14 22 13 14 2 -7 20 15 10 12 -17 9 12 19 
23 4 -19 0 21 8 22 4 -6 16 -17 -2 24 23 21 22 4 10 19 16 
2 -17 11 -8 -5 2 0 20 5 1 14 -21 11 17 16 5 -10 14 17 4 
1 -16 3 -4 15 -21 1 -2 -8 -20 4 14 23 2 5 7 19 22 -21 8 
24 14 19 12 -24 -8 -23 3 6 -15 -8 -3 -11 19 -2 7 5 11 16 19 
19 16 11 5 7 -2 19 -11 -3 -8 -15 6 3 -23 -8 -24 12 19 14 24 
8 -21 22 19 7 5 2 23 14 4 -20 -8 -2 1 -21 15 -4 3 -16 1 
4 17 14 -10 5 16 17 11 -21 14 1 5 20 0 2 -5 -8 11 -17 2 
16 19 10 4 22 21 23 24 -2 -17 16 -6 4 22 8 21 0 -19 4 23 
19 12 9 -17 12 10 15 20 -7 2 14 13 22 14 9 12 8 11 14 -18 
12 -9 1 1 7 14 -11 13 2 23 -14 13 3 23 14 4 14 12 3 -10 
7 -21 19 11 1 6 -12 -20 20 7 -12 2 12 -4 5 11 14 0 0 13 
4 10 -20 4 6 0 22 14 10 18 20 -1 18 23 2 22 4 4 -4 13 
4 -4 5 9 19 1 19 -11 -12 6 7 4 -15 -3 15 0 -12 21 -24 -14 
19 -19 -5 9 20 12 18 11 11 2 3 16 15 16 -15 1 0 24 13 4 
55
3
4 9
18 4
3 11
15 10
1 15
16 8
16
18 16 8
14 1 11
14 4 15
5 8 16
0 1 10
13 5 14
5 19 14
19 15 11
1 3 8
5 18 11
5 15 15
14 11 16
19 18 10
6 14 14
14 0 14
0 4 11
32
9 6
15 1
8 13
11 0
1 2
18 11
2 17
9 2
11 1
16 7
7 15
17 3
7 16
6 12
8 14
1 0
10 13
4 18
11 6
8 19
18 17
1 8
17 2
10 17
8 18
3 12
12 4
2 16
12 3
13 7
11 5
18 19
