20 20
28 23 7 12 21 4 14 -5 19 13 2 20 19 23 9 27 -7 -27 11 -17 
28 8 28 1 2 -12 28 5 -20 -6 22 9 24 21 -21 0 25 -25 2 16 
24 10 26 -20 13 17 16 11 14 10 9 18 -15 5 10 2 9 -21 26 28 
12 18 8 15 -10 27 9 -14 -5 0 6 -14 27 22 23 22 -15 16 17 10 
24 7 18 16 4 27 23 0 25 19 5 -9 21 -27 -11 20 3 3 2 21 
11 28 -21 6 2 2 17 26 21 27 24 18 5 -17 28 20 18 12 27 17 
-26 -25 23 24 23 26 17 23 18 2 1 7 19 -22 13 24 4 27 -2 6 
10 23 -5 -25 -22 9 23 0 28 14 -2 4 25 0 22 21 13 14 -19 7 
7 8 27 -15 15 16 -12 15 4 -18 13 20 28 8 13 2 9 2 1 -11 
21 8 19 19 13 19 -6 22 13 18 4 8 3 9 26 24 -23 21 26 -17 
-17 26 21 -23 24 26 9 3 8 4 18 13 22 -6 19 13 19 19 8 21 
-11 1 2 9 2 13 8 28 20 13 -18 4 15 -12 16 15 -15 27 8 7 
7 -19 14 13 21 22 0 25 4 -2 14 28 0 23 9 -22 -25 -5 23 10 
6 -2 27 4 24 13 -22 19 7 1 2 18 23 17 26 23 24 23 -25 -26 
17 27 12 18 20 28 -17 5 18 24 27 21 26 17 2 2 6 -21 28 11 
21 2 3 3 20 -11 -27 21 -9 5 19 25 0 23 27 4 16 18 7 24 
10 17 16 -15 22 23 22 27 -14 6 0 -5 -14 9 27 -10 15 8 18 12 
28 26 -21 9 2 10 5 -15 18 9 10 14 11 16 17 13 -20 26 10 24 
16 2 -25 25 0 -21 21 24 9 22 -6 -20 5 28 -12 2 1 28 8 28 
-17 11 -27 -7 27 9 23 19 20 2 13 19 -5 14 4 21 12 7 23 28 
59
4
3 5
18 1
18 11
15 9
16 14
1 18
1 8
4 10
20
6 13 13
0 13 13
4 16 13
0 2 13
18 17 15
4 5 11
10 8 12
3 4 9
0 12 16
15 4 9
13 6 13
19 6 13
15 3 13
19 17 13
1 2 15
15 14 11
9 11 12
16 15 9
19 7 16
4 15 9
38
1 16
3 17
19 13
11 4
3 18
18 6
9 5
15 2
16 7
0 5
18 9
11 18
1 17
3 11
13 12
15 8
5 14
12 2
8 6
18 3
16 2
0 6
8 15
16 1
1 13
10 14
4 17
3 12
19 14
1 10
8 1
18 2
16 8
6 7
4 11
14 5
7 17
11 13
