20 20
8 2 10 -21 7 26 23 13 -2 18 22 -9 19 26 4 9 11 12 19 -23 
24 -18 -14 7 19 -9 25 -23 25 22 -14 -4 21 18 19 4 17 12 20 13 
2 20 -4 0 -8 -26 15 -9 17 -21 -2 -1 15 1 -20 5 13 10 9 7 
5 22 0 17 17 -22 -2 26 26 18 9 26 12 -1 20 23 4 16 -21 17 
0 -10 11 -17 15 17 19 2 3 15 10 6 13 -25 -11 10 15 -4 -7 -1 
-4 -21 15 13 19 18 -18 -16 10 20 -6 10 -9 -14 0 14 2 4 19 10 
10 -1 16 -18 -16 23 3 18 8 3 2 23 20 -24 8 5 3 6 9 17 
10 25 20 15 20 2 26 7 26 9 9 -19 3 22 19 2 19 16 -21 16 
1 7 6 -26 26 -3 16 12 20 -5 0 1 16 -11 -7 -24 19 21 -17 -5 
7 20 3 14 10 20 9 5 18 21 4 -21 6 11 5 4 10 -22 -24 19 
19 -24 -22 10 4 5 11 6 -21 4 21 18 5 9 20 10 14 3 20 7 
-5 -17 21 19 -24 -7 -11 16 1 0 -5 20 12 16 -3 26 -26 6 7 1 
16 -21 16 19 2 19 22 3 -19 9 9 26 7 26 2 20 15 20 25 10 
17 9 6 3 5 8 -24 20 23 2 3 8 18 3 23 -16 -18 16 -1 10 
10 19 4 2 14 0 -14 -9 10 -6 20 10 -16 -18 18 19 13 15 -21 -4 
-1 -7 -4 15 10 -11 -25 13 6 10 15 3 2 19 17 15 -17 11 -10 0 
17 -21 16 4 23 20 -1 12 26 9 18 26 26 -2 -22 17 17 0 22 5 
7 9 10 13 5 -20 1 15 -1 -2 -21 17 -9 15 -26 -8 0 -4 20 2 
13 20 12 17 4 19 18 21 -4 -14 22 25 -23 25 -9 19 7 -14 -18 24 
-23 19 12 11 9 4 26 19 -9 22 18 -2 13 23 26 7 -21 10 2 8 
52
8
1 5
14 13
2 19
11 3
11 15
0 10
15 14
2 0
18 14
5 6
17 0
8 16
8 4
19 9
4 5
17 19
16
7 12 11
18 8 9
6 14 9
6 0 11
9 18 8
1 7 9
12 8 12
6 2 9
12 7 11
1 11 9
13 5 9
13 19 11
10 1 8
18 12 9
7 11 12
13 17 9
28
7 10
17 9
13 3
16 13
16 14
6 13
8 11
15 2
4 11
10 14
10 17
10 16
14 12
10 5
12 9
2 10
6 16
3 6
3 5
13 6
11 8
4 17
15 8
9 5
9 2
9 3
5 7
9 14
