20 20
10 23 10 9 28 12 -5 5 25 1 17 2 25 7 15 -21 9 27 1 17 
13 1 18 27 17 27 -6 -23 13 -23 17 14 4 24 0 11 -25 25 17 -12 
8 30 7 30 -25 -27 27 8 13 17 5 27 6 20 -15 8 12 -28 20 -20 
21 -13 3 12 8 3 26 7 -13 21 1 26 23 -6 -14 1 20 29 8 -7 
-15 5 12 7 -27 20 6 13 -11 15 30 20 0 -20 5 -28 -23 23 25 27 
-10 29 30 21 9 -12 24 14 1 30 -25 10 -29 -2 27 -28 -7 10 -5 1 
27 25 23 30 7 13 3 8 20 1 -20 18 -22 -1 23 28 27 16 -7 1 
6 19 -10 -6 26 30 -4 6 1 18 19 27 -25 12 -13 25 -23 26 27 22 
28 30 4 29 15 3 23 -5 18 29 -17 14 10 21 27 26 5 22 9 16 
4 27 -16 2 21 29 -29 23 -10 1 22 3 9 -10 4 21 29 28 30 5 
5 30 28 29 21 4 -10 9 3 22 1 -10 23 -29 29 21 2 -16 27 4 
16 9 22 5 26 27 21 10 14 -17 29 18 -5 23 3 15 29 4 30 28 
22 27 26 -23 25 -13 12 -25 27 19 18 1 6 -4 30 26 -6 -10 19 6 
1 -7 16 27 28 23 -1 -22 18 -20 1 20 8 3 13 7 30 23 25 27 
1 -5 10 -7 -28 27 -2 -29 10 -25 30 1 14 24 -12 9 21 30 29 -10 
27 25 23 -23 -28 5 -20 0 20 30 15 -11 13 6 20 -27 7 12 5 -15 
-7 8 29 20 1 -14 -6 23 26 1 21 -13 7 26 3 8 12 3 -13 21 
-20 20 -28 12 8 -15 20 6 27 5 17 13 8 27 -27 -25 30 7 30 8 
-12 17 25 -25 11 0 24 4 14 17 -23 13 -23 -6 27 17 27 18 1 13 
17 1 27 9 -21 15 7 25 2 17 1 25 5 -5 12 28 9 10 23 10 
48
8
12 4
5 19
8 17
9 11
9 4
12 0
5 1
0 16
7 15
14 0
11 2
10 8
10 15
7 19
14 18
19 3
10
2 17 8
10 17 16
8 12 16
5 3 10
1 2 15
17 2 8
9 2 16
11 7 16
14 16 10
18 17 15
40
18 14
15 8
15 0
5 2
5 0
7 14
0 7
8 6
9 5
15 19
0 10
10 11
17 5
8 15
17 9
18 7
13 0
19 11
8 11
16 5
1 5
4 11
4 19
14 17
14 19
12 5
19 12
11 13
10 14
4 0
19 9
9 8
2 14
11 4
2 10
1 12
6 19
0 8
11 8
3 14
