20 20
5 7 -5 2 5 -3 7 -8 5 5 4 -1 2 7 4 4 2 2 5 2 
6 -5 7 -7 4 -5 -4 5 1 5 6 0 4 7 2 -5 3 8 8 2 
-6 7 6 2 6 7 8 6 4 5 3 4 6 3 8 3 1 4 -6 1 
3 4 8 -6 4 6 2 2 3 7 -7 4 8 7 7 8 -8 2 5 2 
7 8 4 4 -2 0 1 0 7 0 5 6 4 6 3 1 3 5 0 3 
-3 7 5 7 0 3 1 3 1 8 8 6 3 8 7 0 6 4 2 -1 
4 -5 6 -8 -6 5 8 8 1 3 1 0 7 6 4 0 7 8 6 5 
1 1 -4 4 7 0 3 0 6 3 -2 2 -7 3 8 7 4 8 6 3 
-1 -4 7 5 3 -1 6 1 3 -6 8 -8 5 6 0 3 8 -8 2 5 
5 5 4 0 8 2 1 6 7 1 6 3 -6 0 -1 0 0 2 5 2 
2 5 2 0 0 -1 0 -6 3 6 1 7 6 1 2 8 0 4 5 5 
5 2 -8 8 3 0 6 5 -8 8 -6 3 1 6 -1 3 5 7 -4 -1 
3 6 8 4 7 8 3 -7 2 -2 3 6 0 3 0 7 4 -4 1 1 
5 6 8 7 0 4 6 7 0 1 3 1 8 8 5 -6 -8 6 -5 4 
-1 2 4 6 0 7 8 3 6 8 8 1 3 1 3 0 7 5 7 -3 
3 0 5 3 1 3 6 4 6 5 0 7 0 1 0 -2 4 4 8 7 
2 5 2 -8 8 7 7 8 4 -7 7 3 2 2 6 4 -6 8 4 3 
1 -6 4 1 3 8 3 6 4 3 5 4 6 8 7 6 2 6 7 -6 
2 8 8 3 -5 2 7 4 0 6 5 1 5 -4 -5 4 -7 7 -5 6 
2 5 2 2 4 4 7 2 -1 4 5 5 -8 7 -3 5 2 -5 7 5 
33
8
17 13
1 6
4 15
12 6
2 9
7 2
19 9
9 0
2 6
18 13
15 4
7 13
17 10
12 17
0 10
10 19
18
6 4 9
3 11 14
14 19 14
6 13 10
11 9 8
9 2 11
17 4 12
4 14 14
2 1 9
13 15 9
16 8 14
5 0 14
13 6 10
8 10 8
10 17 11
2 15 12
15 5 14
17 18 9
26
7 10
0 7
1 13
13 18
15 18
6 7
19 3
19 0
7 16
3 19
16 15
9 16
19 16
12 9
19 12
18 6
6 1
4 1
13 12
0 16
0 19
12 3
16 0
3 4
10 3
0 3
