20 20
0 5 6 9 -3 0 3 -1 1 1 6 7 2 -3 7 -5 -4 -6 -3 6 
4 3 6 8 5 -4 7 1 2 5 8 0 3 5 0 -6 0 6 1 3 
9 9 4 -7 2 -5 -8 4 -8 -7 6 3 -3 -2 -3 5 -7 -8 9 9 
-2 3 9 -6 5 7 8 0 9 5 6 4 0 2 8 -9 -1 0 8 1 
7 0 2 1 -6 1 2 1 -2 -2 0 8 2 9 2 1 1 6 1 4 
3 3 0 -5 1 0 3 2 -6 3 4 -6 3 1 -5 1 5 2 1 0 
8 2 -8 9 -7 -7 9 1 6 4 -1 8 -5 1 2 8 -3 9 4 0 
8 -4 1 0 7 3 7 3 3 -7 0 9 -4 6 5 3 -5 -4 -7 5 
5 2 6 0 3 2 5 8 -5 9 2 -9 -9 2 7 2 -9 9 -6 0 
2 3 0 6 3 -8 1 4 6 0 8 3 -8 -9 0 3 4 9 -4 5 
5 -4 9 4 3 0 -9 -8 3 8 0 6 4 1 -8 3 6 0 3 2 
0 -6 9 -9 2 7 2 -9 -9 2 9 -5 8 5 2 3 0 6 2 5 
5 -7 -4 -5 3 5 6 -4 9 0 -7 3 3 7 3 7 0 1 -4 8 
0 4 9 -3 8 2 1 -5 8 -1 4 6 1 9 -7 -7 9 -8 2 8 
0 1 2 5 1 -5 1 3 -6 4 3 -6 2 3 0 1 -5 0 3 3 
4 1 6 1 1 2 9 2 8 0 -2 -2 1 2 1 -6 1 2 0 7 
1 8 0 -1 -9 8 2 0 4 6 5 9 0 8 7 5 -6 9 3 -2 
9 9 -8 -7 5 -3 -2 -3 3 6 -7 -8 4 -8 -5 2 -7 4 9 9 
3 1 6 0 -6 0 5 3 0 8 5 2 1 7 -4 5 8 6 3 4 
6 -3 -6 -4 -5 7 -3 2 7 6 1 1 -1 3 0 -3 9 6 5 0 
59
7
0 11
17 10
1 4
19 4
9 12
4 12
8 12
19 8
2 9
18 15
0 15
10 7
15 7
11 7
12
15 5 9
0 12 10
15 13 13
3 0 9
1 14 12
2 15 15
4 14 9
19 7 10
4 6 13
16 19 9
18 5 12
17 4 15
32
3 18
7 11
18 4
13 1
14 9
8 7
1 10
16 9
19 18
3 11
2 17
1 2
11 4
13 10
15 6
17 7
16 1
12 8
1 15
6 18
5 10
11 12
18 9
3 10
0 1
16 8
17 2
18 17
8 15
6 9
4 13
2 12
