20 20
1 28 27 10 24 15 20 16 14 20 15 12 -17 25 8 10 12 -22 23 -22 
-25 3 10 16 0 20 -14 17 -9 23 -9 1 -16 -1 11 26 13 13 18 21 
-6 7 17 -8 1 5 0 5 23 -6 -22 5 21 -2 7 18 1 8 2 1 
22 21 14 3 16 -28 23 2 1 -20 25 11 -24 11 -23 26 8 7 21 2 
25 -8 2 -1 21 7 -12 21 5 15 12 3 -3 15 21 -17 13 3 -13 7 
16 17 13 22 6 17 14 -26 13 6 3 25 13 6 26 5 13 2 20 -17 
4 11 28 9 -4 19 14 5 12 22 21 26 13 -3 26 27 -20 2 10 2 
0 1 6 13 16 21 -26 2 20 16 13 4 -26 2 13 22 4 -23 -3 8 
9 21 10 14 15 12 16 27 6 15 -24 -3 -14 6 -18 -6 12 2 21 4 
16 28 -14 -12 6 21 3 12 12 -20 26 -2 11 19 -4 9 3 17 12 14 
14 12 17 3 9 -4 19 11 -2 26 -20 12 12 3 21 6 -12 -14 28 16 
4 21 2 12 -6 -18 6 -14 -3 -24 15 6 27 16 12 15 14 10 21 9 
8 -3 -23 4 22 13 2 -26 4 13 16 20 2 -26 21 16 13 6 1 0 
2 10 2 -20 27 26 -3 13 26 21 22 12 5 14 19 -4 9 28 11 4 
-17 20 2 13 5 26 6 13 25 3 6 13 -26 14 17 6 22 13 17 16 
7 -13 3 13 -17 21 15 -3 3 12 15 5 21 -12 7 21 -1 2 -8 25 
2 21 7 8 26 -23 11 -24 11 25 -20 1 2 23 -28 16 3 14 21 22 
1 2 8 1 18 7 -2 21 5 -22 -6 23 5 0 5 1 -8 17 7 -6 
21 18 13 13 26 11 -1 -16 1 -9 23 -9 17 -14 20 0 16 10 3 -25 
-22 23 -22 12 10 8 25 -17 12 15 20 14 16 20 15 24 10 27 28 1 
52
2
14 13
15 14
5 6
4 5
20
6 15 13
10 16 9
5 18 9
18 14 9
14 0 14
9 12 14
4 17 11
13 15 10
2 10 13
5 10 13
13 4 13
9 3 9
14 1 9
1 5 9
5 19 14
10 7 14
15 2 11
6 4 10
17 9 13
14 9 13
34
5 11
4 2
16 8
12 6
4 8
3 4
6 16
0 13
3 14
18 10
9 7
10 3
13 8
3 12
7 9
4 15
11 3
14 8
15 17
3 11
7 13
15 11
16 15
13 3
19 6
16 5
1 9
10 12
9 16
6 11
16 7
12 10
15 4
8 16
