20 20
6 -15 1 5 2 11 3 -2 -1 -13 1 3 8 16 8 17 -6 13 -5 -5 
8 6 15 4 -10 9 5 14 14 3 -12 -13 7 3 7 10 8 9 17 3 
14 9 8 0 16 5 15 11 3 16 -10 6 14 10 12 6 -11 2 10 10 
0 -16 15 3 3 2 15 8 11 -9 -5 5 -1 11 -9 3 13 5 12 12 
3 11 13 -4 -14 6 3 15 1 8 7 9 1 12 17 2 15 5 10 -5 
1 12 3 -3 5 -10 9 16 -11 13 17 10 7 11 -10 11 10 -11 12 13 
7 -7 10 -14 1 1 0 2 -10 14 7 5 -17 5 -14 4 7 17 6 6 
-1 13 0 16 12 7 0 11 6 13 -5 8 2 2 16 10 12 2 9 11 
4 5 5 -7 -13 9 9 15 12 13 10 13 9 6 8 0 17 -16 1 15 
-4 -16 15 -8 14 -14 -4 -8 5 17 15 13 -17 15 17 -14 2 4 10 14 
14 10 4 2 -14 17 15 -17 13 15 17 5 -8 -4 -14 14 -8 15 -16 -4 
15 1 -16 17 0 8 6 9 13 10 13 12 15 9 9 -13 -7 5 5 4 
11 9 2 12 10 16 2 2 8 -5 13 6 11 0 7 12 16 0 13 -1 
6 6 17 7 4 -14 5 -17 5 7 14 -10 2 0 1 1 -14 10 -7 7 
13 12 -11 10 11 -10 11 7 10 17 13 -11 16 9 -10 5 -3 3 12 1 
-5 10 5 15 2 17 12 1 9 7 8 1 15 3 6 -14 -4 13 11 3 
12 12 5 13 3 -9 11 -1 5 -5 -9 11 8 15 2 3 3 15 -16 0 
10 10 2 -11 6 12 10 14 6 -10 16 3 11 15 5 16 0 8 9 14 
3 17 9 8 10 7 3 7 -13 -12 3 14 14 5 9 -10 4 15 6 8 
-5 -5 13 -6 17 8 16 8 3 1 -13 -1 -2 3 11 2 5 1 -15 6 
52
3
17 1
6 11
12 14
2 18
13 8
7 5
18
7 8 16
3 18 13
1 17 12
19 5 15
17 16 14
4 13 8
13 2 10
4 7 12
2 14 9
12 11 16
16 1 13
18 2 12
0 14 15
2 3 14
15 6 8
6 17 10
15 12 12
17 5 9
30
16 9
0 16
19 14
4 5
17 11
5 15
11 10
10 0
6 10
10 16
7 19
11 5
10 11
2 13
13 19
3 10
19 3
0 5
15 14
2 8
14 4
8 9
9 19
13 9
9 3
12 0
8 14
9 8
17 6
6 0
