20 20
1 -15 9 -4 -12 12 20 6 -1 10 -5 -13 1 8 3 14 1 -17 -20 -2 
2 -21 6 4 17 12 -20 19 5 11 -16 13 1 6 11 5 8 21 3 -9 
-11 13 2 20 1 5 17 15 20 21 15 10 0 -8 -6 5 20 -5 21 1 
-11 14 14 -20 18 0 20 1 2 4 20 -14 7 -16 18 2 14 21 4 -15 
12 21 -1 15 2 -20 19 19 13 20 5 12 15 -5 -1 9 -2 15 5 13 
4 4 8 4 19 1 21 0 13 8 2 3 13 20 6 3 12 15 -3 -10 
8 18 9 5 5 -2 15 -9 0 -9 11 21 6 20 2 12 20 15 -21 -5 
-15 -19 2 -15 12 12 20 -3 12 12 7 9 12 13 7 13 -15 9 10 18 
6 8 10 6 -4 7 6 20 4 -11 18 7 -14 3 13 9 6 5 19 18 
13 -12 3 12 -12 1 4 5 10 2 21 19 9 7 21 20 18 -16 20 10 
10 20 -16 18 20 21 7 9 19 21 2 10 5 4 1 -12 12 3 -12 13 
18 19 5 6 9 13 3 -14 7 18 -11 4 20 6 7 -4 6 10 8 6 
18 10 9 -15 13 7 13 12 9 7 12 12 -3 20 12 12 -15 2 -19 -15 
-5 -21 15 20 12 2 20 6 21 11 -9 0 -9 15 -2 5 5 9 18 8 
-10 -3 15 12 3 6 20 13 3 2 8 13 0 21 1 19 4 8 4 4 
13 5 15 -2 9 -1 -5 15 12 5 20 13 19 19 -20 2 15 -1 21 12 
-15 4 21 14 2 18 -16 7 -14 20 4 2 1 20 0 18 -20 14 14 -11 
1 21 -5 20 5 -6 -8 0 10 15 21 20 15 17 5 1 20 2 13 -11 
-9 3 21 8 5 11 6 1 13 -16 11 5 19 -20 12 17 4 6 -21 2 
-2 -20 -17 1 14 3 8 1 -13 -5 10 -1 6 20 12 -12 -4 9 -15 1 
54
5
17 6
17 8
17 2
2 6
12 0
2 13
2 11
2 17
17 13
7 19
8
18 10 11
7 17 8
11 19 15
14 2 11
1 9 11
12 2 8
8 0 15
5 17 11
28
3 6
16 12
7 4
13 4
15 9
18 16
7 6
19 7
3 4
14 3
19 11
13 3
16 18
13 17
16 13
3 7
12 15
6 15
4 10
1 3
12 13
0 12
16 15
5 16
0 8
6 16
3 1
6 2
