20 20
26 22 10 26 15 24 -12 25 -28 19 10 -2 23 -23 1 -28 23 18 22 12 
28 -21 4 16 25 8 15 22 23 -25 11 8 5 20 29 -25 26 17 16 13 
-17 2 25 26 18 12 27 7 2 10 14 13 21 16 6 15 28 13 1 24 
0 4 -23 -25 -14 -14 7 14 7 -26 1 11 -1 29 19 27 10 2 9 20 
7 3 -4 23 9 29 4 7 22 -14 25 22 11 13 -26 18 12 -10 24 18 
-18 -27 14 -28 26 15 -7 18 11 19 23 14 -6 21 28 26 14 25 2 -21 
-9 1 3 24 20 5 -23 19 22 20 13 14 -19 -15 -15 1 28 21 -6 5 
18 7 18 1 15 -11 18 21 21 -26 20 20 22 13 18 25 10 -5 -10 4 
-28 3 14 26 -10 -15 22 -27 9 2 -12 11 27 -17 15 11 7 -20 14 9 
-18 2 -23 6 26 23 -21 28 5 -22 19 22 24 -21 26 -1 22 25 6 18 
18 6 25 22 -1 26 -21 24 22 19 -22 5 28 -21 23 26 6 -23 2 -18 
9 14 -20 7 11 15 -17 27 11 -12 2 9 -27 22 -15 -10 26 14 3 -28 
4 -10 -5 10 25 18 13 22 20 20 -26 21 21 18 -11 15 1 18 7 18 
5 -6 21 28 1 -15 -15 -19 14 13 20 22 19 -23 5 20 24 3 1 -9 
-21 2 25 14 26 28 21 -6 14 23 19 11 18 -7 15 26 -28 14 -27 -18 
18 24 -10 12 18 -26 13 11 22 25 -14 22 7 4 29 9 23 -4 3 7 
20 9 2 10 27 19 29 -1 11 1 -26 7 14 7 -14 -14 -25 -23 4 0 
24 1 13 28 15 6 16 21 13 14 10 2 7 27 12 18 26 25 2 -17 
13 16 17 26 -25 29 20 5 8 11 -25 23 22 15 8 25 16 4 -21 28 
12 22 18 23 -28 1 -23 23 -2 10 19 -28 25 -12 24 15 26 10 22 26 
46
5
0 7
16 18
2 4
8 7
19 10
19 12
3 1
17 15
11 12
0 9
14
13 10 12
11 1 13
6 4 12
0 5 10
12 16 9
12 13 13
17 5 16
6 9 12
8 18 13
13 15 12
19 14 10
7 3 9
7 6 13
2 14 16
40
13 2
10 9
14 9
18 19
18 0
5 12
16 1
1 12
4 1
7 13
7 17
4 18
12 3
16 13
7 8
18 4
10 2
14 13
11 2
12 4
6 17
9 10
5 10
1 0
1 19
14 7
3 18
18 7
15 18
12 6
12 2
15 1
7 16
3 6
12 11
1 15
9 17
5 6
8 17
7 15
