20 20
11 3 8 12 13 10 4 11 2 3 8 8 4 6 13 9 11 6 4 14 
0 14 4 10 14 6 13 -1 7 -13 -4 10 2 -6 11 0 2 12 9 -1 
13 4 8 -6 14 13 6 14 -8 9 0 2 11 -11 11 -2 12 7 4 -11 
2 1 12 14 12 12 8 4 13 9 -6 9 5 10 3 11 14 -1 -14 13 
8 9 12 14 4 6 -13 10 6 -6 1 8 13 -8 11 -4 4 4 8 4 
-7 8 8 11 2 -3 -14 10 14 10 14 2 -9 2 8 -12 -9 14 -5 1 
-2 9 1 5 -9 12 13 11 5 8 11 6 3 9 -8 3 6 6 -10 -3 
3 12 11 2 8 3 8 -14 3 5 7 12 1 6 9 11 -2 -4 3 14 
5 12 10 0 9 -14 11 2 3 12 3 -8 7 -10 10 9 5 14 -1 5 
14 11 1 7 12 -9 13 -1 7 -5 -8 7 2 -4 11 -13 6 -9 10 4 
4 10 -9 6 -13 11 -4 2 7 -8 -5 7 -1 13 -9 12 7 1 11 14 
5 -1 14 5 9 10 -10 7 -8 3 12 3 2 11 -14 9 0 10 12 5 
14 3 -4 -2 11 9 6 1 12 7 5 3 -14 8 3 8 2 11 12 3 
-3 -10 6 6 3 -8 9 3 6 11 8 5 11 13 12 -9 5 1 9 -2 
1 -5 14 -9 -12 8 2 -9 2 14 10 14 10 -14 -3 2 11 8 8 -7 
4 8 4 4 -4 11 -8 13 8 1 -6 6 10 -13 6 4 14 12 9 8 
13 -14 -1 14 11 3 10 5 9 -6 9 13 4 8 12 12 14 12 1 2 
-11 4 7 12 -2 11 -11 11 2 0 9 -8 14 6 13 14 -6 8 4 13 
-1 9 12 2 0 11 -6 2 10 -4 -13 7 -1 13 6 14 10 4 14 0 
14 4 6 11 9 13 6 4 8 8 3 2 11 4 10 13 12 8 3 11 
38
5
13 14
16 17
17 9
13 5
13 4
6 5
3 2
2 10
6 14
6 15
8
16 14 16
7 17 15
15 7 15
18 8 10
3 5 16
12 2 15
4 12 15
1 11 10
32
8 6
0 17
9 2
6 4
19 16
6 12
3 13
9 19
2 18
7 4
17 4
16 11
12 0
3 4
4 14
14 7
11 13
19 2
10 17
13 15
0 3
13 7
16 6
10 0
17 1
12 15
2 15
3 8
7 19
16 15
15 5
5 12
