20 20
13 5 2 -6 7 9 7 -1 9 -4 7 -2 1 3 13 15 2 5 14 3 
8 1 6 3 8 -15 12 -7 7 12 9 2 -6 2 6 12 2 -10 3 5 
15 2 1 15 3 -6 14 15 7 3 -2 4 -15 -1 10 13 1 3 14 9 
-6 -11 4 -14 7 11 7 -4 -13 8 10 15 12 -11 11 4 6 2 7 -3 
-9 -13 1 -6 -14 -15 -8 4 9 -4 6 5 9 11 9 6 -1 8 -15 6 
4 5 11 1 -12 4 -3 -3 7 10 8 10 -13 -9 13 5 -11 5 7 -6 
6 9 4 15 1 5 7 -3 9 1 11 4 15 9 2 5 8 -14 11 -5 
3 15 6 13 9 9 9 -10 11 3 2 -13 4 10 15 8 2 -15 5 -11 
15 3 0 8 7 5 12 5 6 2 12 5 9 11 -4 9 3 7 12 11 
9 3 10 9 9 -15 -14 4 14 -2 3 6 5 9 5 14 2 -3 -14 3 
3 -14 -3 2 14 5 9 5 6 3 -2 14 4 -14 -15 9 9 10 3 9 
11 12 7 3 9 -4 11 9 5 12 2 6 5 12 5 7 8 0 3 15 
-11 5 -15 2 8 15 10 4 -13 2 3 11 -10 9 9 9 13 6 15 3 
-5 11 -14 8 5 2 9 15 4 11 1 9 -3 7 5 1 15 4 9 6 
-6 7 5 -11 5 13 -9 -13 10 8 10 7 -3 -3 4 -12 1 11 5 4 
6 -15 8 -1 6 9 11 9 5 6 -4 9 4 -8 -15 -14 -6 1 -13 -9 
-3 7 2 6 4 11 -11 12 15 10 8 -13 -4 7 11 7 -14 4 -11 -6 
9 14 3 1 13 10 -1 -15 4 -2 3 7 15 14 -6 3 15 1 2 15 
5 3 -10 2 12 6 2 -6 2 9 12 7 -7 12 -15 8 3 6 1 8 
3 14 5 2 15 13 3 1 -2 7 -4 9 -1 7 9 7 -6 2 5 13 
39
5
15 19
3 13
0 3
19 1
17 8
4 0
16 6
19 16
0 18
2 11
12
16 9 9
9 4 9
13 14 15
15 0 16
14 7 9
7 3 10
3 10 9
10 15 9
6 5 15
4 19 16
5 12 9
12 16 10
38
5 18
3 7
16 8
8 6
9 11
14 6
8 4
0 11
11 3
13 8
4 9
16 4
11 14
0 15
1 4
8 1
3 9
11 2
3 8
14 1
16 12
3 11
11 13
10 8
5 13
11 15
19 8
8 16
6 11
15 10
3 15
8 5
19 4
18 15
11 18
16 10
8 17
16 11
