20 20
-12 6 9 -21 12 16 2 -23 16 -8 -23 6 21 16 5 -1 5 10 -8 3 
17 22 20 17 2 16 5 14 -24 1 2 19 15 16 -2 21 2 -15 2 17 
18 -17 -11 7 21 20 -11 8 15 -20 4 17 -13 -19 11 6 23 -7 5 -1 
8 -21 21 4 -18 17 19 -20 10 24 -21 -9 18 6 4 11 14 -6 9 20 
20 0 -20 9 3 21 19 -24 11 15 15 -9 -1 21 13 16 11 -21 10 22 
19 12 24 17 6 4 1 11 15 -24 13 23 15 6 -2 9 5 13 19 7 
22 -19 -24 18 23 17 7 18 7 8 20 7 -18 -24 23 21 5 20 2 -23 
22 21 7 5 -19 15 4 21 22 18 17 16 -5 1 15 12 17 13 -20 -15 
22 4 -13 16 23 7 -24 9 12 12 4 12 -2 10 -18 -5 -23 18 16 15 
9 15 -21 15 21 17 17 -11 8 9 24 8 15 3 17 5 20 12 11 24 
24 11 12 20 5 17 3 15 8 24 9 8 -11 17 17 21 15 -21 15 9 
15 16 18 -23 -5 -18 10 -2 12 4 12 12 9 -24 7 23 16 -13 4 22 
-15 -20 13 17 12 15 1 -5 16 17 18 22 21 4 15 -19 5 7 21 22 
-23 2 20 5 21 23 -24 -18 7 20 8 7 18 7 17 23 18 -24 -19 22 
7 19 13 5 9 -2 6 15 23 13 -24 15 11 1 4 6 17 24 12 19 
22 10 -21 11 16 13 21 -1 -9 15 15 11 -24 19 21 3 9 -20 0 20 
20 9 -6 14 11 4 6 18 -9 -21 24 10 -20 19 17 -18 4 21 -21 8 
-1 5 -7 23 6 11 -19 -13 17 4 -20 15 8 -11 20 21 7 -11 -17 18 
17 2 -15 2 21 -2 16 15 19 2 1 -24 14 5 16 2 17 20 22 17 
3 -8 10 5 -1 5 16 21 6 -23 -8 16 -23 2 16 12 -21 9 6 -12 
59
4
10 9
16 12
18 0
5 18
9 10
3 7
1 19
14 1
12
13 12 12
8 11 14
19 17 8
6 1 9
7 13 9
18 4 12
6 7 12
11 8 14
0 2 8
13 18 9
12 6 9
1 15 12
34
6 18
17 6
12 8
7 8
10 0
15 5
8 4
8 12
9 13
7 5
8 2
19 15
9 7
18 3
3 11
17 7
3 6
13 1
2 13
7 11
12 11
9 19
4 14
11 15
11 7
10 6
12 14
11 17
0 4
10 12
1 16
16 8
2 12
16 13
