20 20
12 11 3 13 12 5 -6 6 -8 9 16 7 9 7 3 3 -2 -5 5 13 
-14 3 3 -3 13 12 4 10 9 -2 11 7 -8 -14 -13 9 7 -9 5 12 
4 -10 -3 -13 15 0 3 7 9 -1 -5 7 8 16 6 1 -8 7 2 -15 
2 10 1 5 -10 4 3 5 12 10 6 2 3 1 16 -2 11 11 6 9 
-15 15 -5 3 3 6 14 9 9 15 6 10 3 6 -7 1 14 -16 6 11 
8 2 14 -13 10 -16 1 -7 0 4 3 2 -7 15 -11 11 3 6 8 9 
1 10 -15 6 7 12 10 9 6 -9 13 -3 12 16 9 8 16 -16 4 11 
-4 7 15 5 4 0 6 8 10 7 5 10 2 7 1 15 10 3 3 6 
4 2 7 8 7 -12 -13 6 -7 -16 -1 14 2 9 -5 6 2 -2 7 0 
7 16 8 13 2 14 10 4 -4 6 12 -11 7 1 10 6 6 16 4 6 
6 4 16 6 6 10 1 7 -11 12 6 -4 4 10 14 2 13 8 16 7 
0 7 -2 2 6 -5 9 2 14 -1 -16 -7 6 -13 -12 7 8 7 2 4 
6 3 3 10 15 1 7 2 10 5 7 10 8 6 0 4 5 15 7 -4 
11 4 -16 16 8 9 16 12 -3 13 -9 6 9 10 12 7 6 -15 10 1 
9 8 6 3 11 -11 15 -7 2 3 4 0 -7 1 -16 10 -13 14 2 8 
11 6 -16 14 1 -7 6 3 10 6 15 9 9 14 6 3 3 -5 15 -15 
9 6 11 11 -2 16 1 3 2 6 10 12 5 3 4 -10 5 1 10 2 
-15 2 7 -8 1 6 16 8 7 -5 -1 9 7 3 0 15 -13 -3 -10 4 
12 5 -9 7 9 -13 -14 -8 7 11 -2 9 10 4 12 13 -3 3 3 -14 
13 5 -5 -2 3 3 7 9 7 16 9 -8 6 -6 5 12 13 3 11 12 
38
5
2 9
16 10
0 19
13 11
12 18
17 10
3 9
19 0
6 8
7 1
20
2 15 15
5 4 15
14 8 12
8 3 12
3 6 14
10 1 13
18 10 11
4 11 14
4 12 15
11 9 16
17 4 15
14 15 15
5 11 12
11 16 12
16 13 14
9 18 13
1 9 11
15 8 14
15 7 15
8 10 16
26
0 17
10 19
1 10
7 15
11 3
13 3
3 5
6 13
14 2
2 16
1 18
6 7
3 11
19 2
9 0
18 9
12 4
8 16
6 16
16 14
13 6
5 17
17 3
18 1
13 12
16 8
