20 20
-16 13 11 19 -14 24 4 4 24 18 8 16 12 -17 -9 12 -3 2 -8 -13 
14 6 9 -3 24 11 12 4 1 6 -4 -6 3 7 13 -16 6 22 -24 24 
7 14 -21 24 2 -10 3 19 14 15 23 -16 -19 4 -14 5 19 4 6 16 
18 18 19 6 24 14 3 10 21 -5 21 -7 -21 -18 9 15 4 24 14 6 
-23 12 6 -20 24 -12 21 24 23 11 13 -18 16 12 -8 -20 -17 -15 0 8 
14 16 15 -7 17 1 -17 16 3 12 20 -18 8 15 0 23 -5 15 24 1 
9 3 9 -16 17 7 5 24 2 13 24 7 1 15 8 15 14 18 14 11 
-15 -13 15 -13 14 15 6 -18 -23 12 2 20 16 22 3 8 -4 10 21 9 
-24 -14 0 -24 -11 19 24 9 11 18 14 13 17 -24 14 19 -24 -2 6 17 
-4 20 19 8 18 -3 9 24 -22 18 23 16 20 22 14 4 15 14 11 14 
14 11 14 15 4 14 22 20 16 23 18 -22 24 9 -3 18 8 19 20 -4 
17 6 -2 -24 19 14 -24 17 13 14 18 11 9 24 19 -11 -24 0 -14 -24 
9 21 10 -4 8 3 22 16 20 2 12 -23 -18 6 15 14 -13 15 -13 -15 
11 14 18 14 15 8 15 1 7 24 13 2 24 5 7 17 -16 9 3 9 
1 24 15 -5 23 0 15 8 -18 20 12 3 16 -17 1 17 -7 15 16 14 
8 0 -15 -17 -20 -8 12 16 -18 13 11 23 24 21 -12 24 -20 6 12 -23 
6 14 24 4 15 9 -18 -21 -7 21 -5 21 10 3 14 24 6 19 18 18 
16 6 4 19 5 -14 4 -19 -16 23 15 14 19 3 -10 2 24 -21 14 7 
24 -24 22 6 -16 13 7 3 -6 -4 6 1 4 12 11 24 -3 9 6 14 
-13 -8 2 -3 12 -9 -17 12 16 8 18 24 4 4 24 -14 19 11 13 -16 
53
6
12 11
13 12
0 5
15 18
12 8
19 11
7 8
6 7
19 14
4 1
7 11
0 8
8
15 2 10
0 18 10
8 11 13
12 2 12
4 17 10
19 1 10
11 8 13
7 17 12
34
7 1
1 13
1 8
6 12
8 7
11 6
2 5
11 19
2 7
7 18
10 12
8 3
6 1
0 16
5 4
3 15
3 11
12 18
18 6
18 11
13 7
11 12
8 13
17 14
8 0
17 12
12 1
9 7
11 16
13 18
19 3
14 15
16 4
16 8
