20 20
12 -23 13 -1 14 12 18 -1 6 21 -10 0 -2 6 4 -13 16 6 20 15 
16 17 -2 10 12 -1 18 0 17 18 18 -3 -7 16 22 7 3 13 2 17 
11 7 -6 13 -16 17 22 22 4 11 16 6 14 -16 -1 10 6 17 0 10 
9 18 23 9 20 5 11 19 10 20 12 -13 4 15 4 -14 -17 1 8 14 
19 23 -5 8 18 2 17 21 -13 8 -16 20 6 -3 4 -15 9 3 4 -2 
18 -10 22 7 18 12 9 8 -14 18 12 -1 3 7 1 14 4 -13 0 -15 
17 -14 12 6 15 15 7 -6 -4 6 4 5 6 16 17 19 0 -23 11 11 
20 16 5 12 -1 17 10 -19 5 20 15 1 17 22 19 -18 20 -7 -11 19 
7 -13 0 0 3 2 9 23 -12 15 -14 14 3 -17 4 -5 0 17 14 21 
7 -11 13 8 5 -12 21 -6 0 8 -12 -21 13 -17 2 23 20 -16 -18 19 
19 -18 -16 20 23 2 -17 13 -21 -12 8 0 -6 21 -12 5 8 13 -11 7 
21 14 17 0 -5 4 -17 3 14 -14 15 -12 23 9 2 3 0 0 -13 7 
19 -11 -7 20 -18 19 22 17 1 15 20 5 -19 10 17 -1 12 5 16 20 
11 11 -23 0 19 17 16 6 5 4 6 -4 -6 7 15 15 6 12 -14 17 
-15 0 -13 4 14 1 7 3 -1 12 18 -14 8 9 12 18 7 22 -10 18 
-2 4 3 9 -15 4 -3 6 20 -16 8 -13 21 17 2 18 8 -5 23 19 
14 8 1 -17 -14 4 15 4 -13 12 20 10 19 11 5 20 9 23 18 9 
10 0 17 6 10 -1 -16 14 6 16 11 4 22 22 17 -16 13 -6 7 11 
17 2 13 3 7 22 16 -7 -3 18 18 17 0 18 -1 12 10 -2 17 16 
15 20 6 16 -13 4 6 -2 0 -10 21 6 -1 18 12 14 -1 13 -23 12 
46
6
8 1
10 14
11 1
1 15
4 14
8 5
11 18
9 5
8 18
18 4
15 5
11 14
12
8 16 13
8 6 14
7 15 15
8 3 12
19 4 10
6 11 13
11 3 13
11 13 14
12 4 15
11 16 12
0 15 10
13 8 13
32
1 16
6 9
5 4
16 7
1 9
16 5
2 17
19 7
13 1
4 10
7 16
1 5
5 15
6 19
11 0
8 12
18 3
13 10
14 15
3 12
18 10
3 14
17 2
0 12
6 18
15 9
12 3
18 14
14 4
13 0
8 19
11 7
