20 20
1 0 8 -6 1 3 6 1 2 4 -4 6 7 3 1 4 3 6 2 7 
-6 4 8 2 -1 -1 3 -2 4 2 -1 -5 -2 2 -3 1 1 2 -4 7 
-6 3 2 4 -2 7 -4 2 3 6 5 7 8 4 0 1 6 -2 6 5 
6 3 6 5 8 2 -3 -3 7 7 8 8 -8 -1 5 2 0 7 6 8 
2 -5 3 -1 8 7 3 7 8 -7 8 0 1 3 0 6 -8 8 7 4 
1 4 2 -8 6 1 -8 2 4 8 1 6 4 6 0 -6 2 8 5 7 
8 -6 8 2 5 -6 6 8 3 -7 -6 1 8 1 -5 8 6 0 2 8 
0 2 7 6 8 6 -8 6 8 6 -8 -6 6 6 -8 -4 7 0 -7 3 
8 1 -6 2 7 5 8 7 2 3 5 -6 1 -7 5 7 -2 8 4 -2 
1 7 -3 6 6 2 3 8 8 8 0 7 1 4 8 3 8 6 8 3 
3 8 6 8 3 8 4 1 7 0 8 8 8 3 2 6 6 -3 7 1 
-2 4 8 -2 7 5 -7 1 -6 5 3 2 7 8 5 7 2 -6 1 8 
3 -7 0 7 -4 -8 6 6 -6 -8 6 8 6 -8 6 8 6 7 2 0 
8 2 0 6 8 -5 1 8 1 -6 -7 3 8 6 -6 5 2 8 -6 8 
7 5 8 2 -6 0 6 4 6 1 8 4 2 -8 1 6 -8 2 4 1 
4 7 8 -8 6 0 3 1 0 8 -7 8 7 3 7 8 -1 3 -5 2 
8 6 7 0 2 5 -1 -8 8 8 7 7 -3 -3 2 8 5 6 3 6 
5 6 -2 6 1 0 4 8 7 5 6 3 2 -4 7 -2 4 2 3 -6 
7 -4 2 1 1 -3 2 -2 -5 -1 2 4 -2 3 -1 -1 2 8 4 -6 
7 2 6 3 4 1 3 7 6 -4 4 2 1 6 3 1 -6 8 0 1 
47
6
18 7
17 11
6 19
17 13
1 16
9 3
1 12
2 8
13 0
2 6
18 3
10 16
8
18 5 12
11 0 8
2 17 8
14 18 10
1 14 12
8 19 8
17 2 8
5 1 10
40
2 9
18 10
14 10
10 1
5 12
18 1
10 18
8 5
7 19
11 16
9 10
14 2
3 8
3 13
3 2
13 6
9 16
14 9
8 10
13 12
17 10
1 9
5 9
9 18
14 7
1 18
9 1
11 14
12 0
8 3
10 9
5 17
16 11
16 6
16 17
6 13
10 3
5 10
11 9
6 7
