20 20
-16 11 -11 17 18 -21 13 4 16 -11 14 16 -2 -5 -9 8 -7 5 17 -11 
-7 7 1 4 4 17 -5 18 -23 -15 22 -21 18 13 6 -7 -8 6 5 11 
1 19 -17 17 17 -9 4 9 5 14 14 2 -17 1 23 -2 15 21 -13 -8 
-6 10 -8 15 3 -22 17 2 13 10 16 2 2 -1 -15 11 11 10 12 8 
1 22 9 4 22 9 -7 8 16 3 7 21 -17 17 2 18 6 7 0 12 
2 18 -1 -16 19 21 15 19 23 6 15 2 -6 9 14 -21 7 -2 3 -2 
0 -13 0 20 18 10 -10 2 10 10 23 22 1 16 1 16 9 -6 -11 6 
14 18 9 18 1 12 4 -2 20 12 23 -1 -17 17 16 -14 23 19 4 14 
6 23 -10 1 14 7 19 19 22 22 -8 16 4 7 -18 11 -1 -21 -16 1 
8 -9 -21 -12 -6 15 2 17 17 6 18 4 21 11 14 23 0 19 16 5 
5 16 19 0 23 14 11 21 4 18 6 17 17 2 15 -6 -12 -21 -9 8 
1 -16 -21 -1 11 -18 7 4 16 -8 22 22 19 19 7 14 1 -10 23 6 
14 4 19 23 -14 16 17 -17 -1 23 12 20 -2 4 12 1 18 9 18 14 
6 -11 -6 9 16 1 16 1 22 23 10 10 2 -10 10 18 20 0 -13 0 
-2 3 -2 7 -21 14 9 -6 2 15 6 23 19 15 21 19 -16 -1 18 2 
12 0 7 6 18 2 17 -17 21 7 3 16 8 -7 9 22 4 9 22 1 
8 12 10 11 11 -15 -1 2 2 16 10 13 2 17 -22 3 15 -8 10 -6 
-8 -13 21 15 -2 23 1 -17 2 14 14 5 9 4 -9 17 17 -17 19 1 
11 5 6 -8 -7 6 13 18 -21 22 -15 -23 18 -5 17 4 4 1 7 -7 
-11 17 5 -7 8 -9 -5 -2 16 14 -11 16 4 13 -21 18 17 -11 11 -16 
48
4
6 12
0 5
13 11
16 6
13 7
19 14
6 8
3 13
8
4 16 11
5 14 9
2 15 12
1 0 10
15 3 11
14 5 9
17 4 12
18 19 10
30
10 17
8 13
3 12
7 11
1 16
4 17
4 14
9 16
13 8
14 7
0 6
13 2
14 16
11 4
15 10
9 2
11 6
16 7
12 8
18 3
15 2
15 5
10 3
6 11
5 12
19 13
6 17
5 3
8 15
4 9
