20 20
5 -8 26 17 -22 25 20 -9 24 -15 28 -6 -3 25 15 -13 12 27 -25 0 
16 17 10 1 -9 -2 -12 -7 22 16 19 2 26 11 19 10 5 24 26 2 
5 25 25 15 29 5 13 16 8 -14 17 24 22 -24 25 2 12 -24 -25 -5 
14 24 16 5 21 -7 6 21 2 20 9 25 14 -6 -24 28 20 26 16 13 
-16 -29 27 1 -23 10 7 1 -28 12 17 8 -26 4 -24 -20 5 16 -20 6 
6 5 25 5 13 8 -29 20 29 13 23 11 22 -18 13 -2 17 8 16 14 
24 9 17 -16 9 3 3 25 -6 26 -3 6 20 20 11 16 28 2 17 13 
21 2 -29 -19 20 8 27 14 20 14 -10 27 7 0 4 15 18 7 19 0 
-20 2 -10 21 2 16 19 22 14 19 -12 25 9 1 9 -16 -16 13 -15 -7 
17 -1 27 5 -2 -1 0 4 4 8 -22 8 25 -25 -20 -18 14 14 0 14 
14 0 14 14 -18 -20 -25 25 8 -22 8 4 4 0 -1 -2 5 27 -1 17 
-7 -15 13 -16 -16 9 1 9 25 -12 19 14 22 19 16 2 21 -10 2 -20 
0 19 7 18 15 4 0 7 27 -10 14 20 14 27 8 20 -19 -29 2 21 
13 17 2 28 16 11 20 20 6 -3 26 -6 25 3 3 9 -16 17 9 24 
14 16 8 17 -2 13 -18 22 11 23 13 29 20 -29 8 13 5 25 5 6 
6 -20 16 5 -20 -24 4 -26 8 17 12 -28 1 7 10 -23 1 27 -29 -16 
13 16 26 20 28 -24 -6 14 25 9 20 2 21 6 -7 21 5 16 24 14 
-5 -25 -24 12 2 25 -24 22 24 17 -14 8 16 13 5 29 15 25 25 5 
2 26 24 5 10 19 11 26 2 19 16 22 -7 -12 -2 -9 1 10 17 16 
0 -25 27 12 -13 15 25 -3 -6 28 -15 24 -9 20 25 -22 17 26 -8 5 
42
2
15 6
11 10
4 13
8 9
10
16 4 14
19 3 12
8 3 9
9 8 11
15 1 11
3 15 14
0 16 12
11 16 9
10 11 11
4 18 11
28
18 7
4 11
19 4
13 18
15 12
8 7
8 19
16 2
14 17
13 11
1 10
9 10
0 4
10 0
1 12
15 8
0 15
6 1
4 7
11 12
11 0
3 17
5 2
6 8
18 9
10 9
19 15
9 19
