20 20
4 5 -5 4 -4 -5 4 4 1 -3 -6 3 6 6 -3 1 5 -2 4 6 
0 5 2 0 0 4 3 0 3 -4 5 5 4 3 3 4 4 2 2 -5 
6 2 -4 2 0 5 5 0 3 -2 -5 3 5 2 2 0 4 5 0 4 
2 1 2 5 0 1 2 -6 1 -1 4 0 3 3 -4 6 0 -3 -2 -6 
4 3 3 1 4 6 0 1 6 1 -6 3 6 1 0 5 5 4 3 4 
5 -1 3 5 -6 5 5 6 6 0 6 -5 5 -5 1 2 4 -5 3 1 
1 -5 2 -2 0 4 0 1 3 4 2 0 2 1 1 1 1 1 6 2 
-2 4 -1 2 4 6 -3 -1 -6 -1 0 1 5 6 6 3 6 -5 6 1 
-5 1 1 1 3 0 4 6 -5 2 -3 4 -1 3 1 -6 3 4 4 0 
5 1 3 6 -1 1 5 5 5 1 4 2 3 3 6 2 4 -5 3 2 
2 3 -5 4 2 6 3 3 2 4 1 5 5 5 1 -1 6 3 1 5 
0 4 4 3 -6 1 3 -1 4 -3 2 -5 6 4 0 3 1 1 1 -5 
1 6 -5 6 3 6 6 5 1 0 -1 -6 -1 -3 6 4 2 -1 4 -2 
2 6 1 1 1 1 1 2 0 2 4 3 1 0 4 0 -2 2 -5 1 
1 3 -5 4 2 1 -5 5 -5 6 0 6 6 5 5 -6 5 3 -1 5 
4 3 4 5 5 0 1 6 3 -6 1 6 1 0 6 4 1 3 3 4 
-6 -2 -3 0 6 -4 3 3 0 4 -1 1 -6 2 1 0 5 2 1 2 
4 0 5 4 0 2 2 5 3 -5 -2 3 0 5 5 0 2 -4 2 6 
-5 2 2 4 4 3 3 4 5 5 -4 3 0 3 4 0 0 2 5 0 
6 4 -2 5 1 -3 6 6 3 -6 -3 1 4 4 -5 -4 4 -5 5 4 
54
5
18 19
11 7
17 14
6 1
16 13
1 0
8 12
2 5
13 18
3 6
16
9 13 13
9 7 12
8 11 15
3 5 12
5 11 13
11 14 15
13 8 15
10 7 10
10 6 13
10 12 12
11 8 15
16 14 12
14 8 13
8 5 15
6 11 15
9 12 10
30
6 18
9 19
14 10
12 7
0 2
8 7
13 3
14 19
11 18
10 9
19 16
7 4
8 6
7 18
2 8
13 1
10 0
5 9
7 12
19 17
11 12
6 16
5 0
8 1
9 10
0 3
12 15
11 13
12 1
17 11
