20 20
3 22 1 -6 9 -22 6 -6 8 22 -7 12 9 11 3 16 -16 5 -20 16 
-18 22 4 21 -8 18 18 11 13 5 -18 13 -7 14 24 6 19 0 -8 8 
5 7 -18 4 18 24 5 -24 22 -15 16 7 1 10 -23 19 4 -13 0 24 
-15 8 -12 23 -21 18 -24 10 1 12 5 -7 -9 10 13 -5 17 -12 5 9 
9 4 19 -9 3 7 11 18 11 15 7 11 -1 -10 10 7 4 4 -17 17 
6 -3 6 16 -21 17 21 7 6 8 8 1 14 18 19 21 0 11 -6 21 
21 -13 14 -24 4 -11 -21 15 21 17 -21 8 0 -4 12 7 22 12 8 12 
23 13 -22 3 8 8 21 6 7 8 10 11 18 21 7 19 15 9 18 24 
14 -1 21 4 8 13 -2 4 -10 -6 -20 13 -14 23 -23 12 4 16 -17 11 
18 19 -18 -5 6 8 20 -4 23 2 22 15 8 19 15 7 9 2 15 14 
14 15 2 9 7 15 19 8 15 22 2 23 -4 20 8 6 -5 -18 19 18 
11 -17 16 4 12 -23 23 -14 13 -20 -6 -10 4 -2 13 8 4 21 -1 14 
24 18 9 15 19 7 21 18 11 10 8 7 6 21 8 8 3 -22 13 23 
12 8 12 22 7 12 -4 0 8 -21 17 21 15 -21 -11 4 -24 14 -13 21 
21 -6 11 0 21 19 18 14 1 8 8 6 7 21 17 -21 16 6 -3 6 
17 -17 4 4 7 10 -10 -1 11 7 15 11 18 11 7 3 -9 19 4 9 
9 5 -12 17 -5 13 10 -9 -7 5 12 1 10 -24 18 -21 23 -12 8 -15 
24 0 -13 4 19 -23 10 1 7 16 -15 22 -24 5 24 18 4 -18 7 5 
8 -8 0 19 6 24 14 -7 13 -18 5 13 11 18 18 -8 21 4 22 -18 
16 -20 5 -16 16 3 11 9 12 -7 22 8 -6 6 -22 9 -6 1 22 3 
46
8
12 18
13 7
4 17
11 17
3 1
4 15
13 2
9 14
7 1
6 12
15 2
8 2
16 18
15 4
6 17
10 5
14
10 12 8
6 19 11
6 13 13
9 3 12
11 12 9
12 0 8
5 11 13
9 7 8
13 0 11
13 6 13
10 16 12
8 7 9
7 19 8
14 8 13
26
12 19
14 5
12 17
15 18
13 18
4 7
0 12
7 11
8 10
9 19
3 16
14 12
11 4
7 0
5 14
7 2
4 1
6 1
15 12
19 7
12 8
11 9
10 0
16 3
5 7
8 15
