20 20
-10 5 7 -6 6 4 -5 7 3 6 3 -3 1 -2 1 7 -6 4 5 10 
9 7 -8 1 10 1 5 8 5 8 10 7 -1 -11 11 9 3 5 5 2 
0 4 -5 9 10 8 5 5 -8 -2 8 9 5 -4 2 0 4 9 3 0 
4 8 -2 0 8 11 10 6 7 2 -5 -11 8 -7 11 7 8 0 10 0 
9 7 9 2 6 11 3 1 2 -8 6 11 2 2 8 10 1 3 3 4 
11 -11 10 8 7 3 1 -3 7 6 5 -7 -5 9 3 7 0 -4 8 11 
-5 -9 8 -5 9 -8 -1 9 8 5 5 -10 5 2 -4 1 0 -8 4 7 
-5 1 -10 6 3 8 -11 9 0 -10 8 -4 -7 3 1 1 -11 7 1 11 
7 6 5 11 2 2 -5 7 -10 -5 -1 6 0 4 2 11 -2 9 0 3 
1 -10 6 4 7 8 -9 6 4 -5 5 7 6 8 1 6 7 4 2 5 
5 2 4 7 6 1 8 6 7 5 -5 4 6 -9 8 7 4 6 -10 1 
3 0 9 -2 11 2 4 0 6 -1 -5 -10 7 -5 2 2 11 5 6 7 
11 1 7 -11 1 1 3 -7 -4 8 -10 0 9 -11 8 3 6 -10 1 -5 
7 4 -8 0 1 -4 2 5 -10 5 5 8 9 -1 -8 9 -5 8 -9 -5 
11 8 -4 0 7 3 9 -5 -7 5 6 7 -3 1 3 7 8 10 -11 11 
4 3 3 1 10 8 2 2 11 6 -8 2 1 3 11 6 2 9 7 9 
0 10 0 8 7 11 -7 8 -11 -5 2 7 6 10 11 8 0 -2 8 4 
0 3 9 4 0 2 -4 5 9 8 -2 -8 5 5 8 10 9 -5 4 0 
2 5 5 3 9 11 -11 -1 7 10 8 5 8 5 1 10 1 -8 7 9 
10 5 4 -6 7 1 -2 1 -3 3 6 3 7 -5 4 6 -6 7 5 -10 
52
3
2 19
1 2
2 13
17 0
18 17
17 6
12
5 18 9
5 11 12
8 3 10
0 1 12
18 6 8
0 14 8
14 1 9
14 8 12
11 16 10
19 18 12
1 13 8
19 5 8
26
19 11
5 13
13 6
8 9
4 19
16 12
9 8
1 3
8 7
19 13
16 14
1 12
15 1
0 8
14 6
6 13
11 10
15 0
3 7
10 11
18 16
11 12
0 6
3 5
18 7
4 18
