20 20
5 -7 6 -3 4 3 2 4 2 6 5 7 7 -1 6 6 2 8 -6 4 
4 2 4 6 4 2 4 7 8 -1 1 6 2 4 8 -3 7 -4 2 -3 
-8 -5 1 1 -4 8 5 5 3 -5 -5 5 7 2 7 5 3 7 3 3 
7 7 2 4 -2 5 8 4 8 7 1 4 8 1 8 2 7 1 -7 1 
5 -5 8 2 -4 0 -4 -5 7 -3 7 8 7 8 -2 8 2 0 1 6 
1 -8 1 3 4 8 3 -1 7 -7 4 7 8 3 5 6 5 3 1 -6 
6 8 5 0 -1 6 1 6 -7 3 5 5 4 -7 5 5 5 2 6 1 
0 6 4 5 7 1 -5 4 4 6 7 6 8 2 -1 0 7 1 -8 1 
3 -6 6 1 2 -4 2 8 7 1 5 5 -5 5 7 4 2 -3 1 -3 
2 -3 3 -2 -8 1 1 3 7 -6 5 2 3 4 -3 -8 -2 2 4 -5 
-5 4 2 -2 -8 -3 4 3 2 5 -6 7 3 1 1 -8 -2 3 -3 2 
-3 1 -3 2 4 7 5 -5 5 5 1 7 8 2 -4 2 1 6 -6 3 
1 -8 1 7 0 -1 2 8 6 7 6 4 4 -5 1 7 5 4 6 0 
1 6 2 5 5 5 -7 4 5 5 3 -7 6 1 6 -1 0 5 8 6 
-6 1 3 5 6 5 3 8 7 4 -7 7 -1 3 8 4 3 1 -8 1 
6 1 0 2 8 -2 8 7 8 7 -3 7 -5 -4 0 -4 2 8 -5 5 
1 -7 1 7 2 8 1 8 4 1 7 8 4 8 5 -2 4 2 7 7 
3 3 7 3 5 7 2 7 5 -5 -5 3 5 5 8 -4 1 1 -5 -8 
-3 2 -4 7 -3 8 4 2 6 1 -1 8 7 4 2 4 6 4 2 4 
4 -6 8 2 6 6 -1 7 7 5 6 2 4 2 3 4 -3 6 -7 5 
41
2
6 5
14 18
13 14
5 1
16
3 0 15
4 8 16
13 10 12
10 3 8
12 15 15
17 18 16
4 9 15
10 15 12
16 19 15
15 11 16
6 9 12
9 16 8
7 4 15
2 1 16
15 10 15
9 4 12
32
1 12
10 14
12 4
0 8
16 10
2 13
5 10
19 2
7 5
2 9
12 8
15 12
16 18
1 13
1 0
7 18
18 7
9 5
7 15
19 11
3 9
17 6
14 9
0 17
12 14
17 10
7 11
4 7
3 1
18 6
18 19
12 1
