20 20
11 -4 14 12 16 0 -11 1 17 -14 10 -2 1 16 14 -5 -17 0 -17 11 
3 -18 5 -18 1 -3 1 -14 7 4 -2 8 12 18 2 2 -10 14 -3 5 
15 -11 2 5 -18 9 15 12 -5 7 16 -13 12 -16 -2 10 -4 10 -3 10 
6 2 7 16 9 17 11 4 0 5 10 7 6 5 5 9 14 15 0 18 
9 -5 15 2 6 -17 16 -18 6 2 11 12 12 18 15 13 7 5 3 1 
-2 13 -7 3 0 14 3 10 -18 7 -10 15 18 -14 2 13 5 1 10 18 
-11 -12 3 -9 7 15 16 6 -12 14 1 11 11 16 15 18 14 6 -16 18 
16 12 14 4 -10 1 4 9 15 -13 11 4 8 5 6 14 -7 14 13 7 
17 5 12 5 -8 5 8 16 17 18 16 -6 16 13 13 -5 -16 -14 6 8 
15 -2 10 17 5 2 13 16 -9 3 -4 13 0 16 15 8 9 4 11 16 
16 11 4 9 8 15 16 0 13 -4 3 -9 16 13 2 5 17 10 -2 15 
8 6 -14 -16 -5 13 13 16 -6 16 18 17 16 8 5 -8 5 12 5 17 
7 13 14 -7 14 6 5 8 4 11 -13 15 9 4 1 -10 4 14 12 16 
18 -16 6 14 18 15 16 11 11 1 14 -12 6 16 15 7 -9 3 -12 -11 
18 10 1 5 13 2 -14 18 15 -10 7 -18 10 3 14 0 3 -7 13 -2 
1 3 5 7 13 15 18 12 12 11 2 6 -18 16 -17 6 2 15 -5 9 
18 0 15 14 9 5 5 6 7 10 5 0 4 11 17 9 16 7 2 6 
10 -3 10 -4 10 -2 -16 12 -13 16 7 -5 12 15 9 -18 5 2 -11 15 
5 -3 14 -10 2 2 18 12 8 -2 4 7 -14 1 -3 1 -18 5 -18 3 
11 -17 0 -17 -5 14 16 1 -2 10 -14 17 1 -11 0 16 12 14 -4 11 
60
4
17 3
13 9
3 16
19 14
2 16
6 10
16 3
0 5
10
8 16 15
12 5 13
3 0 10
0 7 9
11 0 14
11 3 15
7 14 13
16 19 10
19 12 9
8 19 14
28
18 3
4 17
7 5
17 7
1 5
10 7
8 6
2 9
12 2
14 4
4 3
9 2
4 11
2 17
1 16
15 2
12 14
2 12
18 14
9 12
11 13
17 10
7 17
5 15
15 16
10 17
15 8
17 2
