20 20
12 2 10 8 5 -9 3 8 5 8 3 3 7 10 2 -11 3 -4 10 8 
6 -11 10 -8 0 -4 10 -4 0 8 11 0 0 7 6 4 10 6 3 12 
0 0 1 7 6 -6 7 6 5 1 4 -7 3 -1 9 6 5 2 4 1 
1 -7 2 1 1 8 8 3 2 4 5 -11 7 1 12 6 -2 -10 0 7 
-5 6 7 5 2 4 10 12 4 7 3 0 3 0 -6 -11 9 10 9 0 
8 2 1 -10 6 0 12 4 -5 5 5 -9 -2 12 -1 7 7 -5 9 -2 
10 6 -6 11 -3 9 -12 3 -12 5 12 11 2 0 10 1 5 3 4 10 
-10 2 6 5 10 3 -10 11 5 -6 -6 7 -11 10 7 12 5 1 10 11 
4 6 11 5 -3 4 8 -5 -5 7 -1 4 11 2 7 11 4 12 -12 7 
-10 9 10 5 9 3 4 -7 -6 8 7 -5 7 4 6 6 4 5 4 5 
5 4 5 4 6 6 4 7 -5 7 8 -6 -7 4 3 9 5 10 9 -10 
7 -12 12 4 11 7 2 11 4 -1 7 -5 -5 8 4 -3 5 11 6 4 
11 10 1 5 12 7 10 -11 7 -6 -6 5 11 -10 3 10 5 6 2 -10 
10 4 3 5 1 10 0 2 11 12 5 -12 3 -12 9 -3 11 -6 6 10 
-2 9 -5 7 7 -1 12 -2 -9 5 5 -5 4 12 0 6 -10 1 2 8 
0 9 10 9 -11 -6 0 3 0 3 7 4 12 10 4 2 5 7 6 -5 
7 0 -10 -2 6 12 1 7 -11 5 4 2 3 8 8 1 1 2 -7 1 
1 4 2 5 6 9 -1 3 -7 4 1 5 6 7 -6 6 7 1 0 0 
12 3 6 10 4 6 7 0 0 11 8 0 -4 10 -4 0 -8 10 -11 6 
8 10 -4 3 -11 2 10 7 3 3 8 5 8 3 -9 5 8 10 2 12 
59
6
9 6
18 6
0 1
4 15
7 2
8 13
10 13
1 13
19 18
15 4
12 17
11 6
20
15 16 16
16 11 9
15 2 12
18 8 12
11 16 13
14 17 16
13 16 8
5 11 12
10 19 9
12 9 11
4 3 16
3 8 9
4 17 12
1 11 12
8 3 13
5 2 16
6 3 8
14 8 12
9 0 9
7 10 11
30
1 12
8 11
5 17
1 6
5 9
10 5
9 19
4 14
10 1
19 9
11 10
9 17
4 5
19 5
15 12
18 7
11 8
14 2
18 13
14 10
9 14
10 0
15 5
9 18
0 10
8 9
10 2
15 14
0 14
4 7
