20 20
11 4 -19 11 -8 7 18 17 9 11 9 4 17 13 7 -8 -7 10 21 7 
18 16 21 12 -7 14 2 -11 1 8 -8 7 2 21 6 -8 4 -21 10 17 
-17 -12 16 6 4 11 8 16 -5 4 20 4 5 19 14 -2 -19 17 20 -21 
17 -18 1 7 20 8 6 -8 -14 -18 -8 4 3 16 11 5 -13 8 -3 14 
10 16 15 20 0 1 13 -15 -6 18 10 5 8 12 -11 3 4 10 1 14 
-9 -6 8 2 12 19 5 -11 1 18 18 0 4 8 16 -19 1 10 13 7 
2 -9 3 -16 9 1 16 0 7 18 12 13 12 7 -8 3 2 8 4 -9 
9 9 12 -16 11 1 14 17 6 17 15 -17 15 16 1 -12 -5 11 0 8 
3 8 20 2 -7 15 8 19 21 -9 -3 14 14 13 2 12 3 16 20 19 
6 20 4 7 4 -9 21 12 20 -16 -16 7 17 7 12 20 8 -2 21 19 
19 21 -2 8 20 12 7 17 7 -16 -16 20 12 21 -9 4 7 4 20 6 
19 20 16 3 12 2 13 14 14 -3 -9 21 19 8 15 -7 2 20 8 3 
8 0 11 -5 -12 1 16 15 -17 15 17 6 17 14 1 11 -16 12 9 9 
-9 4 8 2 3 -8 7 12 13 12 18 7 0 16 1 9 -16 3 -9 2 
7 13 10 1 -19 16 8 4 0 18 18 1 -11 5 19 12 2 8 -6 -9 
14 1 10 4 3 -11 12 8 5 10 18 -6 -15 13 1 0 20 15 16 10 
14 -3 8 -13 5 11 16 3 4 -8 -18 -14 -8 6 8 20 7 1 -18 17 
-21 20 17 -19 -2 14 19 5 4 20 4 -5 16 8 11 4 6 16 -12 -17 
17 10 -21 4 -8 6 21 2 7 -8 8 1 -11 2 14 -7 12 21 16 18 
7 21 10 -7 -8 7 13 17 4 9 11 9 17 18 7 -8 11 -19 4 11 
35
2
15 18
7 19
4 1
12 0
14
16 19 10
12 9 8
3 18 16
7 13 14
15 19 12
8 11 13
17 2 14
3 0 10
7 10 8
16 1 16
12 6 14
4 0 12
11 8 13
2 17 14
38
0 10
3 16
17 3
0 17
16 5
15 13
5 19
6 1
9 8
13 7
17 13
15 2
13 11
3 2
8 5
6 3
19 7
0 4
6 9
19 9
16 3
2 16
19 2
3 14
4 6
14 0
13 18
10 11
6 12
2 6
4 17
6 8
16 17
11 14
13 16
0 12
19 15
13 10
