20 20
2 4 2 2 -3 1 4 -2 -3 -4 3 1 0 1 -2 0 0 2 -3 0 
4 2 1 4 1 1 2 -3 3 3 3 0 3 2 -3 3 -4 -4 0 2 
-2 1 4 3 4 0 1 1 1 1 1 3 -4 3 0 1 2 -2 3 4 
-4 1 -4 -4 4 0 1 1 -3 1 0 0 3 1 3 -4 1 1 2 -3 
2 1 0 2 -1 0 -1 4 0 1 -1 -4 1 3 4 0 1 3 0 2 
3 4 2 -2 1 -1 4 -2 4 -1 1 1 4 1 -3 3 4 1 2 4 
3 4 0 4 1 0 4 3 0 1 -2 4 2 0 2 -2 1 -2 4 3 
-4 4 2 -1 3 4 3 4 0 0 -4 2 0 -3 0 -2 -3 2 2 -1 
4 2 1 -2 2 -4 -2 4 -4 0 1 -4 1 3 -4 2 -1 4 -4 2 
4 3 -4 -3 -2 0 1 3 4 -2 4 1 -3 3 -3 -1 2 4 2 2 
2 2 4 2 -1 -3 3 -3 1 4 -2 4 3 1 0 -2 -3 -4 3 4 
2 -4 4 -1 2 -4 3 1 -4 1 0 -4 4 -2 -4 2 -2 1 2 4 
-1 2 2 -3 -2 0 -3 0 2 -4 0 0 4 3 4 3 -1 2 4 -4 
3 4 -2 1 -2 2 0 2 4 -2 1 0 3 4 0 1 4 0 4 3 
4 2 1 4 3 -3 1 4 1 1 -1 4 -2 4 -1 1 -2 2 4 3 
2 0 3 1 0 4 3 1 -4 -1 1 0 4 -1 0 -1 2 0 1 2 
-3 2 1 1 -4 3 1 3 0 0 1 -3 1 1 0 4 -4 -4 1 -4 
4 3 -2 2 1 0 3 -4 3 1 1 1 1 1 0 4 3 4 1 -2 
2 0 -4 -4 3 -3 2 3 0 3 3 3 -3 2 1 1 4 1 2 4 
0 -3 2 0 0 -2 1 0 1 3 -4 -3 -2 4 1 -3 2 2 4 2 
40
4
0 17
4 15
16 11
16 14
19 2
15 4
3 8
3 5
12
12 14 16
11 12 9
5 0 12
11 3 15
14 6 12
3 2 15
7 5 16
8 7 9
14 19 12
8 16 15
5 13 12
16 17 15
32
5 12
9 19
13 17
18 9
12 0
1 19
13 4
12 7
19 18
6 5
16 6
10 13
12 18
5 7
10 14
15 12
14 7
10 0
6 2
1 10
7 19
18 0
6 15
7 12
0 1
13 14
3 13
9 6
7 1
14 12
9 5
4 7
