20 20
13 3 -6 7 2 16 2 -16 1 14 2 1 -5 4 4 -1 11 -1 1 6 
-11 -11 -13 6 -13 -15 7 0 1 15 12 7 1 -14 3 4 2 15 4 0 
-6 1 14 -15 1 -10 6 4 3 3 -7 1 6 5 -3 -9 5 2 10 8 
-15 15 15 4 12 2 1 -15 6 -11 16 -15 8 4 1 -6 16 4 -9 5 
1 1 -2 -8 5 -12 3 3 4 5 1 7 14 16 1 15 -1 2 14 -15 
15 10 -1 14 14 6 0 13 15 8 0 1 7 16 14 -1 -8 8 11 8 
7 -9 6 -8 2 7 13 10 15 1 11 -10 -15 7 8 -10 12 6 6 13 
0 4 3 -16 -16 -9 11 8 10 10 10 -12 16 10 8 13 2 -4 10 15 
8 7 -13 0 3 14 4 15 6 9 -10 -2 5 6 10 8 11 6 -9 4 
10 -11 11 11 15 15 -3 6 16 0 6 5 -5 15 -3 8 -11 10 0 3 
3 0 10 -11 8 -3 15 -5 5 6 0 16 6 -3 15 15 11 11 -11 10 
4 -9 6 11 8 10 6 5 -2 -10 9 6 15 4 14 3 0 -13 7 8 
15 10 -4 2 13 8 10 16 -12 10 10 10 8 11 -9 -16 -16 3 4 0 
13 6 6 12 -10 8 7 -15 -10 11 1 15 10 13 7 2 -8 6 -9 7 
8 11 8 -8 -1 14 16 7 1 0 8 15 13 0 6 14 14 -1 10 15 
-15 14 2 -1 15 1 16 14 7 1 5 4 3 3 -12 5 -8 -2 1 1 
5 -9 4 16 -6 1 4 8 -15 16 -11 6 -15 1 2 12 4 15 15 -15 
8 10 2 5 -9 -3 5 6 1 -7 3 3 4 6 -10 1 -15 14 1 -6 
0 4 15 2 4 3 -14 1 7 12 15 1 0 7 -15 -13 6 -13 -11 -11 
6 1 -1 11 -1 4 4 -5 1 2 14 1 -16 2 16 2 7 -6 3 13 
36
6
12 16
0 12
10 8
16 1
0 8
15 0
7 3
19 7
9 11
3 18
19 11
4 19
6
10 12 15
19 4 8
15 17 13
9 7 15
0 15 8
4 2 13
32
16 18
2 5
2 16
18 0
6 10
11 19
5 3
15 8
12 5
12 18
16 19
9 0
15 4
10 1
4 6
7 0
3 1
17 14
17 3
1 19
13 9
8 0
14 16
4 11
7 14
7 1
3 0
10 19
4 15
9 18
15 13
12 19
