20 20
17 5 17 -12 -10 4 -14 20 6 18 15 19 3 6 -7 21 20 4 14 -11 
20 6 8 11 -14 -16 11 14 -5 7 6 10 9 20 2 15 -8 11 21 -2 
21 -16 -19 -19 5 13 -19 9 8 17 -17 13 21 -17 -2 -15 -13 6 14 10 
15 21 12 20 6 8 -11 -4 7 -18 -13 7 1 0 2 8 8 4 -13 0 
11 19 8 -6 5 13 5 16 9 16 10 -2 3 -1 14 20 17 -16 2 7 
13 -3 8 18 14 21 -12 -19 -20 -21 17 12 -10 -19 10 -19 5 -10 15 5 
17 16 9 17 -8 -13 -2 -6 10 -15 10 12 18 17 9 -8 3 2 13 -7 
4 16 12 8 -8 14 -11 11 15 -8 4 -2 8 -3 20 1 -9 -15 10 19 
19 11 11 13 4 -3 -20 17 14 16 5 3 11 18 -13 1 4 9 14 12 
11 19 6 15 4 1 6 10 13 -14 1 17 8 4 11 2 20 16 12 -16 
-16 12 16 20 2 11 4 8 17 1 -14 13 10 6 1 4 15 6 19 11 
12 14 9 4 1 -13 18 11 3 5 16 14 17 -20 -3 4 13 11 11 19 
19 10 -15 -9 1 20 -3 8 -2 4 -8 15 11 -11 14 -8 8 12 16 4 
-7 13 2 3 -8 9 17 18 12 10 -15 10 -6 -2 -13 -8 17 9 16 17 
5 15 -10 5 -19 10 -19 -10 12 17 -21 -20 -19 -12 21 14 18 8 -3 13 
7 2 -16 17 20 14 -1 3 -2 10 16 9 16 5 13 5 -6 8 19 11 
0 -13 4 8 8 2 0 1 7 -13 -18 7 -4 -11 8 6 20 12 21 15 
10 14 6 -13 -15 -2 -17 21 13 -17 17 8 9 -19 13 5 -19 -19 -16 21 
-2 21 11 -8 15 2 20 9 10 6 7 -5 14 11 -16 -14 11 8 6 20 
-11 14 4 20 21 -7 6 3 19 15 18 6 20 -14 4 -10 -12 17 5 17 
33
2
10 3
10 19
9 16
9 0
10
10 1 8
13 11 10
13 0 13
11 17 9
3 15 10
9 18 8
6 8 10
6 19 13
8 2 9
16 4 10
30
11 0
11 15
7 2
14 10
14 3
19 18
4 1
4 17
0 7
3 2
14 9
13 6
16 0
15 19
8 12
8 19
8 4
12 17
5 9
5 16
0 1
15 18
15 2
19 12
16 17
5 10
6 13
3 19
4 0
11 7
