20 20
4 21 15 5 9 -18 9 5 8 19 13 13 17 3 6 14 15 15 20 13 
22 13 -14 3 -13 18 9 6 19 20 -21 1 8 18 2 4 3 -2 -13 16 
23 -9 9 15 10 -22 -20 -22 7 1 20 10 -19 2 -2 7 19 1 16 2 
-9 -10 17 3 -5 14 17 13 10 22 3 8 -4 -5 23 4 -1 22 6 3 
14 4 14 4 -15 6 7 -21 12 7 4 5 -15 16 5 6 15 10 20 16 
15 0 1 13 18 13 14 18 -20 -11 1 14 -22 -14 13 17 12 5 18 -8 
15 11 -18 4 11 23 19 -18 11 20 -20 7 15 9 2 10 10 2 15 -7 
15 -9 15 7 3 -6 21 18 10 8 -2 3 16 12 -14 13 14 5 17 21 
-13 -12 11 1 -19 -16 -4 9 -23 2 10 18 11 21 13 11 20 17 6 13 
12 -23 7 22 -23 21 3 3 22 -17 -16 15 5 -8 -1 -23 22 9 11 12 
12 11 9 22 -23 -1 -8 5 15 -16 -17 22 3 3 21 -23 22 7 -23 12 
13 6 17 20 11 13 21 11 18 10 2 -23 9 -4 -16 -19 1 11 -12 -13 
21 17 5 14 13 -14 12 16 3 -2 8 10 18 21 -6 3 7 15 -9 15 
-7 15 2 10 10 2 9 15 7 -20 20 11 -18 19 23 11 4 -18 11 15 
-8 18 5 12 17 13 -14 -22 14 1 -11 -20 18 14 13 18 13 1 0 15 
16 20 10 15 6 5 16 -15 5 4 7 12 -21 7 6 -15 4 14 4 14 
3 6 22 -1 4 23 -5 -4 8 3 22 10 13 17 14 -5 3 17 -10 -9 
2 16 1 19 7 -2 2 -19 10 20 1 7 -22 -20 -22 10 15 9 -9 23 
16 -13 -2 3 4 2 18 8 1 -21 20 19 6 9 18 -13 3 -14 13 22 
13 20 15 15 14 6 3 17 13 13 19 8 5 9 -18 9 5 15 21 4 
56
8
3 10
16 4
12 2
12 6
7 10
17 5
19 15
13 8
16 9
3 15
7 17
7 13
12 9
2 14
0 4
6 11
14
6 3 12
1 9 11
6 8 15
15 3 14
11 2 14
0 7 12
4 14 16
13 16 12
18 10 11
13 11 15
4 16 14
8 17 14
19 12 12
15 5 16
38
16 18
10 1
2 12
11 6
14 9
7 14
17 4
12 3
5 2
6 10
18 15
15 4
19 0
12 15
11 3
4 7
6 16
13 0
9 5
3 1
9 18
17 7
8 13
5 10
12 5
2 15
7 16
14 17
13 9
1 4
4 15
0 19
7 4
8 16
15 12
13 3
6 19
10 14
