20 20
-4 16 14 17 0 15 11 5 -3 11 3 21 -6 15 -12 24 -16 11 -4 5 
5 -24 13 18 9 15 1 -23 10 8 1 10 -1 10 -18 23 4 12 -12 19 
9 7 22 17 -6 21 7 -13 6 2 5 13 13 -12 2 -8 6 16 21 -10 
4 9 -5 16 22 -23 4 21 8 -5 24 13 17 17 -2 13 -14 13 4 0 
-20 2 18 13 -8 -11 11 16 -5 -11 20 -22 22 23 17 14 4 -11 6 3 
-6 19 1 8 6 7 -3 6 16 1 9 11 3 15 0 -10 -3 24 1 7 
18 -21 17 15 4 22 4 6 12 12 13 12 21 10 19 14 20 18 13 -17 
0 -20 13 3 -8 -14 12 -4 10 10 13 -9 -13 13 3 12 10 1 14 -22 
5 9 4 13 -10 21 1 18 17 10 -10 24 10 16 12 -15 13 2 19 4 
17 8 23 0 9 -22 24 8 18 -12 -14 4 10 1 23 13 24 -1 7 1 
1 7 -1 24 13 23 1 10 4 -14 -12 18 8 24 -22 9 0 23 8 17 
4 19 2 13 -15 12 16 10 24 -10 10 17 18 1 21 -10 13 4 9 5 
-22 14 1 10 12 3 13 -13 -9 13 10 10 -4 12 -14 -8 3 13 -20 0 
-17 13 18 20 14 19 10 21 12 13 12 12 6 4 22 4 15 17 -21 18 
7 1 24 -3 -10 0 15 3 11 9 1 16 6 -3 7 6 8 1 19 -6 
3 6 -11 4 14 17 23 22 -22 20 -11 -5 16 11 -11 -8 13 18 2 -20 
0 4 13 -14 13 -2 17 17 13 24 -5 8 21 4 -23 22 16 -5 9 4 
-10 21 16 6 -8 2 -12 13 13 5 2 6 -13 7 21 -6 17 22 7 9 
19 -12 12 4 23 -18 10 -1 10 1 8 10 -23 1 15 9 18 13 -24 5 
5 -4 11 -16 24 -12 15 -6 21 3 11 -3 5 11 15 0 17 14 16 -4 
34
5
10 13
18 2
6 2
0 8
1 19
9 6
1 17
13 17
19 11
18 0
18
14 8 12
15 10 13
15 14 9
4 10 13
7 19 9
2 17 11
1 15 15
0 3 16
3 9 10
5 11 12
4 9 13
4 5 9
15 9 13
12 0 9
17 2 11
18 4 15
19 16 16
16 10 10
38
4 14
1 2
9 12
10 17
10 5
16 7
10 3
17 16
11 15
15 0
8 9
16 8
19 4
6 8
13 7
5 3
18 7
5 18
4 17
15 5
18 17
10 7
9 2
9 14
3 12
9 16
2 3
8 4
4 19
11 10
3 11
0 15
13 11
6 12
14 16
1 12
14 1
15 2
