20 20
-14 9 9 -21 7 -11 13 -21 10 18 17 3 18 20 -10 18 15 12 15 15 
21 6 12 4 -19 -20 1 13 16 19 0 1 10 -11 1 21 10 9 -11 4 
-7 6 7 5 15 19 7 0 7 -15 6 4 0 2 -20 1 19 1 12 3 
14 18 -13 16 16 -1 4 1 10 17 11 11 13 12 10 15 8 18 12 6 
-4 8 3 11 12 -3 6 3 21 2 2 21 -11 5 14 18 17 -17 -12 -12 
11 20 5 2 12 9 -18 20 12 1 2 15 1 18 18 3 -10 13 14 13 
14 7 -7 8 0 5 -2 5 17 6 -5 0 19 10 2 10 -7 7 3 -11 
2 6 12 21 14 8 21 17 16 1 13 5 6 2 4 -17 14 7 4 14 
18 0 19 7 5 -8 -4 11 -5 -5 17 16 12 19 4 12 12 -8 1 13 
-9 9 2 13 8 17 20 2 -6 -13 4 18 -16 -18 16 4 -17 18 -12 -8 
-8 -12 18 -17 4 16 -18 -16 18 4 -13 -6 2 20 17 8 13 2 9 -9 
13 1 -8 12 12 4 19 12 16 17 -5 -5 11 -4 -8 5 7 19 0 18 
14 4 7 14 -17 4 2 6 5 13 1 16 17 21 8 14 21 12 6 2 
-11 3 7 -7 10 2 10 19 0 -5 6 17 5 -2 5 0 8 -7 7 14 
13 14 13 -10 3 18 18 1 15 2 1 12 20 -18 9 12 2 5 20 11 
-12 -12 -17 17 18 14 5 -11 21 2 2 21 3 6 -3 12 11 3 8 -4 
6 12 18 8 15 10 12 13 11 11 17 10 1 4 -1 16 16 -13 18 14 
3 12 1 19 1 -20 2 0 4 6 -15 7 0 7 19 15 5 7 6 -7 
4 -11 9 10 21 1 -11 10 1 0 19 16 13 1 -20 -19 4 12 6 21 
15 15 12 15 18 -10 20 18 3 17 18 10 -21 13 -11 7 -21 9 9 -14 
35
2
18 2
1 3
1 17
18 16
8
2 16 16
3 6 14
15 8 16
10 3 14
17 3 16
16 13 14
4 11 16
9 16 14
28
18 19
13 7
3 10
8 10
10 5
10 0
4 3
15 0
6 14
17 19
5 7
1 4
6 7
4 17
1 0
6 12
16 9
11 9
9 14
9 19
15 16
4 19
13 5
2 0
14 12
18 15
13 12
15 2
