20 20
9 4 9 4 0 7 -1 -4 10 4 7 4 2 5 -7 2 9 8 1 7 
8 1 -1 -1 11 10 2 2 10 8 6 8 -8 5 4 5 -2 2 -3 8 
0 5 -8 9 1 8 8 8 11 4 4 6 7 1 6 1 4 6 -10 0 
10 5 5 5 0 9 3 9 -3 4 -11 -10 10 3 2 6 0 5 -1 9 
3 -11 7 -11 -4 6 -11 7 1 6 9 3 -5 10 9 3 3 10 10 7 
-2 -10 8 7 1 3 5 -1 7 6 2 -9 7 -1 8 1 11 7 11 11 
2 1 5 8 -9 10 5 3 10 7 11 4 -3 9 -6 10 0 -11 5 11 
6 3 6 7 4 0 5 1 -3 9 4 9 6 2 -10 -11 -3 7 -8 8 
-4 1 9 -4 9 -10 -8 -7 6 10 7 1 6 1 3 -4 10 2 9 2 
3 -9 6 1 4 3 1 7 6 7 7 -2 -6 -7 7 6 10 5 -10 11 
11 -10 5 10 6 7 -7 -6 -2 7 7 6 7 1 3 4 1 6 -9 3 
2 9 2 10 -4 3 1 6 1 7 10 6 -7 -8 -10 9 -4 9 1 -4 
8 -8 7 -3 -11 -10 2 6 9 4 9 -3 1 5 0 4 7 6 3 6 
11 5 -11 0 10 -6 9 -3 4 11 7 10 3 5 10 -9 8 5 1 2 
11 11 7 11 1 8 -1 7 -9 2 6 7 -1 5 3 1 7 8 -10 -2 
7 10 10 3 3 9 10 -5 3 9 6 1 7 -11 6 -4 -11 7 -11 3 
9 -1 5 0 6 2 3 10 -10 -11 4 -3 9 3 9 0 5 5 5 10 
0 -10 6 4 1 6 1 7 6 4 4 11 8 8 8 1 9 -8 5 0 
8 -3 2 -2 5 4 5 -8 8 6 8 10 2 2 10 11 -1 -1 1 8 
7 1 8 9 2 -7 5 2 4 7 4 10 -4 -1 7 0 4 9 4 9 
34
8
3 13
16 15
17 12
5 19
18 1
7 11
9 10
1 8
16 6
3 4
2 7
14 0
1 18
12 8
10 9
18 11
6
2 0 10
5 3 11
18 8 11
17 19 10
14 16 11
1 11 11
36
3 0
6 4
2 4
13 17
2 14
19 7
15 2
10 7
8 19
5 8
10 0
16 9
17 1
15 0
19 18
1 13
11 4
0 5
16 19
13 15
17 15
6 2
17 5
0 12
4 17
9 12
11 0
14 11
9 19
3 10
2 18
4 19
0 1
18 6
8 15
19 14
