20 20
5 8 -6 -2 -8 -8 1 -3 7 4 2 5 5 2 2 -4 2 6 7 5 
-6 1 4 -2 2 5 0 5 0 3 7 8 2 1 6 7 0 7 8 4 
7 0 -4 5 2 6 -2 6 -6 -3 7 -8 5 3 3 1 3 7 8 7 
-1 8 -5 5 -8 5 3 2 -2 -7 -2 7 -3 -5 -7 6 3 1 1 7 
-4 7 4 4 4 0 -4 6 5 2 -7 3 7 1 5 6 8 -6 2 8 
2 0 7 -3 -5 5 2 4 6 4 7 3 2 4 6 -2 8 3 7 -4 
4 4 0 1 6 8 4 4 8 4 7 1 5 -4 7 3 3 7 6 8 
0 3 1 5 3 -4 4 4 4 -4 -7 3 8 -8 0 -2 -1 1 0 6 
-2 7 8 8 8 1 7 -6 6 7 1 -4 1 -8 7 1 -2 1 2 4 
4 4 8 -1 8 4 8 -7 -5 7 6 8 0 2 1 2 0 -3 -3 3 
3 -3 -3 0 2 1 2 0 8 6 7 -5 -7 8 4 8 -1 8 4 4 
4 2 1 -2 1 7 -8 1 -4 1 7 6 -6 7 1 8 8 8 7 -2 
6 0 1 -1 -2 0 -8 8 3 -7 -4 4 4 4 -4 3 5 1 3 0 
8 6 7 3 3 7 -4 5 1 7 4 8 4 4 8 6 1 0 4 4 
-4 7 3 8 -2 6 4 2 3 7 4 6 4 2 5 -5 -3 7 0 2 
8 2 -6 8 6 5 1 7 3 -7 2 5 6 -4 0 4 4 4 7 -4 
7 1 1 3 6 -7 -5 -3 7 -2 -7 -2 2 3 5 -8 5 -5 8 -1 
7 8 7 3 1 3 3 5 -8 7 -3 -6 6 -2 6 2 5 -4 0 7 
4 8 7 0 7 6 1 2 8 7 3 0 5 0 5 2 -2 4 1 -6 
5 7 6 2 -4 2 2 5 5 2 4 7 -3 1 -8 -8 -2 -6 8 5 
59
6
12 16
7 11
19 17
13 11
4 19
14 12
7 3
12 8
0 2
6 8
15 0
5 7
12
1 18 11
1 8 15
5 14 8
18 7 9
12 15 14
7 2 14
18 1 11
18 11 15
14 5 8
1 12 9
7 4 14
12 17 14
40
10 9
19 18
19 10
8 15
18 15
2 7
5 11
5 12
15 12
16 14
5 8
18 3
10 0
11 7
9 3
0 5
18 13
10 8
3 14
7 13
9 10
0 1
0 9
11 4
1 4
17 12
14 8
14 7
4 7
3 5
14 11
1 16
9 19
8 12
10 16
19 14
1 6
9 11
16 5
12 6
