20 20
8 20 11 5 9 16 10 1 25 26 8 16 16 15 9 25 -24 15 -4 -23 
18 -2 5 11 14 21 14 19 12 -14 21 5 12 6 5 9 22 -16 12 26 
-20 2 16 4 -10 -18 -14 17 -17 25 0 19 9 2 24 4 14 -4 6 1 
-14 12 24 3 19 -7 21 -10 -22 16 2 -15 -1 10 21 -21 24 -2 -10 -5 
-21 5 24 14 12 20 8 18 13 22 26 10 9 -3 2 10 15 8 -9 17 
-19 3 -3 8 -24 7 13 -2 23 -23 -26 6 -25 1 15 13 9 5 -5 -20 
-23 3 7 7 2 8 18 8 19 17 14 -15 -16 13 -8 -10 20 2 24 1 
7 8 16 5 22 -20 0 5 16 23 23 14 2 25 12 6 -10 7 25 9 
1 7 21 26 6 12 19 7 1 12 -1 26 5 9 19 -21 19 14 21 -7 
-7 1 22 10 6 6 -6 -23 3 -7 19 -19 -5 24 14 7 8 -23 15 -18 
-18 15 -23 8 7 14 24 -5 -19 19 -7 3 -23 -6 6 6 10 22 1 -7 
-7 21 14 19 -21 19 9 5 26 -1 12 1 7 19 12 6 26 21 7 1 
9 25 7 -10 6 12 25 2 14 23 23 16 5 0 -20 22 5 16 8 7 
1 24 2 20 -10 -8 13 -16 -15 14 17 19 8 18 8 2 7 7 3 -23 
-20 -5 5 9 13 15 1 -25 6 -26 -23 23 -2 13 7 -24 8 -3 3 -19 
17 -9 8 15 10 2 -3 9 10 26 22 13 18 8 20 12 14 24 5 -21 
-5 -10 -2 24 -21 21 10 -1 -15 2 16 -22 -10 21 -7 19 3 24 12 -14 
1 6 -4 14 4 24 2 9 19 0 25 -17 17 -14 -18 -10 4 16 2 -20 
26 12 -16 22 9 5 6 12 5 21 -14 12 19 14 21 14 11 5 -2 18 
-23 -4 15 -24 25 9 15 16 16 8 26 25 1 10 16 9 5 11 20 8 
31
6
3 18
12 8
19 9
14 8
13 9
4 18
16 1
7 11
0 10
5 11
6 10
15 1
16
3 14 13
14 17 10
9 19 13
8 15 8
3 0 13
17 16 15
11 19 14
3 16 10
16 5 13
5 2 10
10 0 13
11 4 8
16 19 13
2 3 15
8 0 14
16 3 10
30
4 3
11 5
8 3
13 16
19 1
6 11
4 5
13 17
7 5
15 9
8 19
11 18
9 3
0 16
17 10
15 16
8 14
11 16
6 3
0 18
13 8
15 14
6 2
12 14
4 10
11 0
8 1
10 16
19 3
2 9
