20 20
6 14 -8 19 -19 25 0 23 4 -20 -25 14 26 -12 2 -20 3 -15 10 8 
21 11 27 -22 6 0 1 -6 9 6 -3 6 5 8 -26 -12 24 2 21 19 
-9 28 -4 -26 -17 26 19 -18 14 9 22 4 6 -11 14 22 6 9 -29 -15 
16 28 21 13 29 -6 10 -5 19 -21 24 22 24 -26 25 27 5 -4 24 27 
-10 18 2 2 26 -10 13 6 8 -27 16 3 -2 11 13 9 -13 16 29 22 
-18 15 3 29 -7 26 4 2 17 27 13 0 8 13 28 26 -12 4 -29 19 
7 5 15 3 5 24 -20 26 18 27 22 16 -21 -10 -6 11 10 -10 -23 10 
-14 -13 10 17 3 3 4 28 27 28 -2 7 1 2 9 18 3 -4 18 14 
3 -11 28 19 13 12 24 22 -29 17 -3 14 -5 0 -11 21 16 20 15 -20 
9 -1 24 18 -24 9 23 -6 28 -18 28 29 11 23 21 6 1 0 23 15 
15 23 0 1 6 21 23 11 29 28 -18 28 -6 23 9 -24 18 24 -1 9 
-20 15 20 16 21 -11 0 -5 14 -3 17 -29 22 24 12 13 19 28 -11 3 
14 18 -4 3 18 9 2 1 7 -2 28 27 28 4 3 3 17 10 -13 -14 
10 -23 -10 10 11 -6 -10 -21 16 22 27 18 26 -20 24 5 3 15 5 7 
19 -29 4 -12 26 28 13 8 0 13 27 17 2 4 26 -7 29 3 15 -18 
22 29 16 -13 9 13 11 -2 3 16 -27 8 6 13 -10 26 2 2 18 -10 
27 24 -4 5 27 25 -26 24 22 24 -21 19 -5 10 -6 29 13 21 28 16 
-15 -29 9 6 22 14 -11 6 4 22 9 14 -18 19 26 -17 -26 -4 28 -9 
19 21 2 24 -12 -26 8 5 6 -3 6 9 -6 1 0 6 -22 27 11 21 
8 10 -15 3 -20 2 -12 26 14 -25 -20 4 23 0 25 -19 19 -8 14 6 
43
8
15 17
8 17
1 9
9 8
0 4
14 7
7 14
4 12
4 2
11 2
18 10
10 11
19 15
5 12
12 5
15 7
14
19 14 14
0 12 14
1 3 13
1 16 15
6 10 16
15 6 10
9 1 10
0 5 14
19 7 14
18 16 13
18 3 15
13 9 16
4 13 10
10 18 10
36
15 11
9 17
7 8
12 18
10 3
3 13
4 14
6 15
5 6
18 7
13 0
6 14
6 9
13 15
2 8
6 13
14 0
4 3
4 8
10 2
12 11
7 1
9 16
16 6
15 5
13 4
14 13
1 12
6 19
13 5
13 10
6 4
17 11
13 6
5 19
15 16
