20 20
22 5 7 18 4 18 12 20 0 20 16 20 24 7 0 18 7 -7 9 0 
9 25 -17 13 6 -3 13 7 5 7 24 -23 15 0 -15 3 16 24 22 -24 
16 24 -19 19 23 -9 16 25 2 9 -25 24 -24 -23 13 25 1 19 13 14 
3 12 -2 24 4 -10 -2 17 4 24 17 22 14 -22 6 -25 3 -12 -25 9 
11 13 10 17 8 16 23 18 24 -10 7 -15 20 -20 1 16 6 7 6 10 
13 24 11 14 -20 10 -12 20 8 19 -22 -17 -16 15 11 6 18 4 -22 14 
10 15 3 10 14 10 -16 3 10 -24 -4 -13 6 -22 9 6 7 8 15 -6 
20 -20 -14 8 5 -21 23 -6 4 -5 -14 -8 22 17 -3 14 19 -24 14 -2 
-15 13 6 8 3 -5 12 21 19 9 9 25 22 -14 18 0 11 0 17 23 
-24 5 6 2 0 22 1 22 4 4 -20 8 21 -13 25 16 2 15 13 10 
10 13 15 2 16 25 -13 21 8 -20 4 4 22 1 22 0 2 6 5 -24 
23 17 0 11 0 18 -14 22 25 9 9 19 21 12 -5 3 8 6 13 -15 
-2 14 -24 19 14 -3 17 22 -8 -14 -5 4 -6 23 -21 5 8 -14 -20 20 
-6 15 8 7 6 9 -22 6 -13 -4 -24 10 3 -16 10 14 10 3 15 10 
14 -22 4 18 6 11 15 -16 -17 -22 19 8 20 -12 10 -20 14 11 24 13 
10 6 7 6 16 1 -20 20 -15 7 -10 24 18 23 16 8 17 10 13 11 
9 -25 -12 3 -25 6 -22 14 22 17 24 4 17 -2 -10 4 24 -2 12 3 
14 13 19 1 25 13 -23 -24 24 -25 9 2 25 16 -9 23 19 -19 24 16 
-24 22 24 16 3 -15 0 15 -23 24 7 5 7 13 -3 6 13 -17 25 9 
0 9 -7 7 18 0 7 24 20 16 20 0 20 12 18 4 18 7 5 22 
40
6
15 1
7 9
18 1
19 13
6 11
8 11
4 18
12 10
1 18
0 6
13 8
11 8
16
0 12 9
17 0 16
16 15 14
9 3 9
16 9 10
3 17 11
9 10 10
14 15 16
19 7 9
2 19 16
3 4 14
10 16 9
3 10 10
16 2 11
10 9 10
5 4 16
36
15 17
10 18
0 16
6 14
7 19
14 4
6 1
9 16
1 14
3 9
19 14
1 16
4 7
4 19
15 14
13 16
2 13
6 15
4 2
9 1
19 3
13 5
12 0
5 15
13 18
10 3
18 5
16 10
0 5
18 3
15 12
15 0
4 5
6 3
17 6
13 4
