20 20
-6 0 1 7 5 4 5 6 8 1 -4 0 4 -2 1 8 6 7 6 2 
5 9 0 6 4 2 4 -3 3 7 7 2 -2 6 4 4 4 4 8 5 
3 8 9 2 0 -9 6 1 5 1 -4 -9 8 8 4 -7 -5 8 -9 3 
0 5 8 2 7 5 -5 0 7 3 4 8 1 -7 4 4 -2 2 0 8 
-3 3 9 -5 3 1 -1 5 8 3 2 5 -6 3 2 8 3 -2 0 7 
8 2 4 4 5 9 4 7 1 -8 -2 -1 2 -6 -3 3 4 9 7 1 
-7 7 3 5 -1 5 1 2 4 1 5 -2 0 1 2 5 7 6 6 2 
-7 9 0 -6 -5 3 4 6 9 6 3 8 1 3 1 -6 9 4 6 1 
9 -5 7 -4 7 -3 -7 9 2 6 4 7 -1 3 6 -4 -9 7 -3 -4 
6 5 3 2 3 2 8 8 -7 3 -4 -6 5 -2 -9 1 9 7 6 1 
1 6 7 9 1 -9 -2 5 -6 -4 3 -7 8 8 2 3 2 3 5 6 
-4 -3 7 -9 -4 6 3 -1 7 4 6 2 9 -7 -3 7 -4 7 -5 9 
1 6 4 9 -6 1 3 1 8 3 6 9 6 4 3 -5 -6 0 9 -7 
2 6 6 7 5 2 1 0 -2 5 1 4 2 1 5 -1 5 3 7 -7 
1 7 9 4 3 -3 -6 2 -1 -2 -8 1 7 4 9 5 4 4 2 8 
7 0 -2 3 8 2 3 -6 5 2 3 8 5 -1 1 3 -5 9 3 -3 
8 0 2 -2 4 4 -7 1 8 4 3 7 0 -5 5 7 2 8 5 0 
3 -9 8 -5 -7 4 8 8 -9 -4 1 5 1 6 -9 0 2 9 8 3 
5 8 4 4 4 4 6 -2 2 7 7 3 -3 4 2 4 6 0 9 5 
2 6 7 6 8 1 -2 4 0 -4 1 8 6 5 4 5 7 1 0 -6 
31
8
1 8
19 15
10 9
9 15
8 14
14 6
2 8
16 8
18 11
0 4
9 10
10 4
11 5
5 13
17 11
3 11
6
11 10 10
11 14 10
19 7 15
8 9 10
8 5 10
0 12 15
26
16 1
16 7
18 3
4 3
4 8
7 5
10 18
19 16
10 6
18 2
16 12
13 2
10 1
3 18
3 12
1 16
15 16
15 11
12 14
9 1
0 3
9 13
1 17
3 7
6 17
9 18
