20 20
5 20 -21 -19 21 6 4 15 -1 1 9 2 20 -2 20 5 14 8 22 -5 
11 13 -1 7 8 -10 -4 7 15 1 4 5 19 15 -17 1 16 -10 -20 10 
8 12 22 10 11 -22 -3 -10 19 9 19 10 6 -5 -22 2 11 16 23 10 
16 -7 17 13 -10 0 -18 21 15 21 19 17 -7 -15 17 11 4 13 -11 9 
14 19 15 1 23 23 6 -21 3 -11 14 -2 -22 12 4 19 -9 -3 -2 9 
10 19 0 3 19 5 -23 9 -10 -2 15 6 1 -2 12 4 9 -7 4 1 
16 6 3 -12 -19 -16 5 3 -19 2 4 17 2 21 -2 -5 -4 14 22 -22 
2 -22 -12 8 -12 5 7 -18 13 2 11 16 19 18 17 -23 8 -10 -20 18 
8 6 4 -6 21 6 13 12 4 14 8 -2 21 5 16 6 7 -13 23 10 
-21 2 20 15 21 11 23 14 6 8 9 0 1 17 -19 8 7 2 -7 7 
7 -7 2 7 8 -19 17 1 0 9 8 6 14 23 11 21 15 20 2 -21 
10 23 -13 7 6 16 5 21 -2 8 14 4 12 13 6 21 -6 4 6 8 
18 -20 -10 8 -23 17 18 19 16 11 2 13 -18 7 5 -12 8 -12 -22 2 
-22 22 14 -4 -5 -2 21 2 17 4 2 -19 3 5 -16 -19 -12 3 6 16 
1 4 -7 9 4 12 -2 1 6 15 -2 -10 9 -23 5 19 3 0 19 10 
9 -2 -3 -9 19 4 12 -22 -2 14 -11 3 -21 6 23 23 1 15 19 14 
9 -11 13 4 11 17 -15 -7 17 19 21 15 21 -18 0 -10 13 17 -7 16 
10 23 16 11 2 -22 -5 6 10 19 9 19 -10 -3 -22 11 10 22 12 8 
10 -20 -10 16 1 -17 15 19 5 4 1 15 7 -4 -10 8 7 -1 13 11 
-5 22 8 14 5 20 -2 20 2 9 1 -1 15 4 6 21 -19 -21 20 5 
42
6
4 5
16 3
3 10
5 19
13 5
16 5
15 14
3 16
16 9
14 0
6 14
3 14
6
2 5 16
18 6 8
18 17 10
17 14 16
1 13 8
1 2 10
30
1 17
4 11
14 13
14 19
8 19
0 14
16 8
0 9
1 16
19 12
14 4
6 3
19 6
14 16
12 0
18 2
15 8
5 6
5 0
11 0
19 5
3 11
19 10
18 3
0 7
5 15
13 16
0 13
5 3
7 19
