20 20
2 2 -4 0 3 -2 4 -4 -3 4 -1 2 4 -2 1 2 1 -4 -4 0 
4 3 2 3 3 4 4 2 1 3 4 -2 -4 2 2 1 2 -1 2 -4 
4 1 4 2 1 -3 2 3 3 4 2 -4 4 2 3 -1 -2 3 0 -4 
1 4 1 3 0 0 1 1 2 3 -1 -3 -4 0 -2 1 4 1 3 2 
1 2 4 4 0 4 -4 -2 4 1 3 1 2 3 2 -1 1 1 1 4 
3 0 0 1 4 2 4 3 4 0 4 -1 4 -4 3 1 3 3 1 0 
-1 0 4 4 2 3 4 -3 2 2 2 1 0 4 4 3 2 -1 3 4 
-1 4 2 1 -3 2 3 -2 3 -2 0 4 2 -3 4 2 0 4 4 1 
4 4 -2 3 4 -2 -3 3 0 -3 4 2 3 0 4 2 1 2 2 2 
1 4 3 -1 3 -3 0 3 -1 0 0 0 2 1 4 4 3 -2 0 -2 
-2 0 -2 3 4 4 1 2 0 0 0 -1 3 0 -3 3 -1 3 4 1 
2 2 2 1 2 4 0 3 2 4 -3 0 3 -3 -2 4 3 -2 4 4 
1 4 4 0 2 4 -3 2 4 0 -2 3 -2 3 2 -3 1 2 4 -1 
4 3 -1 2 3 4 4 0 1 2 2 2 -3 4 3 2 4 4 0 -1 
0 1 3 3 1 3 -4 4 -1 4 0 4 3 4 2 4 1 0 0 3 
4 1 1 1 -1 2 3 2 1 3 1 4 -2 -4 4 0 4 4 2 1 
2 3 1 4 1 -2 0 -4 -3 -1 3 2 1 1 0 0 3 1 4 1 
-4 0 3 -2 -1 3 2 4 -4 2 4 3 3 2 -3 1 2 4 1 4 
-4 2 -1 2 1 2 2 -4 -2 4 3 1 2 4 4 3 3 2 3 4 
0 -4 -4 1 2 1 -2 4 2 -1 4 -3 -4 4 -2 3 0 -4 2 2 
59
4
17 9
7 19
16 13
19 5
2 10
12 0
3 6
0 14
6
4 6 10
8 6 12
9 1 14
15 13 10
11 13 12
10 18 14
26
4 12
5 4
6 4
12 17
11 17
1 0
13 18
17 2
17 15
0 9
19 15
1 2
10 1
15 7
14 15
13 15
7 2
8 2
18 19
6 1
2 17
2 4
19 10
0 4
18 17
9 18
