20 20
5 -8 -4 -2 0 9 -5 12 13 13 -9 -8 3 6 2 4 -11 8 11 0 
2 9 8 9 6 7 7 3 13 7 13 3 2 4 6 -9 4 7 -7 7 
9 4 6 3 -12 9 7 7 -12 5 -12 -5 0 4 5 9 4 6 2 10 
12 2 1 10 3 0 9 -3 11 -6 10 9 10 11 -13 11 9 7 5 9 
11 -10 4 3 -10 -1 13 1 0 3 8 6 12 11 5 4 9 6 2 -13 
3 6 -13 10 8 -2 -3 7 9 4 4 5 2 3 9 9 -11 13 -1 -6 
-5 -4 1 5 -2 11 4 9 10 5 1 13 2 3 8 3 -12 6 -4 1 
1 13 1 13 -12 -9 7 2 -7 -11 10 5 12 2 9 12 -3 10 9 8 
2 1 12 6 10 -3 2 5 -3 11 10 13 1 9 11 9 11 8 10 -6 
0 -8 -12 -11 7 8 5 8 5 6 7 3 3 -12 12 10 -5 12 12 -10 
-10 12 12 -5 10 12 -12 3 3 7 6 5 8 5 8 7 -11 -12 -8 0 
-6 10 8 11 9 11 9 1 13 10 11 -3 5 2 -3 10 6 12 1 2 
8 9 10 -3 12 9 2 12 5 10 -11 -7 2 7 -9 -12 13 1 13 1 
1 -4 6 -12 3 8 3 2 13 1 5 10 9 4 11 -2 5 1 -4 -5 
-6 -1 13 -11 9 9 3 2 5 4 4 9 7 -3 -2 8 10 -13 6 3 
-13 2 6 9 4 5 11 12 6 8 3 0 1 13 -1 -10 3 4 -10 11 
9 5 7 9 11 -13 11 10 9 10 -6 11 -3 9 0 3 10 1 2 12 
10 2 6 4 9 5 4 0 -5 -12 5 -12 7 7 9 -12 3 6 4 9 
7 -7 7 4 -9 6 4 2 3 13 7 13 3 7 7 6 9 8 9 2 
0 11 8 -11 4 2 6 3 -8 -9 13 13 12 -5 9 0 -2 -4 -8 5 
40
7
17 7
12 2
18 8
5 11
17 15
7 8
1 5
2 12
7 17
1 11
14 8
2 4
12 11
18 14
8
19 7 15
13 17 9
1 15 15
3 6 13
0 12 15
6 2 9
18 4 15
16 13 13
36
13 6
4 0
12 5
13 12
16 2
8 2
18 19
15 5
7 6
16 15
4 11
16 7
16 1
4 17
19 10
9 0
3 10
9 15
6 13
15 19
7 14
6 7
3 17
11 17
1 0
4 14
12 13
3 4
15 8
3 12
3 18
15 2
0 9
10 19
16 9
10 4
