20 20
2 -3 2 12 0 11 10 1 0 17 0 3 0 9 -17 9 13 5 4 5 
-3 6 17 14 4 2 15 13 1 17 1 14 -3 9 9 9 9 -2 10 7 
-1 -16 -14 6 1 -2 11 4 7 1 15 16 4 16 -1 -17 -8 7 9 17 
14 12 -10 -5 -16 17 15 -15 14 5 1 1 -17 11 6 -8 5 14 9 5 
15 -7 9 14 0 9 -15 5 4 15 17 17 1 -10 -8 10 5 17 6 3 
15 11 14 14 9 0 -13 9 11 13 -1 14 -15 12 -10 16 -2 11 3 13 
11 2 -14 3 2 4 17 6 -4 8 -12 13 1 4 9 10 12 12 11 9 
13 15 9 16 13 7 13 5 7 11 10 2 10 5 10 6 -9 11 14 6 
12 -2 13 16 12 14 14 16 4 6 17 2 -7 7 14 13 0 14 0 4 
2 16 7 -16 2 15 8 8 -3 -16 -11 14 -1 1 -9 9 -3 3 12 17 
17 12 3 -3 9 -9 1 -1 14 -11 -16 -3 8 8 15 2 -16 7 16 2 
4 0 14 0 13 14 7 -7 2 17 6 4 16 14 14 12 16 13 -2 12 
6 14 11 -9 6 10 5 10 2 10 11 7 5 13 7 13 16 9 15 13 
9 11 12 12 10 9 4 1 13 -12 8 -4 6 17 4 2 3 -14 2 11 
13 3 11 -2 16 -10 12 -15 14 -1 13 11 9 -13 0 9 14 14 11 15 
3 6 17 5 10 -8 -10 1 17 17 15 4 5 -15 9 0 14 9 -7 15 
5 9 14 5 -8 6 11 -17 1 1 5 14 -15 15 17 -16 -5 -10 12 14 
17 9 7 -8 -17 -1 16 4 16 15 1 7 4 11 -2 1 6 -14 -16 -1 
7 10 -2 9 9 9 9 -3 14 1 17 1 13 15 2 4 14 17 6 -3 
5 4 5 13 9 -17 9 0 3 0 17 0 1 10 11 0 12 2 -3 2 
40
4
18 7
14 2
7 17
16 3
1 12
5 17
12 2
3 16
10
9 5 16
0 15 10
15 17 15
6 14 12
5 1 11
10 14 16
19 4 10
4 2 15
13 5 12
14 18 11
32
6 3
6 10
16 13
17 10
0 12
12 13
5 15
9 14
13 10
17 7
2 3
4 10
4 1
11 15
1 5
17 14
13 16
13 9
3 6
2 9
19 7
7 6
14 4
10 5
6 9
2 12
17 16
15 9
15 18
8 4
18 14
2 5
