20 20
2 16 -3 18 -22 -2 24 9 13 4 28 12 24 20 -5 -10 6 1 5 24 
-18 -2 24 11 9 18 20 8 27 6 22 -6 -25 12 24 -20 4 12 17 -3 
-22 20 20 10 28 19 -3 -2 -2 2 25 26 0 7 8 6 9 28 25 -15 
0 -25 22 11 3 17 23 6 22 17 21 -13 10 -19 10 17 27 5 17 10 
-16 10 15 2 24 -24 25 3 18 23 15 18 9 4 11 -2 8 9 -1 6 
-7 11 2 11 1 5 17 0 0 -9 7 3 15 20 -9 27 -16 3 16 17 
26 -13 -22 -2 15 22 5 17 6 20 -15 28 -25 4 9 -7 17 -10 6 26 
-25 -27 -4 6 -26 -24 18 24 23 27 20 -27 19 18 4 -22 -5 -18 13 2 
7 14 4 22 10 -21 16 13 18 19 18 -3 23 23 10 16 22 16 0 20 
9 5 24 25 10 -10 3 1 24 15 18 15 10 22 6 27 -25 13 9 7 
7 9 13 -25 27 6 22 10 15 18 15 24 1 3 -10 10 25 24 5 9 
20 0 16 22 16 10 23 23 -3 18 19 18 13 16 -21 10 22 4 14 7 
2 13 -18 -5 -22 4 18 19 -27 20 27 23 24 18 -24 -26 6 -4 -27 -25 
26 6 -10 17 -7 9 4 -25 28 -15 20 6 17 5 22 15 -2 -22 -13 26 
17 16 3 -16 27 -9 20 15 3 7 -9 0 0 17 5 1 11 2 11 -7 
6 -1 9 8 -2 11 4 9 18 15 23 18 3 25 -24 24 2 15 10 -16 
10 17 5 27 17 10 -19 10 -13 21 17 22 6 23 17 3 11 22 -25 0 
-15 25 28 9 6 8 7 0 26 25 2 -2 -2 -3 19 28 10 20 20 -22 
-3 17 12 4 -20 24 12 -25 -6 22 6 27 8 20 18 9 11 24 -2 -18 
24 5 1 6 -10 -5 20 24 12 28 4 13 9 24 -2 -22 18 -3 16 2 
57
5
10 1
11 8
1 5
17 19
10 19
9 18
8 11
18 14
2 0
9 0
8
19 3 16
12 8 16
1 0 14
18 8 11
0 16 16
7 11 16
18 19 14
1 11 11
28
11 17
12 2
5 16
10 6
3 15
10 12
6 15
17 15
5 15
16 8
17 5
7 9
6 14
18 9
8 2
7 17
14 3
9 13
16 4
9 7
13 4
2 4
14 4
3 11
2 14
12 10
13 5
1 10
