20 20
23 9 2 16 8 21 21 2 15 -22 19 -3 -1 0 5 -14 5 -4 8 13 
-5 23 18 19 -2 10 6 10 9 -13 -8 5 13 -15 -1 19 0 6 -5 -20 
17 0 -14 8 9 2 2 11 -19 4 7 -10 3 22 16 20 7 -15 8 6 
13 14 -19 18 2 10 2 11 10 6 13 15 11 21 22 23 -7 -4 12 13 
-7 -11 16 19 3 22 20 13 15 21 2 23 5 20 15 23 17 9 20 -19 
23 23 21 4 -3 -11 18 7 11 17 14 16 14 20 -8 -21 7 1 8 6 
-9 -22 -1 -12 10 -5 -20 19 9 -5 19 14 -23 -1 -2 19 4 -4 11 9 
-14 -16 -17 4 22 -17 1 8 -21 19 -7 15 15 1 3 -6 0 14 0 9 
-1 22 21 -7 5 5 -7 4 23 0 5 13 17 23 18 18 4 20 14 -3 
7 15 2 19 15 12 18 8 20 16 6 -8 10 21 6 18 2 16 20 -5 
-5 20 16 2 18 6 21 10 -8 6 16 20 8 18 12 15 19 2 15 7 
-3 14 20 4 18 18 23 17 13 5 0 23 4 -7 5 5 -7 21 22 -1 
9 0 14 0 -6 3 1 15 15 -7 19 -21 8 1 -17 22 4 -17 -16 -14 
9 11 -4 4 19 -2 -1 -23 14 19 -5 9 19 -20 -5 10 -12 -1 -22 -9 
6 8 1 7 -21 -8 20 14 16 14 17 11 7 18 -11 -3 4 21 23 23 
-19 20 9 17 23 15 20 5 23 2 21 15 13 20 22 3 19 16 -11 -7 
13 12 -4 -7 23 22 21 11 15 13 6 10 11 2 10 2 18 -19 14 13 
6 8 -15 7 20 16 22 3 -10 7 4 -19 11 2 2 9 8 -14 0 17 
-20 -5 6 0 19 -1 -15 13 5 -8 -13 9 10 6 10 -2 19 18 23 -5 
13 8 -4 5 -14 5 0 -1 -3 19 -22 15 2 21 21 8 16 2 9 23 
44
5
5 0
10 0
13 1
11 12
17 15
14 19
9 19
6 18
8 7
2 4
14
2 9 9
15 11 10
5 9 16
4 18 11
3 15 8
10 7 14
11 2 8
17 10 9
4 8 10
14 10 16
15 1 11
16 4 8
9 12 14
8 17 8
38
14 2
6 16
10 4
9 17
10 12
1 13
4 2
11 5
6 0
14 4
15 19
10 3
8 10
19 8
13 0
11 18
12 18
19 11
11 3
5 17
13 3
9 15
10 2
9 7
18 6
15 17
8 14
13 19
5 15
4 0
9 16
11 9
0 11
6 19
8 1
7 1
0 8
8 16
