20 20
19 18 2 -1 21 3 14 20 18 -6 -22 16 -19 20 17 18 4 12 -8 8 
0 -13 16 2 -9 19 9 -20 22 13 6 19 18 3 12 16 23 15 -16 0 
23 20 19 18 14 12 2 3 7 21 6 0 20 -16 -10 4 -20 -12 23 -18 
-8 22 7 12 18 -23 2 2 19 11 0 13 18 18 5 -11 -22 12 23 -10 
21 8 -12 12 17 2 -10 16 16 5 23 14 -17 -2 -16 15 20 -15 2 9 
3 17 6 -23 4 -5 9 9 2 -7 17 12 8 18 9 -3 13 1 2 18 
16 22 2 5 1 -7 -11 -14 3 7 2 -21 7 13 20 -11 14 22 9 8 
8 -3 6 1 -13 15 21 11 15 12 -21 -17 19 -11 18 17 10 22 -11 -19 
8 -12 -18 9 10 6 -20 8 15 3 23 12 -2 0 22 13 0 1 6 3 
21 0 19 12 -22 -1 12 21 5 16 -2 21 -2 13 10 11 16 4 12 7 
7 12 4 16 11 10 13 -2 21 -2 16 5 21 12 -1 -22 12 19 0 21 
3 6 1 0 13 22 0 -2 12 23 3 15 8 -20 6 10 9 -18 -12 8 
-19 -11 22 10 17 18 -11 19 -17 -21 12 15 11 21 15 -13 1 6 -3 8 
8 9 22 14 -11 20 13 7 -21 2 7 3 -14 -11 -7 1 5 2 22 16 
18 2 1 13 -3 9 18 8 12 17 -7 2 9 9 -5 4 -23 6 17 3 
9 2 -15 20 15 -16 -2 -17 14 23 5 16 16 -10 2 17 12 -12 8 21 
-10 23 12 -22 -11 5 18 18 13 0 11 19 2 2 -23 18 12 7 22 -8 
-18 23 -12 -20 4 -10 -16 20 0 6 21 7 3 2 12 14 18 19 20 23 
0 -16 15 23 16 12 3 18 19 6 13 22 -20 9 19 -9 2 16 -13 0 
8 -8 12 4 18 17 20 -19 16 -22 -6 18 20 14 3 21 -1 2 18 19 
52
8
8 16
6 7
1 10
1 0
13 11
15 3
0 16
5 11
11 3
13 12
18 9
18 19
6 8
4 16
19 3
14 8
14
6 13 14
5 8 14
13 8 8
18 8 12
11 6 12
5 19 16
13 14 9
13 6 14
14 11 14
6 11 8
1 11 12
8 13 12
14 0 16
6 5 9
26
15 5
2 12
12 19
9 17
1 15
16 10
13 15
9 6
4 8
7 12
9 7
9 19
14 2
4 14
17 7
7 0
10 2
18 4
3 9
6 4
10 13
15 11
12 7
10 12
10 0
5 17
