20 20
0 -5 12 -10 5 5 5 7 4 10 9 8 3 11 7 12 3 4 7 0 
6 1 6 7 1 10 2 4 8 4 5 3 1 2 9 7 7 12 6 6 
1 5 11 11 5 9 -5 -12 12 4 11 11 3 12 11 3 4 1 11 1 
10 6 1 5 12 8 1 3 -10 6 3 9 1 9 7 1 4 3 0 7 
9 1 6 8 2 3 3 -12 8 10 -7 9 12 8 -8 4 1 9 4 -1 
8 4 10 2 11 12 2 -3 2 2 11 0 6 11 4 8 7 11 3 -11 
4 -11 6 8 1 3 3 10 12 2 5 3 2 6 -10 -11 11 12 0 3 
10 5 2 11 3 11 9 3 3 6 5 1 11 6 8 8 11 -2 12 -9 
1 -10 6 1 -12 12 8 5 10 10 7 4 -1 5 -11 0 0 -1 12 8 
1 11 1 -4 12 12 6 -11 -3 4 5 -10 7 -9 -2 6 7 3 3 6 
6 3 3 7 6 -2 -9 7 -10 5 4 -3 -11 6 12 12 -4 1 11 1 
8 12 -1 0 0 -11 5 -1 4 7 10 10 5 8 12 -12 1 6 -10 1 
-9 12 -2 11 8 8 6 11 1 5 6 3 3 9 11 3 11 2 5 10 
3 0 12 11 -11 -10 6 2 3 5 2 12 10 3 3 1 8 6 -11 4 
-11 3 11 7 8 4 11 6 0 11 2 2 -3 2 12 11 2 10 4 8 
-1 4 9 1 4 -8 8 12 9 -7 10 8 -12 3 3 2 8 6 1 9 
7 0 3 4 1 7 9 1 9 3 6 -10 3 1 8 12 5 1 6 10 
1 11 1 4 3 11 12 3 11 11 4 12 -12 -5 9 5 11 11 5 1 
6 6 12 7 7 9 2 1 3 5 4 8 4 2 10 1 7 6 1 6 
0 7 4 3 12 7 11 3 8 9 10 4 7 5 5 5 -10 12 -5 0 
32
7
18 12
1 11
2 6
13 18
19 6
5 6
3 9
1 7
18 8
17 13
6 1
0 13
14 13
16 10
16
2 10 8
17 15 16
16 18 9
18 6 9
7 1 12
14 6 9
0 15 12
1 6 10
17 9 8
2 4 16
3 1 9
1 13 9
12 18 12
5 13 9
19 4 12
18 13 10
26
2 19
4 7
12 7
8 11
0 7
18 5
14 4
10 0
12 0
16 13
9 13
0 12
17 2
17 0
15 12
7 12
11 8
19 12
1 14
5 15
9 19
7 19
3 6
10 6
19 7
2 17
