20 20
2 -19 17 13 10 -13 -1 -20 17 1 16 -2 20 17 11 2 2 20 2 -15 
12 4 13 4 19 0 10 -1 15 -5 10 -18 19 15 19 14 11 7 16 10 
13 17 6 0 20 -16 8 -18 -20 0 -8 -17 6 4 5 7 9 19 16 -6 
15 19 6 18 11 11 5 -15 -4 -3 14 -19 -11 -14 -9 -7 10 12 16 3 
9 14 8 -3 19 11 7 -20 3 8 -4 -10 10 7 4 20 4 -16 -19 -17 
14 10 10 12 18 12 8 10 18 -18 15 9 -10 16 2 8 20 -12 11 10 
11 16 18 -13 18 8 20 -10 14 1 15 -11 -5 12 -6 -2 19 7 8 -15 
12 20 10 15 13 5 -9 -19 -4 -15 5 18 12 12 20 11 18 -16 5 18 
10 -17 2 20 -13 11 15 14 9 1 3 1 2 4 15 9 -15 17 6 17 
-17 19 -4 9 19 -2 20 11 2 11 6 -14 10 5 20 0 6 7 12 -11 
-11 12 7 6 0 20 5 10 -14 6 11 2 11 20 -2 19 9 -4 19 -17 
17 6 17 -15 9 15 4 2 1 3 1 9 14 15 11 -13 20 2 -17 10 
18 5 -16 18 11 20 12 12 18 5 -15 -4 -19 -9 5 13 15 10 20 12 
-15 8 7 19 -2 -6 12 -5 -11 15 1 14 -10 20 8 18 -13 18 16 11 
10 11 -12 20 8 2 16 -10 9 15 -18 18 10 8 12 18 12 10 10 14 
-17 -19 -16 4 20 4 7 10 -10 -4 8 3 -20 7 11 19 -3 8 14 9 
3 16 12 10 -7 -9 -14 -11 -19 14 -3 -4 -15 5 11 11 18 6 19 15 
-6 16 19 9 7 5 4 6 -17 -8 0 -20 -18 8 -16 20 0 6 17 13 
10 16 7 11 14 19 15 19 -18 10 -5 15 -1 10 0 19 4 13 4 12 
-15 2 20 2 2 11 17 20 -2 16 1 17 -20 -1 -13 10 13 17 -19 2 
46
4
16 12
0 3
0 7
13 16
3 7
19 16
19 12
6 3
12
19 10 16
4 0 8
2 15 16
9 11 14
1 6 15
8 11 13
0 9 16
15 19 8
17 4 16
10 8 14
18 13 15
11 8 13
28
17 14
1 3
10 17
18 6
9 13
10 13
8 3
2 1
0 11
6 4
4 18
1 2
14 10
11 5
2 5
18 16
9 2
1 13
10 6
9 6
11 16
17 18
19 8
13 15
15 1
18 17
5 9
8 14
