20 20
14 4 -24 14 20 18 11 20 27 26 5 11 -21 15 25 14 1 24 15 21 
8 12 -7 25 -10 23 30 14 24 -3 15 23 10 28 28 21 20 7 2 6 
0 27 -16 21 -20 27 27 3 -12 -7 5 25 -30 6 9 -4 25 11 10 4 
13 25 -23 23 25 0 27 30 29 -18 29 14 -12 21 18 26 -30 -5 24 23 
-24 27 13 11 27 12 29 27 20 1 19 -8 23 -6 30 -29 15 27 3 3 
12 -4 22 23 26 -23 8 25 20 10 24 -7 5 -20 16 24 -7 22 -24 11 
-27 18 -16 23 12 1 12 3 -12 18 21 14 26 5 27 16 15 -2 25 16 
7 20 7 13 1 24 25 29 8 3 -20 20 6 15 -29 14 -11 4 26 27 
-2 30 3 5 12 -22 -24 -24 3 11 24 23 -11 12 21 -20 19 -15 -13 30 
1 25 0 1 -21 3 26 23 -13 2 21 19 -28 -26 24 13 25 10 9 13 
13 9 10 25 13 24 -26 -28 19 21 2 -13 23 26 3 -21 1 0 25 1 
30 -13 -15 19 -20 21 12 -11 23 24 11 3 -24 -24 -22 12 5 3 30 -2 
27 26 4 -11 14 -29 15 6 20 -20 3 8 29 25 24 1 13 7 20 7 
16 25 -2 15 16 27 5 26 14 21 18 -12 3 12 1 12 23 -16 18 -27 
11 -24 22 -7 24 16 -20 5 -7 24 10 20 25 8 -23 26 23 22 -4 12 
3 3 27 15 -29 30 -6 23 -8 19 1 20 27 29 12 27 11 13 27 -24 
23 24 -5 -30 26 18 21 -12 14 29 -18 29 30 27 0 25 23 -23 25 13 
4 10 11 25 -4 9 6 -30 25 5 -7 -12 3 27 27 -20 21 -16 27 0 
6 2 7 20 21 28 28 10 23 15 -3 24 14 30 23 -10 25 -7 12 8 
21 15 24 1 14 25 15 -21 11 5 26 27 20 11 18 20 14 -24 4 14 
35
4
11 2
16 9
9 2
18 6
8 17
3 10
10 17
1 13
8
11 17 8
8 9 9
19 17 9
5 6 12
8 2 8
11 10 9
0 2 9
14 13 12
28
13 2
13 1
18 14
18 19
11 8
7 8
16 5
12 10
15 0
3 17
18 8
10 8
5 10
19 15
6 17
6 18
1 5
1 0
8 11
12 11
3 14
7 9
4 19
16 2
1 11
9 11
14 9
0 4
