20 20
10 -11 19 14 11 -23 -14 1 -23 -14 2 1 -4 22 10 13 2 13 3 2 
-5 -23 11 16 -19 13 1 13 10 9 22 2 21 -13 18 -13 20 18 15 15 
2 5 21 -3 20 8 21 9 13 6 23 -2 20 21 23 12 12 4 8 10 
17 -8 19 -17 -13 15 -18 14 6 15 12 9 1 8 -22 11 -8 9 22 -18 
13 6 -10 -5 -3 5 9 -13 22 17 19 -4 4 14 12 2 6 11 -5 14 
-20 21 -12 23 1 2 6 3 12 -7 -7 13 2 6 21 23 2 1 -19 15 
-11 18 23 11 -16 4 1 -10 14 22 -11 3 7 22 -16 18 17 20 8 22 
6 -17 1 -5 16 20 15 20 2 12 1 -11 23 -4 16 3 0 1 6 8 
8 16 15 -7 4 21 12 22 7 15 -23 16 1 11 -19 11 4 18 18 -9 
6 12 12 -23 -6 -6 23 16 -19 1 13 22 -19 -15 2 12 4 16 10 -12 
-12 10 16 4 12 2 -15 -19 22 13 1 -19 16 23 -6 -6 -23 12 12 6 
-9 18 18 4 11 -19 11 1 16 -23 15 7 22 12 21 4 -7 15 16 8 
8 6 1 0 3 16 -4 23 -11 1 12 2 20 15 20 16 -5 1 -17 6 
22 8 20 17 18 -16 22 7 3 -11 22 14 -10 1 4 -16 11 23 18 -11 
15 -19 1 2 23 21 6 2 13 -7 -7 12 3 6 2 1 23 -12 21 -20 
14 -5 11 6 2 12 14 4 -4 19 17 22 -13 9 5 -3 -5 -10 6 13 
-18 22 9 -8 11 -22 8 1 9 12 15 6 14 -18 15 -13 -17 19 -8 17 
10 8 4 12 12 23 21 20 -2 23 6 13 9 21 8 20 -3 21 5 2 
15 15 18 20 -13 18 -13 21 2 22 9 10 13 1 13 -19 16 11 -23 -5 
2 3 13 2 13 10 22 -4 1 2 -14 -23 1 -14 -23 11 14 19 -11 10 
52
4
15 18
4 13
9 12
2 7
4 1
15 6
10 7
17 12
16
9 8 13
12 3 15
10 9 9
12 6 12
9 18 11
14 9 14
6 8 14
19 9 13
10 11 13
7 16 15
9 10 9
7 13 12
10 1 11
5 10 14
13 11 14
0 10 13
36
19 18
12 9
2 17
10 16
0 9
12 7
5 4
13 2
15 7
8 14
5 17
14 8
12 14
2 8
14 6
17 19
13 1
1 15
0 1
7 10
17 2
9 3
19 10
7 12
14 15
6 17
4 12
11 5
14 2
5 11
7 5
17 11
5 13
2 0
6 18
18 4
