20 20
-1 24 6 10 22 -18 2 -18 -8 21 18 -18 28 24 0 22 7 18 2 -7 
-28 7 28 6 -8 23 24 21 4 6 7 19 -5 -25 9 22 -4 -5 11 18 
5 13 10 -24 -10 21 24 9 21 9 -3 24 16 16 -17 7 14 27 5 6 
10 22 13 4 -21 1 13 12 12 -8 -19 23 8 -2 27 -6 2 5 9 -10 
-13 11 21 27 6 -25 9 21 14 20 -21 28 -11 24 0 3 2 8 13 3 
-23 -17 13 12 1 12 17 18 27 10 28 7 6 3 -28 20 22 16 14 -17 
20 14 -11 16 -11 -14 18 -23 13 19 -1 3 -19 13 28 -13 -20 2 16 16 
6 20 19 19 4 9 9 11 -16 8 24 21 -21 28 -7 9 12 11 21 2 
25 -8 18 5 4 -24 11 25 11 13 -13 26 24 10 5 -8 15 5 5 27 
9 12 -17 -6 21 21 11 -24 4 21 -6 22 9 14 12 12 9 4 11 3 
3 11 4 9 12 12 14 9 22 -6 21 4 -24 11 21 21 -6 -17 12 9 
27 5 5 15 -8 5 10 24 26 -13 13 11 25 11 -24 4 5 18 -8 25 
2 21 11 12 9 -7 28 -21 21 24 8 -16 11 9 9 4 19 19 20 6 
16 16 2 -20 -13 28 13 -19 3 -1 19 13 -23 18 -14 -11 16 -11 14 20 
-17 14 16 22 20 -28 3 6 7 28 10 27 18 17 12 1 12 13 -17 -23 
3 13 8 2 3 0 24 -11 28 -21 20 14 21 9 -25 6 27 21 11 -13 
-10 9 5 2 -6 27 -2 8 23 -19 -8 12 12 13 1 -21 4 13 22 10 
6 5 27 14 7 -17 16 16 24 -3 9 21 9 24 21 -10 -24 10 13 5 
18 11 -5 -4 22 9 -25 -5 19 7 6 4 21 24 23 -8 6 28 7 -28 
-7 2 18 7 22 0 24 28 -18 18 21 -8 -18 2 -18 22 10 6 24 -1 
42
2
11 7
8 14
8 12
11 5
14
4 7 16
15 19 16
2 14 16
19 9 11
4 17 13
2 5 10
14 7 11
15 12 16
4 0 16
17 5 16
0 10 11
15 2 13
17 14 10
5 12 11
28
14 1
11 3
9 6
18 5
12 1
15 1
19 7
8 1
7 0
11 15
11 16
13 9
14 12
6 16
5 18
8 16
10 13
1 14
7 18
4 18
0 12
11 18
12 19
8 4
8 3
6 10
5 7
13 3
