20 20
5 6 0 -3 -2 8 2 5 3 1 9 3 -4 8 -7 4 -5 -1 7 0 
10 10 3 4 3 -4 8 3 -6 5 4 3 1 3 2 10 -6 -4 5 -4 
3 1 6 4 -8 9 -4 7 1 -8 10 0 7 -10 -8 3 5 3 -8 6 
8 5 9 6 9 2 5 5 1 -3 -1 0 -7 -10 1 -10 7 2 5 -7 
2 6 3 3 -2 10 10 9 0 -7 -2 -8 -3 9 8 8 1 8 2 -5 
5 4 7 4 3 -8 5 4 1 10 5 3 4 9 7 -2 8 -7 6 8 
-10 9 6 -4 6 4 3 9 -10 7 3 -10 10 -5 4 5 4 3 5 -8 
3 4 -6 3 2 7 2 -4 2 -7 -8 -5 8 10 1 -6 -10 1 -8 -1 
4 7 1 9 1 2 -8 5 0 5 2 8 8 -5 7 -7 5 0 7 5 
3 8 3 3 -9 6 -8 -7 0 6 7 6 1 6 4 -6 2 -8 7 7 
7 7 -8 2 -6 4 6 1 6 7 6 0 -7 -8 6 -9 3 3 8 3 
5 7 0 5 -7 7 -5 8 8 2 5 0 5 -8 2 1 9 1 7 4 
-1 -8 1 -10 -6 1 10 8 -5 -8 -7 2 -4 2 7 2 3 -6 4 3 
-8 5 3 4 5 4 -5 10 -10 3 7 -10 9 3 4 6 -4 6 9 -10 
8 6 -7 8 -2 7 9 4 3 5 10 1 4 5 -8 3 4 7 4 5 
-5 2 8 1 8 8 9 -3 -8 -2 -7 0 9 10 10 -2 3 3 6 2 
-7 5 2 7 -10 1 -10 -7 0 -1 -3 1 5 5 2 9 6 9 5 8 
6 -8 3 5 3 -8 -10 7 0 10 -8 1 7 -4 9 -8 4 6 1 3 
-4 5 -4 -6 10 2 3 1 3 4 5 -6 3 8 -4 3 4 3 10 10 
0 7 -1 -5 4 -7 8 -4 3 9 1 3 5 2 8 -2 -3 0 6 5 
42
8
4 14
5 8
13 7
9 12
5 7
9 14
17 12
15 6
15 5
14 11
6 12
10 7
14 12
10 5
2 7
4 13
20
13 8 10
16 14 15
6 15 15
6 7 8
15 12 11
10 19 9
2 9 16
0 6 15
5 10 14
16 0 15
6 11 10
3 5 15
13 4 15
13 12 8
4 7 11
9 0 9
17 10 16
19 13 15
14 9 14
3 19 15
40
9 8
17 4
19 17
7 9
10 3
11 5
3 9
0 3
6 18
2 10
0 9
2 13
12 0
12 11
15 4
7 10
4 3
19 3
16 5
0 15
10 11
2 15
0 2
12 10
9 16
8 14
16 10
19 16
13 1
17 9
19 10
17 6
7 19
7 8
4 15
12 9
15 16
0 16
3 14
19 4
