20 20
14 16 8 8 -3 4 -11 7 15 -7 16 16 14 5 13 7 5 4 6 4 
15 -15 -3 0 12 0 9 8 14 6 16 6 2 -7 3 -12 6 -4 -11 13 
15 9 1 16 5 -12 9 13 -1 5 11 8 0 -3 14 3 12 2 9 1 
-2 13 4 -12 -6 -11 12 15 -1 10 -5 5 13 10 9 -14 -9 -7 10 2 
-14 10 15 -2 8 -9 1 6 13 14 10 8 5 2 7 16 1 4 13 8 
9 4 2 7 3 -8 16 12 4 10 1 1 -5 11 4 -16 8 10 -1 13 
-13 10 11 15 -8 -2 3 2 -2 -10 15 13 5 11 2 15 11 16 15 3 
3 4 -16 4 1 10 10 3 0 8 16 -4 2 -9 15 3 -8 15 8 10 
13 16 3 -7 -9 -12 16 11 12 5 8 4 -15 16 -9 7 -13 1 -12 12 
9 3 -6 2 -15 10 -16 -11 1 4 8 -11 13 16 -9 5 14 2 -5 -15 
-15 -5 2 14 5 -9 16 13 -11 8 4 1 -11 -16 10 -15 2 -6 3 9 
12 -12 1 -13 7 -9 16 -15 4 8 5 12 11 16 -12 -9 -7 3 16 13 
10 8 15 -8 3 15 -9 2 -4 16 8 0 3 10 10 1 4 -16 4 3 
3 15 16 11 15 2 11 5 13 15 -10 -2 2 3 -2 -8 15 11 10 -13 
13 -1 10 8 -16 4 11 -5 1 1 10 4 12 16 -8 3 7 2 4 9 
8 13 4 1 16 7 2 5 8 10 14 13 6 1 -9 8 -2 15 10 -14 
2 10 -7 -9 -14 9 10 13 5 -5 10 -1 15 12 -11 -6 -12 4 13 -2 
1 9 2 12 3 14 -3 0 8 11 5 -1 13 9 -12 5 16 1 9 15 
13 -11 -4 6 -12 3 -7 2 6 16 6 14 8 9 0 12 0 -3 -15 15 
4 6 4 5 7 13 5 14 16 16 -7 15 7 -11 4 -3 8 8 16 14 
41
4
8 10
15 17
0 10
17 7
11 9
4 2
19 9
2 12
14
6 11 8
18 13 9
16 15 13
0 7 12
12 4 14
18 3 11
11 16 13
13 8 8
1 6 9
3 4 13
19 12 12
7 15 14
1 16 11
8 3 13
34
0 1
5 0
4 15
4 16
8 17
6 10
3 5
13 1
6 15
2 15
11 1
16 19
0 6
18 17
14 5
6 17
14 10
19 18
14 19
15 4
15 3
11 2
13 9
16 14
6 18
13 4
17 4
8 18
3 0
19 13
1 2
5 14
13 2
5 9
