20 20
21 12 11 21 6 10 19 18 16 16 11 -3 18 5 2 7 -5 0 -13 -8 
23 9 11 1 20 8 14 20 12 10 -6 14 19 1 -19 -6 6 19 6 11 
-7 -14 14 -5 14 13 7 2 0 18 -17 18 18 13 -19 23 19 -19 8 3 
1 21 -3 -4 18 13 13 17 -18 10 17 7 11 23 20 -7 10 -18 -13 21 
17 -16 -23 -4 6 18 -22 -14 -4 15 23 7 8 16 5 -10 -17 19 13 11 
19 11 4 -8 -10 17 16 2 1 -20 8 3 1 13 7 21 18 4 -8 10 
-23 -20 9 -15 1 7 -5 -8 0 14 -13 23 13 23 6 8 8 7 -23 -6 
16 22 6 14 13 6 3 5 21 7 22 13 -18 17 13 -21 -9 -3 -18 1 
-1 -12 3 0 -4 10 -10 18 -15 1 15 3 15 -10 21 9 17 11 6 -11 
16 -19 -2 2 3 12 -17 -22 1 2 0 -9 -12 10 -22 13 19 18 -14 9 
9 -14 18 19 13 -22 10 -12 -9 0 2 1 -22 -17 12 3 2 -2 -19 16 
-11 6 11 17 9 21 -10 15 3 15 1 -15 18 -10 10 -4 0 3 -12 -1 
1 -18 -3 -9 -21 13 17 -18 13 22 7 21 5 3 6 13 14 6 22 16 
-6 -23 7 8 8 6 23 13 23 -13 14 0 -8 -5 7 1 -15 9 -20 -23 
10 -8 4 18 21 7 13 1 3 8 -20 1 2 16 17 -10 -8 4 11 19 
11 13 19 -17 -10 5 16 8 7 23 15 -4 -14 -22 18 6 -4 -23 -16 17 
21 -13 -18 10 -7 20 23 11 7 17 10 -18 17 13 13 18 -4 -3 21 1 
3 8 -19 19 23 -19 13 18 18 -17 18 0 2 7 13 14 -5 14 -14 -7 
11 6 19 6 -6 -19 1 19 14 -6 10 12 20 14 8 20 1 11 9 23 
-8 -13 0 -5 7 2 5 18 -3 11 16 16 18 19 10 6 21 11 12 21 
43
7
3 4
5 17
12 15
8 19
4 11
17 2
19 1
16 15
14 2
7 4
11 0
15 8
2 17
0 18
18
9 1 9
15 2 16
19 4 9
10 5 10
10 14 10
16 5 11
6 18 12
10 0 14
17 10 10
10 18 9
4 17 16
0 15 9
9 14 10
9 5 10
3 14 11
13 1 12
9 19 14
2 9 10
36
11 14
2 10
12 17
11 12
17 6
18 16
12 3
12 10
6 14
16 3
0 6
17 7
10 9
7 0
19 8
19 7
4 13
13 8
8 5
17 9
7 2
8 7
2 13
1 3
7 16
7 9
13 5
3 16
19 13
2 12
9 10
12 19
0 11
0 12
15 6
6 11
