20 20
6 7 5 -4 7 7 0 7 -7 6 6 6 9 -6 7 1 0 10 1 4 
1 -5 5 0 2 5 -4 10 -2 3 3 -4 1 10 6 -1 -6 -5 5 5 
3 6 4 -3 9 8 7 6 7 4 0 9 4 -6 10 10 1 2 -8 8 
1 -1 -1 -7 2 -7 4 5 5 -10 3 2 10 9 -2 3 -9 -4 -5 9 
-9 3 3 9 4 -7 7 9 3 -6 6 6 4 3 9 4 2 -7 9 7 
6 8 5 6 8 9 -6 8 -2 6 -4 4 2 1 8 -4 -3 8 7 6 
-6 1 4 4 1 -9 5 -2 10 3 4 4 8 1 -1 7 -3 7 5 1 
-4 3 5 8 1 9 0 7 10 0 2 4 1 7 1 6 6 -10 6 6 
6 0 9 4 0 9 2 -8 5 -8 3 2 10 5 1 -2 10 3 -10 3 
5 -3 -5 10 -8 2 1 5 1 -6 5 6 7 9 7 10 2 3 -7 7 
7 -7 3 2 10 7 9 7 6 5 -6 1 5 1 2 -8 10 -5 -3 5 
3 -10 3 10 -2 1 5 10 2 3 -8 5 -8 2 9 0 4 9 0 6 
6 6 -10 6 6 1 7 1 4 2 0 10 7 0 9 1 8 5 3 -4 
1 5 7 -3 7 -1 1 8 4 4 3 10 -2 5 -9 1 4 4 1 -6 
6 7 8 -3 -4 8 1 2 4 -4 6 -2 8 -6 9 8 6 5 8 6 
7 9 -7 2 4 9 3 4 6 6 -6 3 9 7 -7 4 9 3 3 -9 
9 -5 -4 -9 3 -2 9 10 2 3 -10 5 5 4 -7 2 -7 -1 -1 1 
8 -8 2 1 10 10 -6 4 9 0 4 7 6 7 8 9 -3 4 6 3 
5 5 -5 -6 -1 6 10 1 -4 3 3 -2 10 -4 5 2 0 5 -5 1 
4 1 10 0 1 7 -6 9 6 6 6 -7 7 0 7 7 -4 5 7 6 
39
5
11 13
16 10
5 9
7 3
19 12
8 6
3 9
14 10
12 16
0 7
20
10 11 16
17 3 10
18 16 13
19 5 15
1 14 13
19 4 13
17 2 13
8 12 13
4 14 13
8 18 10
9 8 16
2 16 10
1 3 13
0 14 15
18 5 13
0 15 13
2 17 13
11 7 13
15 5 13
11 1 10
36
6 3
11 15
18 13
7 14
13 11
19 10
0 10
8 7
13 12
4 8
2 5
2 1
5 16
2 15
11 9
11 8
12 19
8 9
13 16
8 4
1 6
12 5
6 8
0 9
19 9
11 12
6 7
15 11
17 14
17 18
14 3
17 4
8 10
8 11
7 0
11 10
