20 20
-21 19 6 3 15 -5 18 -4 19 6 8 26 -15 16 25 -25 7 25 11 26 
16 6 26 11 20 3 6 17 26 -13 -1 1 18 7 -24 13 25 6 -12 7 
16 -19 21 5 22 26 18 -26 14 17 20 22 23 17 3 -26 -1 0 19 3 
25 17 -15 -11 16 -16 25 -22 1 5 -6 20 -19 -5 -1 25 -15 25 7 -14 
8 5 10 -1 25 20 -10 1 25 12 20 6 7 9 -13 -10 18 15 9 21 
8 13 6 4 10 15 22 18 16 18 16 4 9 11 24 -5 20 -3 -21 -4 
-17 20 17 22 15 -9 -6 7 16 23 23 0 8 21 18 -4 -2 4 18 25 
-6 15 17 -23 23 -20 -12 19 6 16 22 18 5 1 2 -5 25 2 22 20 
10 6 -5 17 -1 9 -21 22 21 20 15 2 -24 20 8 -9 -25 26 14 24 
21 -13 7 -7 10 -20 11 6 21 5 2 -24 11 10 16 4 6 2 3 26 
26 3 2 6 4 16 10 11 -24 2 5 21 6 11 -20 10 -7 7 -13 21 
24 14 26 -25 -9 8 20 -24 2 15 20 21 22 -21 9 -1 17 -5 6 10 
20 22 2 25 -5 2 1 5 18 22 16 6 19 -12 -20 23 -23 17 15 -6 
25 18 4 -2 -4 18 21 8 0 23 23 16 7 -6 -9 15 22 17 20 -17 
-4 -21 -3 20 -5 24 11 9 4 16 18 16 18 22 15 10 4 6 13 8 
21 9 15 18 -10 -13 9 7 6 20 12 25 1 -10 20 25 -1 10 5 8 
-14 7 25 -15 25 -1 -5 -19 20 -6 5 1 -22 25 -16 16 -11 -15 17 25 
3 19 0 -1 -26 3 17 23 22 20 17 14 -26 18 26 22 5 21 -19 16 
7 -12 6 25 13 -24 7 18 1 -1 -13 26 17 6 3 20 11 26 6 16 
26 11 25 7 -25 25 16 -15 26 8 6 19 -4 18 -5 15 3 6 19 -21 
40
8
3 8
12 3
13 15
17 15
0 2
14 19
1 4
16 19
16 11
7 16
6 4
2 4
19 17
5 0
18 15
3 0
6
14 18 11
16 18 16
14 13 12
5 1 11
3 1 16
5 6 12
32
11 0
18 16
6 14
15 19
19 16
12 5
17 3
17 1
15 1
8 12
1 6
14 0
9 16
8 9
14 16
16 12
8 19
1 3
13 5
4 0
0 3
7 14
2 16
2 18
4 18
11 7
18 13
5 19
10 3
11 10
5 3
3 7
