20 20
6 -8 13 4 0 6 4 5 4 0 7 2 6 -1 4 -3 15 15 14 1 
14 11 11 11 9 8 -9 9 4 8 -2 2 8 14 6 -9 10 9 13 10 
4 -1 -13 -6 2 15 7 3 5 7 1 10 7 -4 1 10 5 -9 3 6 
3 4 3 15 -11 -2 8 8 6 14 -1 5 10 10 10 9 6 -6 -14 10 
-4 5 8 6 15 12 11 -1 3 -6 10 -12 -7 14 6 15 -10 -1 8 9 
7 1 -12 5 2 0 -14 -4 7 2 13 0 15 -8 -5 8 -5 -11 2 9 
3 2 6 -15 0 -7 10 -12 7 -7 7 7 15 -15 3 15 13 13 7 7 
-11 5 15 1 11 14 6 12 6 8 -2 9 10 2 8 6 5 2 -2 5 
1 14 7 0 13 -13 5 9 1 11 11 15 -5 13 15 3 1 4 14 -14 
15 15 4 -10 14 -4 2 -7 8 7 15 -1 -5 -14 8 13 -13 14 5 11 
11 5 14 -13 13 8 -14 -5 -1 15 7 8 -7 2 -4 14 -10 4 15 15 
-14 14 4 1 3 15 13 -5 15 11 11 1 9 5 -13 13 0 7 14 1 
5 -2 2 5 6 8 2 10 9 -2 8 6 12 6 14 11 1 15 5 -11 
7 7 13 13 15 3 -15 15 7 7 -7 7 -12 10 -7 0 -15 6 2 3 
9 2 -11 -5 8 -5 -8 15 0 13 2 7 -4 -14 0 2 5 -12 1 7 
9 8 -1 -10 15 6 14 -7 -12 10 -6 3 -1 11 12 15 6 8 5 -4 
10 -14 -6 6 9 10 10 10 5 -1 14 6 8 8 -2 -11 15 3 4 3 
6 3 -9 5 10 1 -4 7 10 1 7 5 3 7 15 2 -6 -13 -1 4 
10 13 9 10 -9 6 14 8 2 -2 8 4 9 -9 8 9 11 11 11 14 
1 14 15 15 -3 4 -1 6 2 7 0 4 5 4 6 0 4 13 -8 6 
31
2
1 10
10 6
18 9
9 13
6
7 17 15
6 10 9
2 19 16
12 2 15
13 9 9
17 0 16
38
9 5
19 11
7 5
5 12
17 5
12 4
1 9
0 10
9 6
0 17
6 3
12 8
8 6
19 3
5 9
12 9
2 16
6 5
1 19
10 14
0 8
12 14
14 7
2 14
7 15
18 10
19 9
10 13
19 2
13 16
7 11
11 13
0 16
14 10
7 10
17 3
13 14
18 0
