20 20
4 4 4 5 3 -4 5 5 -2 3 -4 4 3 -5 2 3 2 2 -5 4 
3 -4 1 0 4 -5 -1 5 2 4 3 2 1 -2 5 -1 5 1 4 0 
5 1 4 -2 -1 5 2 2 0 5 -1 -1 -4 -2 0 -4 2 2 1 1 
1 1 -2 1 0 5 -3 2 0 2 1 -4 1 5 0 4 1 3 1 2 
1 3 -5 3 1 0 0 3 3 -2 2 5 4 3 5 -2 -5 2 5 -1 
3 1 3 5 3 1 -5 3 5 3 3 5 -4 -3 3 -3 5 -5 2 -1 
1 4 2 5 1 2 -3 -2 -1 5 4 -5 -1 -1 -5 1 2 3 1 3 
3 0 0 3 2 4 1 -1 4 -1 1 -1 1 5 0 -3 3 5 -3 4 
-3 -1 2 -4 4 2 0 2 2 0 3 3 1 5 5 2 4 2 3 -1 
-3 3 -3 1 3 5 -5 2 1 -1 4 3 3 4 0 5 -5 -3 2 3 
3 2 -3 -5 5 0 4 3 3 4 -1 1 2 -5 5 3 1 -3 3 -3 
-1 3 2 4 2 5 5 1 3 3 0 2 2 0 2 4 -4 2 -1 -3 
4 -3 5 3 -3 0 5 1 -1 1 -1 4 -1 1 4 2 3 0 0 3 
3 1 3 2 1 -5 -1 -1 -5 4 5 -1 -2 -3 2 1 5 2 4 1 
-1 2 -5 5 -3 3 -3 -4 5 3 3 5 3 -5 1 3 5 3 1 3 
-1 5 2 -5 -2 5 3 4 5 2 -2 3 3 0 0 1 3 -5 3 1 
2 1 3 1 4 0 5 1 -4 1 2 0 2 -3 5 0 1 -2 1 1 
1 1 2 2 -4 0 -2 -4 -1 -1 5 0 2 2 5 -1 -2 4 1 5 
0 4 1 5 -1 5 -2 1 2 3 4 2 5 -1 -5 4 0 1 -4 3 
4 -5 2 2 3 2 -5 3 4 -4 3 -2 5 5 -4 3 5 4 4 4 
49
8
3 6
8 19
3 19
18 8
2 16
19 13
0 12
8 9
16 13
11 0
16 0
1 11
17 3
0 6
19 7
11 10
18
13 16 9
18 16 13
3 2 11
13 17 11
5 17 11
15 0 9
7 5 12
6 7 15
7 17 16
6 3 9
1 3 13
16 17 11
6 2 11
14 2 11
4 19 9
12 14 12
13 12 15
12 2 16
32
12 0
7 6
10 8
16 2
0 5
13 2
13 4
19 5
9 14
3 1
7 9
18 0
9 10
2 17
1 5
19 4
7 19
12 13
9 11
3 17
19 14
6 17
6 15
0 14
10 5
16 18
12 10
1 19
10 9
17 2
18 14
0 15
