20 20
4 9 -3 5 -6 11 6 5 -8 7 1 3 13 6 7 0 12 -2 1 -8 
-3 -13 13 5 -6 -2 12 13 9 5 2 7 1 4 -7 -4 -11 8 9 -13 
10 5 8 4 9 5 -5 12 9 -1 8 4 8 9 2 -12 9 1 1 -9 
-7 3 6 7 2 5 10 4 9 -7 -5 1 -2 9 3 8 5 -11 11 -3 
-12 2 13 5 10 -4 -2 -9 8 5 10 3 -6 -11 3 3 1 12 2 9 
0 0 5 13 -1 4 7 9 7 13 9 12 5 -4 1 5 -9 11 -8 -9 
7 10 13 -3 7 -6 -6 13 3 -6 11 -2 -1 -4 9 4 3 11 2 1 
12 -13 -9 11 -6 -10 13 0 0 12 13 8 4 -5 7 3 4 10 11 0 
6 10 0 1 8 -12 12 -5 -10 13 4 6 0 5 13 9 1 4 -7 10 
8 4 1 7 9 7 12 2 -4 9 0 1 -11 4 6 6 -13 -5 4 -7 
-7 4 -5 -13 6 6 4 -11 1 0 9 -4 2 12 7 9 7 1 4 8 
10 -7 4 1 9 13 5 0 6 4 13 -10 -5 12 -12 8 1 0 10 6 
0 11 10 4 3 7 -5 4 8 13 12 0 0 13 -10 -6 11 -9 -13 12 
1 2 11 3 4 9 -4 -1 -2 11 -6 3 13 -6 -6 7 -3 13 10 7 
-9 -8 11 -9 5 1 -4 5 12 9 13 7 9 7 4 -1 13 5 0 0 
9 2 12 1 3 3 -11 -6 3 10 5 8 -9 -2 -4 10 5 13 2 -12 
-3 11 -11 5 8 3 9 -2 1 -5 -7 9 4 10 5 2 7 6 3 -7 
-9 1 1 9 -12 2 9 8 4 8 -1 9 12 -5 5 9 4 8 5 10 
-13 9 8 -11 -4 -7 4 1 7 2 5 9 13 12 -2 -6 5 13 -13 -3 
-8 1 -2 12 0 7 6 13 3 1 7 -8 5 6 11 -6 5 -3 9 4 
38
2
17 11
6 8
2 8
13 11
12
9 8 16
11 2 8
11 12 10
15 1 14
16 7 14
16 18 11
10 11 16
8 17 8
8 7 10
4 18 14
3 12 14
3 1 11
40
6 2
6 5
1 16
18 6
15 11
5 7
9 7
10 13
9 3
11 16
17 18
16 1
7 16
5 10
13 0
2 9
8 4
11 0
1 7
17 6
13 17
13 14
18 3
1 13
4 8
14 12
10 12
9 6
10 16
8 3
2 1
3 18
12 3
14 9
6 19
17 10
11 15
8 19
18 12
2 13
