20 20
6 13 -7 8 3 14 4 12 -4 12 8 -5 10 1 7 0 1 2 10 2 
4 7 -14 9 12 2 1 4 -10 -13 -7 13 2 -7 -6 13 0 5 6 -6 
6 12 3 8 0 -3 -11 -1 -7 14 3 -5 4 4 12 4 11 10 10 14 
1 3 -7 -10 9 1 10 9 7 10 8 -3 9 -14 5 11 10 14 -12 6 
4 -12 11 10 -9 12 5 12 6 -11 3 14 -10 13 1 0 7 9 -10 6 
13 4 9 -11 11 10 7 -10 12 11 8 11 4 1 3 8 3 14 -1 8 
14 5 13 12 -7 0 6 4 -7 13 -7 -10 -6 -6 10 7 -8 -11 9 7 
-9 2 6 11 2 1 10 0 1 5 13 -12 8 6 5 -1 6 10 3 4 
-7 9 11 10 11 -13 -3 9 6 8 -4 12 14 -7 12 12 12 -13 0 6 
9 9 12 7 11 9 -1 11 4 -7 12 7 -10 -2 1 9 12 1 2 -9 
-9 2 1 12 9 1 -2 -10 7 12 -7 4 11 -1 9 11 7 12 9 9 
6 0 -13 12 12 12 -7 14 12 -4 8 6 9 -3 -13 11 10 11 9 -7 
4 3 10 6 -1 5 6 8 -12 13 5 1 0 10 1 2 11 6 2 -9 
7 9 -11 -8 7 10 -6 -6 -10 -7 13 -7 4 6 0 -7 12 13 5 14 
8 -1 14 3 8 3 1 4 11 8 11 12 -10 7 10 11 -11 9 4 13 
6 -10 9 7 0 1 13 -10 14 3 -11 6 12 5 12 -9 10 11 -12 4 
6 -12 14 10 11 5 -14 9 -3 8 10 7 9 10 1 9 -10 -7 3 1 
14 10 10 11 4 12 4 4 -5 3 14 -7 -1 -11 -3 0 8 3 12 6 
-6 6 5 0 13 -6 -7 2 13 -7 -13 -10 4 1 2 12 9 -14 7 4 
2 10 2 1 0 7 1 10 -5 8 12 -4 12 4 14 3 8 -7 13 6 
40
7
13 2
4 11
19 10
4 19
0 11
10 9
3 15
6 17
15 8
0 9
15 0
19 8
9 10
16 4
16
18 16 13
2 13 10
4 2 11
12 6 8
4 18 15
11 13 10
6 4 10
6 15 10
1 3 13
17 6 10
15 17 11
7 13 8
15 1 15
8 6 10
13 15 10
13 4 10
30
7 4
2 17
8 11
5 15
0 4
2 12
5 7
9 5
7 19
2 7
4 15
14 16
13 17
1 4
18 2
12 15
17 2
11 8
14 4
19 15
17 7
14 12
10 14
12 0
17 12
15 4
5 3
6 2
18 15
1 17
