20 20
-4 -12 24 -21 -23 24 -22 11 29 21 13 12 24 21 19 -11 28 0 5 -10 
-18 -17 21 10 24 -2 -17 15 -28 19 28 5 -19 23 5 10 26 23 18 -21 
-14 8 17 7 24 17 -16 6 -5 2 5 26 -11 6 5 -19 5 11 -19 19 
-29 -1 0 26 21 13 -15 9 -9 -24 30 16 -18 -7 18 -3 -29 19 27 16 
21 17 10 2 -1 9 9 28 16 23 -21 0 12 30 18 22 13 22 5 19 
19 10 27 23 24 -27 15 14 -30 27 27 -27 -22 17 15 -25 22 30 1 23 
14 16 27 25 26 9 -30 17 -2 -29 5 18 14 17 28 -29 19 6 17 25 
-6 11 1 -20 -19 25 -30 -4 4 18 13 -5 21 13 -23 6 14 14 3 22 
14 18 17 14 23 18 -1 18 -30 18 27 -13 11 12 -8 11 -6 13 30 25 
26 22 10 -12 10 19 13 5 19 8 -6 21 -17 -22 -16 21 6 -26 -24 3 
3 -24 -26 6 21 -16 -22 -17 21 -6 8 19 5 13 19 10 -12 10 22 26 
25 30 13 -6 11 -8 12 11 -13 27 18 -30 18 -1 18 23 14 17 18 14 
22 3 14 14 6 -23 13 21 -5 13 18 4 -4 -30 25 -19 -20 1 11 -6 
25 17 6 19 -29 28 17 14 18 5 -29 -2 17 -30 9 26 25 27 16 14 
23 1 30 22 -25 15 17 -22 -27 27 27 -30 14 15 -27 24 23 27 10 19 
19 5 22 13 22 18 30 12 0 -21 23 16 28 9 9 -1 2 10 17 21 
16 27 19 -29 -3 18 -7 -18 16 30 -24 -9 9 -15 13 21 26 0 -1 -29 
19 -19 11 5 -19 5 6 -11 26 5 2 -5 6 -16 17 24 7 17 8 -14 
-21 18 23 26 10 5 23 -19 5 28 19 -28 15 -17 -2 24 10 21 -17 -18 
-10 5 0 28 -11 19 21 24 12 13 21 29 11 -22 24 -23 -21 24 -12 -4 
42
4
9 18
1 12
0 4
3 16
10 1
18 7
19 15
16 3
12
4 12 15
9 4 10
14 10 13
18 0 9
7 5 16
5 10 15
15 7 15
10 15 10
5 9 13
1 19 9
12 14 16
14 9 15
28
17 3
5 8
11 15
1 8
3 13
10 14
18 14
17 1
2 9
18 12
15 1
12 3
9 8
11 16
2 16
14 11
8 4
18 11
16 6
9 5
1 5
2 18
17 10
1 7
4 18
7 16
10 11
8 3
