20 20
13 -3 15 10 23 26 14 -14 2 17 5 -3 18 1 2 23 4 18 23 21 
27 18 14 20 -27 12 19 26 12 -12 18 25 12 14 7 10 9 14 5 -13 
19 8 3 6 17 25 27 -22 6 16 12 -28 8 19 -15 -28 4 24 -9 12 
15 16 17 4 6 11 29 12 -27 5 21 27 11 19 25 29 17 29 5 28 
-5 9 7 -29 -16 20 9 -11 2 -3 -10 13 6 27 16 28 27 28 -13 15 
19 7 27 11 28 -22 6 12 14 -4 17 -18 28 25 8 23 12 20 20 -21 
10 23 14 -16 -11 4 11 22 21 -10 -8 13 24 28 12 -27 -17 6 12 17 
-7 29 25 9 11 2 10 -17 26 16 -15 2 12 16 25 7 4 23 24 20 
23 16 -16 16 -24 18 22 25 10 7 -26 -2 -28 25 15 -14 3 -28 16 -26 
28 4 -6 29 25 -6 8 24 19 26 22 14 15 6 25 28 14 -27 9 11 
11 9 -27 14 28 25 6 15 14 22 26 19 24 8 -6 25 29 -6 4 28 
-26 16 -28 3 -14 15 25 -28 -2 -26 7 10 25 22 18 -24 16 -16 16 23 
20 24 23 4 7 25 16 12 2 -15 16 26 -17 10 2 11 9 25 29 -7 
17 12 6 -17 -27 12 28 24 13 -8 -10 21 22 11 4 -11 -16 14 23 10 
-21 20 20 12 23 8 25 28 -18 17 -4 14 12 6 -22 28 11 27 7 19 
15 -13 28 27 28 16 27 6 13 -10 -3 2 -11 9 20 -16 -29 7 9 -5 
28 5 29 17 29 25 19 11 27 21 5 -27 12 29 11 6 4 17 16 15 
12 -9 24 4 -28 -15 19 8 -28 12 16 6 -22 27 25 17 6 3 8 19 
-13 5 14 9 10 7 14 12 25 18 -12 12 26 19 12 -27 20 14 18 27 
21 23 18 4 23 2 1 18 -3 5 17 2 -14 14 26 23 10 15 -3 13 
45
5
13 14
12 4
4 13
10 15
2 6
6 5
7 15
15 6
9 4
17 13
20
13 6 15
14 2 14
7 12 14
4 0 9
1 13 9
16 9 10
17 9 16
7 17 13
18 3 12
8 9 9
6 13 15
5 17 14
12 7 14
15 19 9
18 6 9
3 10 10
2 10 16
12 2 13
1 16 12
11 10 9
40
13 5
9 13
13 15
5 14
19 18
10 9
2 14
3 19
8 3
5 4
15 17
10 19
10 4
2 16
3 4
13 17
8 6
6 1
8 5
19 13
6 14
10 6
6 4
14 5
0 1
9 10
17 5
16 0
11 16
14 15
4 2
9 0
9 15
17 3
16 15
6 2
11 13
13 18
11 14
0 6
