20 20
19 -9 -25 11 18 18 20 -7 -22 9 16 23 -24 -26 14 -19 19 26 22 25 
25 16 3 -4 20 0 9 26 8 -11 -5 4 19 -26 18 -13 8 12 -15 7 
10 -2 4 5 10 5 23 14 13 14 12 16 -21 8 9 19 6 -7 -11 18 
8 27 6 24 24 -25 -8 27 1 2 18 7 20 11 1 22 -25 15 11 -11 
4 17 3 -24 16 16 -23 17 21 2 -16 -4 23 -7 -17 12 -3 -24 -8 19 
-15 13 -3 10 12 5 8 -15 27 -10 23 5 13 5 18 8 8 27 2 26 
-24 -11 18 23 3 15 19 -6 12 6 2 18 -10 27 24 -15 2 -10 -13 12 
4 10 1 25 1 -26 21 -7 3 4 -15 23 -25 6 22 -4 -17 -25 13 21 
4 3 22 16 8 -20 18 -10 15 -16 -9 -24 18 -16 20 9 9 15 9 8 
26 19 3 27 12 -15 27 -2 12 14 24 17 18 -7 2 17 -26 10 16 17 
17 16 10 -26 17 2 -7 18 17 24 14 12 -2 27 -15 12 27 3 19 26 
8 9 15 9 9 20 -16 18 -24 -9 -16 15 -10 18 -20 8 16 22 3 4 
21 13 -25 -17 -4 22 6 -25 23 -15 4 3 -7 21 -26 1 25 1 10 4 
12 -13 -10 2 -15 24 27 -10 18 2 6 12 -6 19 15 3 23 18 -11 -24 
26 2 27 8 8 18 5 13 5 23 -10 27 -15 8 5 12 10 -3 13 -15 
19 -8 -24 -3 12 -17 -7 23 -4 -16 2 21 17 -23 16 16 -24 3 17 4 
-11 11 15 -25 22 1 11 20 7 18 2 1 27 -8 -25 24 24 6 27 8 
18 -11 -7 6 19 9 8 -21 16 12 14 13 14 23 5 10 5 4 -2 10 
7 -15 12 8 -13 18 -26 19 4 -5 -11 8 26 9 0 20 -4 3 16 25 
25 22 26 19 -19 14 -26 -24 23 16 9 -22 -7 20 18 18 11 -25 -9 19 
48
4
3 11
1 5
5 16
1 8
16 8
18 14
14 3
18 11
10
3 16 9
11 0 9
10 4 15
10 2 10
8 10 10
16 3 9
8 19 9
9 15 15
9 17 10
11 9 10
38
1 7
5 7
3 7
4 11
13 19
16 18
8 12
7 15
1 17
0 16
13 15
9 11
18 15
4 1
8 15
8 7
7 1
15 19
5 18
18 12
14 12
16 12
15 8
6 0
3 1
11 7
12 4
18 2
19 3
6 4
10 8
1 4
15 18
11 4
11 12
12 18
4 0
14 1
