20 20
6 24 10 -28 11 10 13 2 23 -13 20 27 4 19 16 24 26 3 9 -17 
21 -7 19 17 1 -2 12 22 24 23 27 7 4 27 25 0 8 6 -26 26 
-22 13 27 -25 -11 -28 13 22 -20 -28 -2 29 20 21 -10 26 4 1 18 25 
16 20 -5 29 9 7 23 -16 5 8 26 5 9 25 -9 -1 27 -7 14 2 
3 3 -6 21 18 23 3 -28 -24 13 13 -5 -19 -19 -8 -6 -10 8 20 1 
12 22 19 -14 -1 -21 19 22 19 29 4 17 4 26 21 12 29 -21 -23 28 
-12 3 4 22 11 4 -14 26 29 12 -25 8 15 12 13 -6 3 18 -23 11 
19 10 -13 22 14 8 11 21 13 29 15 -10 17 22 16 15 -7 26 24 -19 
26 3 -9 1 -16 21 13 -27 29 25 17 15 10 23 8 19 21 28 4 28 
-26 -17 7 2 -4 20 18 14 10 3 11 -27 9 23 17 7 18 6 25 20 
20 25 6 18 7 17 23 9 -27 11 3 10 14 18 20 -4 2 7 -17 -26 
28 4 28 21 19 8 23 10 15 17 25 29 -27 13 21 -16 1 -9 3 26 
-19 24 26 -7 15 16 22 17 -10 15 29 13 21 11 8 14 22 -13 10 19 
11 -23 18 3 -6 13 12 15 8 -25 12 29 26 -14 4 11 22 4 3 -12 
28 -23 -21 29 12 21 26 4 17 4 29 19 22 19 -21 -1 -14 19 22 12 
1 20 8 -10 -6 -8 -19 -19 -5 13 13 -24 -28 3 23 18 21 -6 3 3 
2 14 -7 27 -1 -9 25 9 5 26 8 5 -16 23 7 9 29 -5 20 16 
25 18 1 4 26 -10 21 20 29 -2 -28 -20 22 13 -28 -11 -25 27 13 -22 
26 -26 6 8 0 25 27 4 7 27 23 24 22 12 -2 1 17 19 -7 21 
-17 9 3 26 24 16 19 4 27 20 -13 23 2 13 10 11 -28 10 24 6 
41
2
12 18
13 12
7 1
6 7
10
10 12 11
14 1 12
1 10 16
6 2 9
12 10 13
9 7 11
5 18 12
18 9 16
13 17 9
7 9 13
38
17 5
4 17
1 5
0 16
3 7
15 7
12 19
14 11
2 10
17 10
5 12
8 15
14 19
16 15
12 5
3 12
10 8
9 12
16 5
2 14
15 2
18 14
19 3
16 12
4 12
7 0
5 8
17 9
2 9
14 7
11 4
5 0
3 4
7 14
16 7
9 11
10 7
3 14
