20 20
1 -6 1 1 7 7 -7 6 1 -3 -2 -7 1 4 -4 3 -1 5 5 7 
3 1 5 7 4 6 5 5 2 3 2 6 1 5 -5 6 1 3 -2 2 
-3 6 7 7 0 2 -7 2 7 5 6 2 4 4 6 -7 3 4 3 7 
1 -4 3 4 6 1 7 3 6 2 0 -1 5 7 4 5 6 7 3 3 
1 7 -5 1 -5 0 2 4 2 2 6 0 4 -7 -5 1 3 3 3 1 
3 1 4 -3 -5 -7 4 3 5 3 -1 4 -1 6 -3 5 -3 -4 2 4 
2 7 0 4 6 6 7 6 5 4 5 1 5 6 -7 5 -5 7 6 3 
-1 2 -3 -2 -2 5 2 5 7 5 3 6 1 6 5 7 3 7 -5 -5 
7 7 4 5 2 -6 0 3 7 1 -2 -3 -4 -4 4 4 2 3 3 -4 
1 -7 5 5 6 3 7 7 -7 2 -7 6 1 4 1 2 6 2 2 0 
0 2 2 6 2 1 4 1 6 -7 2 -7 7 7 3 6 5 5 -7 1 
-4 3 3 2 4 4 -4 -4 -3 -2 1 7 3 0 -6 2 5 4 7 7 
-5 -5 7 3 7 5 6 1 6 3 5 7 5 2 5 -2 -2 -3 2 -1 
3 6 7 -5 5 -7 6 5 1 5 4 5 6 7 6 6 4 0 7 2 
4 2 -4 -3 5 -3 6 -1 4 -1 3 5 3 4 -7 -5 -3 4 1 3 
1 3 3 3 1 -5 -7 4 0 6 2 2 4 2 0 -5 1 -5 7 1 
3 3 7 6 5 4 7 5 -1 0 2 6 3 7 1 6 4 3 -4 1 
7 3 4 3 -7 6 4 4 2 6 5 7 2 -7 2 0 7 7 6 -3 
2 -2 3 1 6 -5 5 1 6 2 3 2 5 5 6 4 7 5 1 3 
7 5 5 -1 3 -4 4 1 -7 -2 -3 1 6 -7 7 7 1 1 -6 1 
58
7
5 1
18 19
4 5
19 12
4 18
0 6
18 9
14 18
1 0
15 14
0 7
15 1
19 13
1 10
16
5 6 12
9 14 9
12 3 11
6 10 9
9 19 15
16 2 9
4 0 9
18 11 8
14 13 12
10 5 9
7 16 11
13 9 9
10 0 15
3 17 9
15 19 9
1 8 8
40
12 15
0 3
1 14
16 15
15 17
15 8
7 19
14 17
16 6
10 13
10 7
1 11
10 3
8 2
4 12
8 7
7 15
12 7
17 4
9 15
7 4
19 16
18 5
3 4
4 2
4 11
12 0
5 2
3 13
9 6
9 12
18 8
9 16
11 17
15 7
11 12
12 4
7 12
2 15
10 4
