20 20
-2 7 2 -9 7 9 -5 -9 10 5 3 -2 6 -9 11 5 -2 3 3 2 
5 4 3 10 -8 5 -2 -12 -2 8 8 -8 6 3 13 5 6 -4 11 7 
-9 8 1 13 12 -6 -2 12 -9 2 -8 6 13 0 4 10 9 1 12 1 
-9 6 12 1 6 9 8 -10 4 7 -1 4 7 -2 7 1 -12 8 1 6 
-11 7 5 4 9 13 2 11 3 7 3 2 -8 -8 -13 -7 12 7 5 9 
1 -11 5 -12 -13 8 5 10 -10 13 3 0 -4 4 -3 4 -6 -7 4 9 
6 11 1 11 12 12 9 4 3 5 2 -9 7 -11 -4 -3 1 -10 7 13 
13 11 -8 5 8 2 -2 6 7 11 11 9 8 3 13 13 0 12 1 2 
5 6 5 3 6 -10 5 5 -9 -3 6 5 -3 12 4 6 -9 -11 10 6 
5 9 3 9 13 12 3 2 5 -5 12 8 3 -8 -11 -11 4 -10 -4 2 
2 -4 -10 4 -11 -11 -8 3 8 12 -5 5 2 3 12 13 9 3 9 5 
6 10 -11 -9 6 4 12 -3 5 6 -3 -9 5 5 -10 6 3 5 6 5 
2 1 12 0 13 13 3 8 9 11 11 7 6 -2 2 8 5 -8 11 13 
13 7 -10 1 -3 -4 -11 7 -9 2 5 3 4 9 12 12 11 1 11 6 
9 4 -7 -6 4 -3 4 -4 0 3 13 -10 10 5 8 -13 -12 5 -11 1 
9 5 7 12 -7 -13 -8 -8 2 3 7 3 11 2 13 9 4 5 7 -11 
6 1 8 -12 1 7 -2 7 4 -1 7 4 -10 8 9 6 1 12 6 -9 
1 12 1 9 10 4 0 13 6 -8 2 -9 12 -2 -6 12 13 1 8 -9 
7 11 -4 6 5 13 3 6 -8 8 8 -2 -12 -2 5 -8 10 3 4 5 
2 3 3 -2 5 11 -9 6 -2 3 5 10 -9 -5 9 7 -9 2 7 -2 
55
4
8 0
14 6
1 6
5 8
11 19
5 13
18 13
14 11
10
14 15 12
4 0 9
3 1 15
5 17 16
17 13 15
5 4 12
15 19 9
16 18 15
14 2 16
2 6 15
26
4 17
10 2
11 1
15 1
16 17
7 19
4 13
17 16
7 11
11 0
15 8
10 18
1 15
15 2
9 17
8 18
4 18
3 2
12 0
15 6
2 3
12 8
8 19
4 11
9 1
18 4
