20 20
24 16 8 18 2 -15 22 22 22 21 21 -19 -6 10 1 7 11 2 21 5 
10 14 7 16 15 23 18 24 7 2 9 16 3 16 6 -23 0 12 -23 19 
17 11 14 7 19 -25 -11 -7 -4 17 -21 15 19 -24 -9 -8 5 -6 11 -22 
9 7 6 23 -7 24 18 9 18 3 4 15 8 -1 22 3 -24 15 -3 19 
11 5 -15 4 7 13 -13 25 20 -16 7 -18 22 13 24 11 2 1 21 4 
19 20 -17 13 19 -13 -24 5 -9 23 -8 3 -21 8 25 8 19 24 5 0 
21 16 25 24 4 9 21 -1 23 3 13 8 21 -18 8 23 -17 18 15 -18 
-15 2 -12 14 19 -14 24 -6 14 7 11 5 12 -16 25 -15 19 10 9 9 
-23 0 14 -12 18 20 -5 15 22 -21 6 -23 5 23 -22 24 -18 18 13 16 
22 -5 9 -23 19 20 16 12 18 -25 23 8 -20 -22 19 5 9 -22 6 -17 
-17 6 -22 9 5 19 -22 -20 8 23 -25 18 12 16 20 19 -23 9 -5 22 
16 13 18 -18 24 -22 23 5 -23 6 -21 22 15 -5 20 18 -12 14 0 -23 
9 9 10 19 -15 25 -16 12 5 11 7 14 -6 24 -14 19 14 -12 2 -15 
-18 15 18 -17 23 8 -18 21 8 13 3 23 -1 21 9 4 24 25 16 21 
0 5 24 19 8 25 8 -21 3 -8 23 -9 5 -24 -13 19 13 -17 20 19 
4 21 1 2 11 24 13 22 -18 7 -16 20 25 -13 13 7 4 -15 5 11 
19 -3 15 -24 3 22 -1 8 15 4 3 18 9 18 24 -7 23 6 7 9 
-22 11 -6 5 -8 -9 -24 19 15 -21 17 -4 -7 -11 -25 19 7 14 11 17 
19 -23 12 0 -23 6 16 3 16 9 2 7 24 18 23 15 16 7 14 10 
5 21 2 11 7 1 10 -6 -19 21 21 22 22 22 -15 2 18 8 16 24 
47
6
5 19
2 1
16 3
14 6
3 8
15 0
14 0
17 18
3 16
5 13
16 11
4 19
20
14 16 10
16 14 9
6 13 9
8 17 10
9 13 12
0 4 11
13 16 10
7 1 13
2 8 11
14 7 12
5 3 10
3 5 9
13 6 9
11 2 10
10 6 12
19 15 11
6 3 10
12 18 13
17 11 11
5 12 12
32
11 12
7 11
2 13
5 8
19 4
7 10
7 17
2 17
17 3
3 1
18 11
2 3
6 9
10 4
6 1
3 4
8 7
12 8
17 6
14 11
0 15
12 9
12 2
17 2
2 16
16 18
1 8
17 16
13 10
9 15
13 18
16 15
