20 20
2 1 0 6 -1 1 2 2 3 1 1 -4 1 2 2 6 4 -5 5 4 
1 0 5 6 4 -3 3 6 4 3 -3 1 4 3 2 6 1 1 5 -3 
4 4 1 1 6 5 6 5 5 -4 -2 4 4 5 6 1 3 -1 -1 0 
5 4 5 -4 5 4 3 -6 2 4 1 -5 6 0 -4 4 5 4 -6 5 
2 -1 -2 6 -6 0 2 1 5 3 6 6 1 4 0 2 5 1 3 -6 
2 1 5 5 -3 6 -2 -1 4 0 5 4 5 5 3 5 6 6 2 4 
1 0 -3 4 1 5 0 4 -4 5 -6 5 4 -1 0 5 1 2 3 6 
1 4 3 -2 -5 6 2 6 -2 1 -1 5 3 1 3 1 -1 4 6 1 
-3 -1 -1 2 1 5 2 6 4 1 -2 -1 -1 1 -5 2 -6 -6 0 3 
0 0 -1 4 -1 -3 2 5 6 -1 1 -6 3 4 5 -3 5 4 -6 0 
0 -6 4 5 -3 5 4 3 -6 1 -1 6 5 2 -3 -1 4 -1 0 0 
3 0 -6 -6 2 -5 1 -1 -1 -2 1 4 6 2 5 1 2 -1 -1 -3 
1 6 4 -1 1 3 1 3 5 -1 1 -2 6 2 6 -5 -2 3 4 1 
6 3 2 1 5 0 -1 4 5 -6 5 -4 4 0 5 1 4 -3 0 1 
4 2 6 6 5 3 5 5 4 5 0 4 -1 -2 6 -3 5 5 1 2 
-6 3 1 5 2 0 4 1 6 6 3 5 1 2 0 -6 6 -2 -1 2 
5 -6 4 5 4 -4 0 6 -5 1 4 2 -6 3 4 5 -4 5 4 5 
0 -1 -1 3 1 6 5 4 4 -2 -4 5 5 6 5 6 1 1 4 4 
-3 5 1 1 6 2 3 4 1 -3 3 4 6 3 -3 4 6 5 0 1 
4 5 -5 4 6 2 2 1 -4 1 1 3 2 2 1 -1 6 0 1 2 
30
5
1 15
19 7
0 3
10 11
4 12
18 4
0 12
19 16
9 8
15 7
6
3 17 13
6 1 8
19 18 14
16 2 13
13 18 8
0 1 14
34
7 13
9 15
18 5
10 2
5 15
9 3
0 7
17 8
19 3
10 13
3 13
16 4
4 2
8 6
16 8
11 18
6 3
12 6
10 4
1 14
9 17
14 4
10 16
19 12
2 11
0 16
9 6
16 6
3 15
15 17
11 13
3 11
8 1
13 16
