20 20
13 4 2 3 20 3 6 20 -17 0 20 -1 14 -3 7 12 12 11 22 4 
-12 -15 5 -2 -1 12 5 6 9 12 14 13 20 11 11 15 -1 9 19 4 
-2 -13 13 10 8 4 0 -21 0 20 12 -10 17 -11 17 14 22 17 15 7 
-15 0 -4 15 -22 14 18 10 10 12 8 19 -5 15 22 8 12 -16 -9 3 
8 13 5 21 -20 15 11 2 2 13 -20 3 20 -18 -6 6 17 -22 1 15 
-21 6 -15 13 9 6 -22 3 -15 9 4 17 -22 21 16 18 11 20 9 1 
11 -5 16 20 18 16 10 16 -17 20 15 15 -16 -4 15 -2 11 17 17 -10 
1 19 10 17 15 13 10 12 5 13 14 21 5 -12 -15 16 21 3 0 12 
-18 17 21 10 21 -13 -10 11 8 18 17 11 -22 7 16 20 -14 22 10 15 
-18 -16 8 -22 -21 -8 15 14 -20 1 14 15 17 2 13 14 -9 1 -12 -19 
-19 -12 1 -9 14 13 2 17 15 14 1 -20 14 15 -8 -21 -22 8 -16 -18 
15 10 22 -14 20 16 7 -22 11 17 18 8 11 -10 -13 21 10 21 17 -18 
12 0 3 21 16 -15 -12 5 21 14 13 5 12 10 13 15 17 10 19 1 
-10 17 17 11 -2 15 -4 -16 15 15 20 -17 16 10 16 18 20 16 -5 11 
1 9 20 11 18 16 21 -22 17 4 9 -15 3 -22 6 9 13 -15 6 -21 
15 1 -22 17 6 -6 -18 20 3 -20 13 2 2 11 15 -20 21 5 13 8 
3 -9 -16 12 8 22 15 -5 19 8 12 10 10 18 14 -22 15 -4 0 -15 
7 15 17 22 14 17 -11 17 -10 12 20 0 -21 0 4 8 10 13 -13 -2 
4 19 9 -1 15 11 11 20 13 14 12 9 6 5 12 -1 -2 5 -15 -12 
4 22 11 12 12 7 -3 14 -1 20 0 -17 20 6 3 20 3 2 4 13 
54
5
18 15
0 7
19 13
16 8
19 17
1 4
19 12
0 6
3 11
0 2
6
17 12 8
8 7 12
4 19 9
2 7 8
11 12 12
15 0 9
30
1 11
10 4
0 12
0 18
7 11
0 14
10 12
10 3
7 4
16 7
18 13
8 0
17 16
16 10
0 19
18 8
9 15
19 7
19 1
12 8
19 5
9 7
9 16
12 15
3 12
1 6
11 19
2 3
3 9
19 0
