20 20
5 3 11 -7 12 -10 -5 8 0 8 7 8 5 12 10 11 -11 8 5 3 
6 10 2 0 9 -5 3 3 6 10 2 1 11 7 -6 5 6 4 -10 10 
-11 -1 3 0 -8 4 12 -1 1 5 -5 10 12 -4 7 7 -12 6 6 -12 
2 4 2 -11 3 -4 -8 5 8 5 10 -10 -9 7 -8 -12 0 3 12 2 
-6 -12 10 6 7 1 1 8 4 -5 11 -8 10 -8 -4 6 5 8 -11 11 
11 11 -2 2 4 11 -4 12 0 12 -6 6 2 -4 6 -9 5 -2 9 0 
2 -3 3 8 3 1 9 7 8 1 6 11 12 3 8 4 3 -12 10 9 
3 10 1 0 7 10 5 12 -5 -3 12 3 10 9 1 9 11 12 1 11 
11 5 8 -5 12 2 -1 -3 11 6 7 -8 6 0 2 11 -10 12 11 7 
5 7 4 -1 12 8 2 4 2 4 10 -1 7 4 9 12 4 -6 10 0 
0 10 -6 4 12 9 4 7 -1 10 4 2 4 2 8 12 -1 4 7 5 
7 11 12 -10 11 2 0 6 -8 7 6 11 -3 -1 2 12 -5 8 5 11 
11 1 12 11 9 1 9 10 3 12 -3 -5 12 5 10 7 0 1 10 3 
9 10 -12 3 4 8 3 12 11 6 1 8 7 9 1 3 8 3 -3 2 
0 9 -2 5 -9 6 -4 2 6 -6 12 0 12 -4 11 4 2 -2 11 11 
11 -11 8 5 6 -4 -8 10 -8 11 -5 4 8 1 1 7 6 10 -12 -6 
2 12 3 0 -12 -8 7 -9 -10 10 5 8 5 -8 -4 3 -11 2 4 2 
-12 6 6 -12 7 7 -4 12 10 -5 5 1 -1 12 4 -8 0 3 -1 -11 
10 -10 4 6 5 -6 7 11 1 2 10 6 3 3 -5 9 0 2 10 6 
3 5 8 -11 11 10 12 5 8 7 8 0 8 -5 -10 12 -7 11 3 5 
49
2
11 13
0 15
8 6
19 4
14
11 19 10
17 2 11
19 15 11
13 2 12
1 5 8
19 10 8
17 4 8
8 0 10
2 17 11
0 4 11
6 17 12
18 14 8
0 9 8
2 15 8
40
16 1
12 3
7 3
18 13
4 15
6 18
14 18
9 19
16 18
12 19
11 0
8 11
4 5
14 10
6 4
15 13
17 9
12 11
0 12
1 7
3 18
7 16
12 16
1 6
15 4
13 1
5 1
10 0
3 1
7 0
8 19
11 8
15 14
5 9
13 15
4 6
2 10
7 8
19 7
18 12
