20 20
5 17 12 8 -6 17 16 4 11 2 18 12 6 6 15 -15 12 19 19 1 
3 0 17 -13 2 9 3 18 17 -3 16 15 2 7 -5 3 -12 12 5 4 
12 19 5 19 -19 -7 9 18 16 5 9 -9 9 17 -2 -15 18 -15 7 14 
18 4 19 -2 2 -1 16 15 19 6 13 19 14 -5 0 -5 15 19 17 -1 
3 1 1 10 5 13 19 6 6 3 12 13 -9 7 3 2 -6 6 8 12 
6 12 1 5 14 15 2 -7 12 10 5 16 -4 5 10 1 -17 1 18 7 
3 -5 17 14 -9 11 -17 -12 -8 9 9 -3 -12 11 14 9 12 13 -11 3 
-3 18 -2 -12 -3 10 19 -5 2 6 8 -13 5 13 2 17 12 5 6 19 
3 19 -10 -11 15 0 7 16 4 -3 4 6 9 18 10 14 19 -4 2 13 
6 -8 16 14 8 -12 14 0 -1 -12 11 -13 3 9 15 5 -7 11 -14 15 
15 -14 11 -7 5 15 9 3 -13 11 -12 -1 0 14 -12 8 14 16 -8 6 
13 2 -4 19 14 10 18 9 6 4 -3 4 16 7 0 15 -11 -10 19 3 
19 6 5 12 17 2 13 5 -13 8 6 2 -5 19 10 -3 -12 -2 18 -3 
3 -11 13 12 9 14 11 -12 -3 9 9 -8 -12 -17 11 -9 14 17 -5 3 
7 18 1 -17 1 10 5 -4 16 5 10 12 -7 2 15 14 5 1 12 6 
12 8 6 -6 2 3 7 -9 13 12 3 6 6 19 13 5 10 1 1 3 
-1 17 19 15 -5 0 -5 14 19 13 6 19 15 16 -1 2 -2 19 4 18 
14 7 -15 18 -15 -2 17 9 -9 9 5 16 18 9 -7 -19 19 5 19 12 
4 5 12 -12 3 -5 7 2 15 16 -3 17 18 3 9 2 -13 17 0 3 
1 19 19 12 -15 15 6 6 12 18 2 11 4 16 17 -6 8 12 17 5 
40
5
10 15
3 6
19 11
14 8
5 0
9 4
16 13
0 8
5 11
14 19
16
13 11 13
14 0 8
11 1 11
0 12 11
18 2 9
19 3 11
15 9 11
13 3 16
6 8 13
5 19 8
8 18 11
19 7 11
1 17 9
0 16 11
4 10 11
6 16 16
26
4 7
14 7
17 0
10 2
16 6
5 10
8 3
5 6
2 17
1 11
7 15
10 5
5 8
15 12
5 12
2 19
9 17
3 13
14 9
11 16
14 13
17 2
18 8
12 4
9 14
14 11
