20 20
10 -21 0 23 8 1 -24 10 -15 6 16 19 -8 7 -5 -22 23 24 20 6 
3 -11 4 -20 -4 -13 4 15 1 16 -6 -19 14 15 5 10 8 1 8 7 
14 12 25 -20 13 -1 -14 6 -19 -12 -19 -16 22 0 -12 1 7 8 -15 -11 
2 22 24 1 22 20 -5 -3 24 19 18 3 -25 -5 15 6 9 1 -18 -17 
-13 15 22 14 11 -16 18 6 19 1 -20 16 18 -8 5 22 4 11 8 2 
23 3 -19 -13 3 11 -2 4 12 3 -12 21 -5 24 23 17 21 1 13 23 
25 -4 22 3 1 -17 17 14 25 19 -24 23 23 18 -25 -10 -1 13 6 6 
3 25 14 -10 25 -4 5 9 0 -5 -6 -22 -25 9 -22 15 -13 23 -14 22 
-10 13 25 -1 -3 -6 -6 2 10 -13 19 -4 1 8 25 4 7 2 18 1 
-20 0 3 18 19 8 -24 17 7 -2 14 -16 -6 13 5 7 8 6 17 -10 
-10 17 6 8 7 5 13 -6 -16 14 -2 7 17 -24 8 19 18 3 0 -20 
1 18 2 7 4 25 8 1 -4 19 -13 10 2 -6 -6 -3 -1 25 13 -10 
22 -14 23 -13 15 -22 9 -25 -22 -6 -5 0 9 5 -4 25 -10 14 25 3 
6 6 13 -1 -10 -25 18 23 23 -24 19 25 14 17 -17 1 3 22 -4 25 
23 13 1 21 17 23 24 -5 21 -12 3 12 4 -2 11 3 -13 -19 3 23 
2 8 11 4 22 5 -8 18 16 -20 1 19 6 18 -16 11 14 22 15 -13 
-17 -18 1 9 6 15 -5 -25 3 18 19 24 -3 -5 20 22 1 24 22 2 
-11 -15 8 7 1 -12 0 22 -16 -19 -12 -19 6 -14 -1 13 -20 25 12 14 
7 8 1 8 10 5 15 14 -19 -6 16 1 15 4 -13 -4 -20 4 -11 3 
6 20 24 23 -22 -5 7 -8 19 16 6 -15 10 -24 1 8 23 0 -21 10 
51
3
18 15
16 11
14 19
1 4
3 8
5 0
18
9 4 13
12 1 13
9 3 15
17 12 12
16 17 10
16 18 16
1 18 14
13 8 10
16 8 12
10 15 13
7 18 13
10 16 15
2 7 12
3 2 10
3 1 16
18 1 14
6 11 10
3 11 12
34
19 18
18 3
17 3
19 2
7 10
16 14
18 7
7 6
14 11
13 14
16 4
7 13
6 3
19 15
0 8
14 15
13 9
0 1
1 16
2 16
0 17
12 9
3 5
1 12
12 13
5 8
6 5
3 15
12 6
13 16
0 4
19 11
5 4
6 10
