20 20
13 19 16 15 -13 2 -6 -6 3 14 -7 -5 1 4 9 13 10 -11 5 -11 
19 -17 10 11 5 -9 17 4 19 15 14 10 21 14 20 16 9 4 19 2 
7 14 -15 17 6 2 -7 -8 8 9 10 13 11 16 16 4 14 17 21 -6 
14 3 16 15 -2 -10 14 -20 -5 6 13 4 -7 13 20 14 19 20 5 7 
14 12 2 -10 21 0 13 17 15 9 19 17 7 -17 -21 10 19 1 6 -18 
8 12 18 20 3 6 21 -2 1 20 14 -3 20 8 15 5 18 7 15 8 
15 2 20 -14 1 16 16 6 7 1 15 4 -12 -16 10 2 13 -19 7 20 
21 12 21 -9 -14 -1 5 18 -5 -19 9 8 -6 3 17 4 5 4 1 17 
3 2 1 5 9 8 9 14 13 1 8 -17 -14 21 18 17 12 11 -16 -6 
-14 6 18 20 -5 10 -14 -9 18 2 10 -1 -20 2 11 -14 1 9 15 19 
19 15 9 1 -14 11 2 -20 -1 10 2 18 -9 -14 10 -5 20 18 6 -14 
-6 -16 11 12 17 18 21 -14 -17 8 1 13 14 9 8 9 5 1 2 3 
17 1 4 5 4 17 3 -6 8 9 -19 -5 18 5 -1 -14 -9 21 12 21 
20 7 -19 13 2 10 -16 -12 4 15 1 7 6 16 16 1 -14 20 2 15 
8 15 7 18 5 15 8 20 -3 14 20 1 -2 21 6 3 20 18 12 8 
-18 6 1 19 10 -21 -17 7 17 19 9 15 17 13 0 21 -10 2 12 14 
7 5 20 19 14 20 13 -7 4 13 6 -5 -20 14 -10 -2 15 16 3 14 
-6 21 17 14 4 16 16 11 13 10 9 8 -8 -7 2 6 17 -15 14 7 
2 19 4 9 16 20 14 21 10 14 15 19 4 17 -9 5 11 10 -17 19 
-11 5 -11 10 13 9 4 1 -5 -7 14 3 -6 -6 2 -13 15 16 19 13 
42
8
1 0
19 6
7 1
9 14
19 17
14 16
9 0
14 18
18 19
0 13
12 18
10 5
0 2
5 3
10 19
5 1
20
4 3 16
12 15 8
16 18 16
0 17 16
19 16 11
11 19 8
18 2 9
6 11 10
11 8 14
4 18 15
15 16 16
7 4 8
3 1 16
19 2 16
0 3 11
8 0 8
1 17 9
13 8 10
8 11 14
15 1 15
30
8 2
16 7
18 0
17 9
9 10
8 17
14 9
13 2
16 11
8 19
11 7
3 14
18 13
18 14
10 16
11 17
3 12
1 19
2 10
10 9
11 2
5 10
6 17
3 8
11 0
8 12
16 5
1 6
1 5
9 3
