20 20
18 4 0 7 17 9 2 17 7 10 14 16 7 -17 -9 16 8 -9 11 5 
12 14 -10 -3 8 1 1 17 -7 -11 -1 -15 6 9 17 1 9 15 -16 -3 
-6 15 -10 0 10 2 0 18 7 -1 14 7 4 13 14 -6 9 9 14 7 
10 11 4 -9 8 12 -13 -2 17 5 0 11 -2 17 3 5 6 -11 5 10 
14 17 13 10 5 8 11 9 -2 2 10 18 0 2 7 10 -15 2 -2 17 
-17 1 4 -10 8 10 11 6 -10 12 11 -8 12 0 -16 1 16 14 17 6 
10 13 -14 6 14 -16 14 18 17 11 -9 11 1 -18 16 -5 2 9 -4 -4 
-10 7 -7 8 9 18 15 15 -9 11 11 6 7 -11 -16 6 -2 7 -2 -1 
1 -12 12 3 7 12 0 5 -16 4 -7 3 2 17 -3 13 -7 13 4 0 
2 -4 18 8 2 2 18 12 -10 -8 16 -7 13 -7 18 -14 12 14 17 -5 
-5 17 14 12 -14 18 -7 13 -7 16 -8 -10 12 18 2 2 8 18 -4 2 
0 4 13 -7 13 -3 17 2 3 -7 4 -16 5 0 12 7 3 12 -12 1 
-1 -2 7 -2 6 -16 -11 7 6 11 11 -9 15 15 18 9 8 -7 7 -10 
-4 -4 9 2 -5 16 -18 1 11 -9 11 17 18 14 -16 14 6 -14 13 10 
6 17 14 16 1 -16 0 12 -8 11 12 -10 6 11 10 8 -10 4 1 -17 
17 -2 2 -15 10 7 2 0 18 10 2 -2 9 11 8 5 10 13 17 14 
10 5 -11 6 5 3 17 -2 11 0 5 17 -2 -13 12 8 -9 4 11 10 
7 14 9 9 -6 14 13 4 7 14 -1 7 18 0 2 10 0 -10 15 -6 
-3 -16 15 9 1 17 9 6 -15 -1 -11 -7 17 1 1 8 -3 -10 14 12 
5 11 -9 8 16 -9 -17 7 16 14 10 7 17 2 9 17 7 0 4 18 
49
6
9 18
5 4
3 9
0 13
16 14
19 8
10 1
14 15
16 10
19 6
3 5
0 11
12
6 11 15
10 14 15
15 12 12
6 18 8
19 10 15
19 13 10
13 8 15
9 5 15
4 7 12
13 1 8
0 9 15
0 6 10
28
3 4
18 14
2 11
11 7
3 11
4 3
11 13
18 16
5 8
7 14
10 9
6 13
6 19
6 15
16 15
1 5
17 8
8 12
16 8
15 16
8 6
1 3
14 11
12 5
9 10
13 6
13 0
13 4
