20 20
12 -16 6 10 12 18 -14 8 19 4 11 1 -15 7 2 -21 -7 5 16 -18 
14 15 13 -15 1 -3 5 4 11 -17 18 8 2 -10 8 -11 -7 -9 -1 8 
4 14 9 20 -15 19 12 -5 3 20 3 1 -15 19 -9 2 7 8 18 -19 
3 5 1 -20 20 12 -5 21 -1 16 -1 9 16 1 3 1 9 20 6 -2 
19 0 11 -10 2 1 3 3 1 -1 6 3 13 11 -7 20 4 12 20 11 
1 15 20 3 16 -1 -9 14 6 3 17 -16 8 20 2 -5 2 0 10 -15 
17 12 1 7 1 6 16 13 11 -15 -21 12 16 15 -11 21 7 13 19 19 
12 2 -10 21 7 18 9 4 -14 14 17 -6 2 12 13 16 13 -5 -12 19 
19 0 2 11 1 -3 -5 21 10 13 -17 -2 -4 7 9 -9 17 9 19 12 
6 17 1 13 -3 -5 4 18 21 16 6 14 2 20 -3 1 14 20 -20 7 
7 -20 20 14 1 -3 20 2 14 6 16 21 18 4 -5 -3 13 1 17 6 
12 19 9 17 -9 9 7 -4 -2 -17 13 10 21 -5 -3 1 11 2 0 19 
19 -12 -5 13 16 13 12 2 -6 17 14 -14 4 9 18 7 21 -10 2 12 
19 19 13 7 21 -11 15 16 12 -21 -15 11 13 16 6 1 7 1 12 17 
-15 10 0 2 -5 2 20 8 -16 17 3 6 14 -9 -1 16 3 20 15 1 
11 20 12 4 20 -7 11 13 3 6 -1 1 3 3 1 2 -10 11 0 19 
-2 6 20 9 1 3 1 16 9 -1 16 -1 21 -5 12 20 -20 1 5 3 
-19 18 8 7 2 -9 19 -15 1 3 20 3 -5 12 19 -15 20 9 14 4 
8 -1 -9 -7 -11 8 -10 2 8 18 -17 11 4 5 -3 1 -15 13 15 14 
-18 16 5 -7 -21 2 7 -15 1 11 4 19 8 -14 18 12 10 6 -16 12 
60
7
2 19
14 17
0 2
3 17
14 1
16 10
2 15
17 0
5 2
19 17
16 2
5 18
3 9
17 4
16
2 8 14
1 11 11
4 13 9
18 14 11
7 2 14
13 8 12
3 5 15
16 0 16
17 11 14
18 8 11
15 6 9
1 5 11
12 17 14
6 11 12
16 14 15
3 19 16
36
8 16
13 12
10 12
0 1
11 15
2 10
5 16
2 5
16 4
5 9
9 12
6 1
13 4
3 10
11 1
14 0
8 17
13 17
11 3
6 7
9 7
19 18
8 4
17 9
14 3
17 14
3 15
14 10
10 7
13 18
6 15
16 9
8 18
5 19
11 2
6 2
