20 20
-10 16 22 3 -11 17 -27 1 24 19 -17 20 9 5 24 13 11 2 -6 25 
-21 3 3 -19 19 -21 -12 8 -14 12 16 22 27 9 16 25 14 -9 2 14 
2 14 16 25 2 1 27 23 8 27 6 -17 15 -27 -20 11 13 14 25 24 
19 8 8 25 -26 -26 -11 15 -25 23 24 25 21 24 24 18 -18 0 -1 14 
26 18 17 -25 5 -2 22 -19 10 -4 22 3 12 3 16 9 15 7 17 2 
25 21 10 21 5 15 27 -9 0 -15 14 13 -5 3 17 1 15 7 23 2 
-14 -24 -3 12 5 24 21 24 -26 4 -16 27 27 -22 12 -22 -5 18 24 2 
10 11 27 20 -7 17 24 4 1 -15 7 11 9 19 10 -21 -2 -8 25 22 
7 21 -18 -16 -2 11 8 11 -18 26 19 3 -13 6 -24 11 19 24 10 7 
7 5 15 23 25 -5 21 22 13 21 23 16 -8 22 3 16 24 8 -2 24 
24 -2 8 24 16 3 22 -8 16 23 21 13 22 21 -5 25 23 15 5 7 
7 10 24 19 11 -24 6 -13 3 19 26 -18 11 8 11 -2 -16 -18 21 7 
22 25 -8 -2 -21 10 19 9 11 7 -15 1 4 24 17 -7 20 27 11 10 
2 24 18 -5 -22 12 -22 27 27 -16 4 -26 24 21 24 5 12 -3 -24 -14 
2 23 7 15 1 17 3 -5 13 14 -15 0 -9 27 15 5 21 10 21 25 
2 17 7 15 9 16 3 12 3 22 -4 10 -19 22 -2 5 -25 17 18 26 
14 -1 0 -18 18 24 24 21 25 24 23 -25 15 -11 -26 -26 25 8 8 19 
24 25 14 13 11 -20 -27 15 -17 6 27 8 23 27 1 2 25 16 14 2 
14 2 -9 14 25 16 9 27 22 16 12 -14 8 -12 -21 19 -19 3 3 -21 
25 -6 2 11 13 24 5 9 20 -17 19 24 1 -27 17 -11 3 22 16 -10 
55
4
13 15
13 17
11 0
18 3
6 4
6 2
8 19
1 16
16
0 19 16
0 9 13
19 8 11
15 9 11
9 12 11
10 1 15
18 4 16
15 16 9
19 0 16
19 10 13
0 11 11
4 10 11
10 7 11
9 18 15
1 15 16
4 3 9
26
16 1
7 4
3 11
18 6
7 1
19 14
2 11
12 19
3 4
1 10
7 2
0 15
16 6
3 18
12 15
16 8
1 13
12 18
0 5
17 8
7 0
16 15
18 9
12 17
19 4
3 13
