20 20
4 4 1 1 -1 1 7 2 1 4 5 -2 2 2 3 3 0 4 -4 -1 
-6 2 6 3 -3 4 7 0 6 4 5 4 1 0 -5 7 0 2 7 2 
3 7 0 2 -1 -7 3 2 -7 2 3 0 -6 7 6 -3 -6 2 3 4 
-3 2 3 -2 -1 6 5 5 -6 4 7 7 1 7 -4 -5 2 0 6 0 
6 1 4 3 5 -7 -2 -1 2 2 6 -5 5 2 0 4 -3 7 2 5 
4 4 -6 4 0 -3 3 5 4 3 5 3 3 1 1 6 6 3 2 3 
4 -7 2 -6 0 2 5 4 4 1 4 4 7 3 7 0 6 5 5 4 
7 3 6 -2 7 6 2 -2 -2 4 -7 7 1 7 2 7 5 7 0 -4 
6 6 1 6 7 -7 7 -5 -1 -4 1 5 4 2 -4 -1 4 -2 4 5 
7 -7 6 0 7 -6 4 6 4 1 7 -7 4 3 4 0 5 -2 -7 1 
1 -7 -2 5 0 4 3 4 -7 7 1 4 6 4 -6 7 0 6 -7 7 
5 4 -2 4 -1 -4 2 4 5 1 -4 -1 -5 7 -7 7 6 1 6 6 
-4 0 7 5 7 2 7 1 7 -7 4 -2 -2 2 6 7 -2 6 3 7 
4 5 5 6 0 7 3 7 4 4 1 4 4 5 2 0 -6 2 -7 4 
3 2 3 6 6 1 1 3 3 5 3 4 5 3 -3 0 4 -6 4 4 
5 2 7 -3 4 0 2 5 -5 6 2 2 -1 -2 -7 5 3 4 1 6 
0 6 0 2 -5 -4 7 1 7 7 4 -6 5 5 6 -1 -2 3 2 -3 
4 3 2 -6 -3 6 7 -6 0 3 2 -7 2 3 -7 -1 2 0 7 3 
2 7 2 0 7 -5 0 1 4 5 4 6 0 7 4 -3 3 6 2 -6 
-1 -4 4 0 3 3 2 2 -2 5 4 1 2 7 1 -1 1 1 4 4 
40
5
2 10
2 9
17 15
13 7
4 18
17 9
17 10
2 4
6 12
15 1
18
15 3 8
10 16 12
10 2 15
8 4 8
14 7 8
18 16 9
18 15 11
0 19 13
12 1 9
4 16 8
9 3 12
9 17 15
11 15 8
5 12 8
1 3 9
1 4 11
19 0 13
7 18 9
26
0 15
4 0
6 16
2 0
17 12
9 8
11 10
6 1
19 16
11 1
3 6
3 9
19 17
19 4
15 19
13 3
17 19
2 7
10 11
8 9
13 18
0 3
8 18
16 13
16 10
0 2
