20 20
0 -1 7 4 0 1 6 -6 8 2 9 9 4 6 4 10 -8 7 4 9 
10 2 -4 10 -2 9 8 -7 2 8 -2 9 7 2 6 5 6 3 5 2 
1 8 1 -4 10 1 3 7 2 -7 6 3 2 1 5 -9 -2 1 -9 1 
6 4 1 10 7 9 0 8 9 8 3 8 6 1 7 -9 -1 -4 6 6 
-10 2 2 1 1 9 0 2 6 2 4 1 1 8 9 2 -4 1 -1 -9 
5 1 5 10 -10 -3 0 0 1 9 10 7 -6 0 0 -6 6 9 4 7 
1 4 6 3 1 0 7 5 -7 0 -2 7 3 3 4 2 6 5 0 -2 
2 6 5 -3 3 4 4 0 1 4 -2 -5 5 -2 7 8 -2 -8 4 10 
5 2 9 -5 6 -2 -8 -4 10 8 5 -3 7 5 5 0 6 2 5 1 
6 -10 -1 -8 -10 3 2 -1 -1 2 1 0 -9 8 8 4 8 3 8 2 
2 8 3 8 4 8 8 -9 0 1 2 -1 -1 2 3 -10 -8 -1 -10 6 
1 5 2 6 0 5 5 7 -3 5 8 10 -4 -8 -2 6 -5 9 2 5 
10 4 -8 -2 8 7 -2 5 -5 -2 4 1 0 4 4 3 -3 5 6 2 
-2 0 5 6 2 4 3 3 7 -2 0 -7 5 7 0 1 3 6 4 1 
7 4 9 6 -6 0 0 -6 7 10 9 1 0 0 -3 -10 10 5 1 5 
-9 -1 1 -4 2 9 8 1 1 4 2 6 2 0 9 1 1 2 2 -10 
6 6 -4 -1 -9 7 1 6 8 3 8 9 8 0 9 7 10 1 4 6 
1 -9 1 -2 -9 5 1 2 3 6 -7 2 7 3 1 10 -4 1 8 1 
2 5 3 6 5 6 2 7 9 -2 8 2 -7 8 9 -2 10 -4 2 10 
9 4 7 -8 10 4 6 4 9 9 2 8 -6 6 1 0 4 7 -1 0 
55
6
5 19
6 1
1 0
16 11
9 5
15 7
14 0
13 18
18 19
3 8
10 14
4 12
10
17 0 11
7 0 13
12 17 9
18 5 9
18 0 11
2 19 11
12 19 13
7 2 9
1 14 9
1 19 11
32
11 1
1 10
15 2
3 17
5 8
5 2
11 4
1 2
13 16
9 2
16 0
13 19
7 6
3 11
3 18
3 1
8 18
18 9
4 17
16 2
14 11
14 17
8 15
18 17
6 3
10 17
3 19
6 0
12 13
16 8
16 1
16 18
