20 20
-22 16 18 24 16 17 -7 22 5 -7 22 14 3 19 8 10 21 2 -13 21 
23 -26 3 5 -5 22 11 11 22 4 27 -1 13 5 -14 20 20 -15 12 2 
18 16 -23 4 14 -16 8 19 22 -22 15 9 23 2 19 15 -19 8 -15 17 
2 4 6 12 20 1 16 2 19 16 22 25 24 -21 21 20 12 10 -22 18 
23 -16 1 5 14 17 19 25 23 11 12 6 -2 24 8 9 27 12 -14 23 
14 -17 24 22 22 -10 15 23 21 6 3 12 17 9 -21 -27 -1 13 20 -24 
5 23 23 13 -25 11 19 22 -4 22 6 22 23 -18 6 16 21 22 27 -22 
27 -7 14 -27 23 14 18 8 25 14 17 6 2 9 0 -19 -9 -23 -7 4 
-8 12 20 7 -26 16 13 8 -1 11 7 9 4 2 16 -18 7 9 3 -25 
-16 25 1 -19 21 3 16 2 -25 6 19 6 -24 7 24 27 4 5 -7 -14 
-14 -7 5 4 27 24 7 -24 6 19 6 -25 2 16 3 21 -19 1 25 -16 
-25 3 9 7 -18 16 2 4 9 7 11 -1 8 13 16 -26 7 20 12 -8 
4 -7 -23 -9 -19 0 9 2 6 17 14 25 8 18 14 23 -27 14 -7 27 
-22 27 22 21 16 6 -18 23 22 6 22 -4 22 19 11 -25 13 23 23 5 
-24 20 13 -1 -27 -21 9 17 12 3 6 21 23 15 -10 22 22 24 -17 14 
23 -14 12 27 9 8 24 -2 6 12 11 23 25 19 17 14 5 1 -16 23 
18 -22 10 12 20 21 -21 24 25 22 16 19 2 16 1 20 12 6 4 2 
17 -15 8 -19 15 19 2 23 9 15 -22 22 19 8 -16 14 4 -23 16 18 
2 12 -15 20 20 -14 5 13 -1 27 4 22 11 11 22 -5 5 3 -26 23 
21 -13 2 21 10 8 19 3 14 22 -7 5 22 -7 17 16 24 18 16 -22 
53
6
6 12
13 11
12 1
18 3
15 0
6 15
13 7
6 8
7 18
1 16
4 19
13 4
16
15 7 13
7 16 11
1 3 11
14 4 14
12 6 13
11 16 16
8 17 9
12 11 13
4 12 13
12 3 11
18 16 11
5 15 14
7 13 13
8 3 16
11 2 9
7 8 13
30
6 3
12 16
3 15
11 1
8 1
2 3
18 8
5 12
6 0
10 0
15 3
3 6
11 13
15 4
5 7
13 16
7 3
16 4
8 18
11 18
17 16
1 11
14 7
13 19
9 19
4 16
16 13
8 6
4 15
14 12
