20 20
13 2 8 -1 13 7 23 -24 22 -17 8 12 9 1 2 9 0 23 15 4 
25 2 2 -18 -12 2 5 -12 2 6 21 -14 -20 10 7 12 20 8 12 8 
-22 -2 20 8 -23 15 16 16 13 -1 21 5 -20 17 17 -14 -1 12 7 8 
19 19 -15 -9 -15 6 16 -1 -2 6 21 6 2 -4 8 8 24 5 13 17 
9 10 19 4 -20 7 2 -14 13 -10 3 23 10 23 -21 14 18 13 17 -17 
-8 -22 15 11 19 8 7 -20 7 11 24 7 -23 18 -8 12 -22 4 1 5 
14 7 22 9 1 18 8 -21 12 -9 -23 13 7 -1 8 14 -25 22 18 24 
1 -17 23 4 24 -5 11 19 7 -8 22 -15 12 -15 23 13 10 15 18 22 
3 15 13 8 17 14 20 -16 21 17 12 9 18 19 18 -25 -6 4 -19 6 
3 1 8 18 7 14 7 7 7 7 14 -7 3 10 23 -9 -17 7 6 3 
3 6 7 -17 -9 23 10 3 -7 14 7 7 7 7 14 7 18 8 1 3 
6 -19 4 -6 -25 18 19 18 9 12 17 21 -16 20 14 17 8 13 15 3 
22 18 15 10 13 23 -15 12 -15 22 -8 7 19 11 -5 24 4 23 -17 1 
24 18 22 -25 14 8 -1 7 13 -23 -9 12 -21 8 18 1 9 22 7 14 
5 1 4 -22 12 -8 18 -23 7 24 11 7 -20 7 8 19 11 15 -22 -8 
-17 17 13 18 14 -21 23 10 23 3 -10 13 -14 2 7 -20 4 19 10 9 
17 13 5 24 8 8 -4 2 6 21 6 -2 -1 16 6 -15 -9 -15 19 19 
8 7 12 -1 -14 17 17 -20 5 21 -1 13 16 16 15 -23 8 20 -2 -22 
8 12 8 20 12 7 10 -20 -14 21 6 2 -12 5 2 -12 -18 2 2 25 
4 15 23 0 9 2 1 9 12 8 -17 22 -24 23 7 13 -1 8 2 13 
59
4
12 6
16 18
12 9
2 4
7 13
3 1
7 10
17 15
12
2 1 11
18 19 10
0 17 16
16 19 8
2 18 13
8 16 10
17 18 11
1 0 10
19 2 16
3 0 8
17 1 13
11 3 10
30
9 16
5 14
15 5
18 10
17 6
13 7
11 17
5 12
19 18
1 11
8 14
10 9
17 10
17 19
8 4
10 3
14 5
4 14
1 9
2 13
6 12
8 2
14 7
0 1
18 8
11 5
9 10
2 9
2 0
11 15
