20 20
-2 -1 2 2 0 1 3 3 -3 3 2 2 1 1 1 3 3 3 2 3 
3 2 2 1 2 0 2 3 3 0 0 1 3 2 2 0 -3 3 2 -1 
2 3 3 3 0 0 0 0 0 3 3 1 3 -1 0 1 -1 1 2 1 
-3 -1 -3 3 3 -3 2 3 2 1 -2 0 1 -3 2 1 3 2 0 2 
0 2 2 1 0 -2 1 1 1 1 1 2 3 -2 3 3 2 3 3 -2 
-2 3 -3 2 0 2 3 -2 1 -2 -1 1 3 3 3 0 -2 2 1 -2 
2 2 0 -2 1 2 1 2 2 0 -1 2 1 0 3 -2 2 1 1 -2 
2 3 1 1 1 0 3 3 3 1 3 1 -3 2 2 0 1 2 2 1 
3 3 3 2 -2 2 0 1 2 3 -1 -3 2 2 2 3 -2 3 1 3 
3 -1 3 2 2 3 1 3 3 1 2 3 2 2 3 -1 1 -1 -1 -3 
-3 -1 -1 1 -1 3 2 2 3 2 1 3 3 1 3 2 2 3 -1 3 
3 1 3 -2 3 2 2 2 -3 -1 3 2 1 0 2 -2 2 3 3 3 
1 2 2 1 0 2 2 -3 1 3 1 3 3 3 0 1 1 1 3 2 
-2 1 1 2 -2 3 0 1 2 -1 0 2 2 1 2 1 -2 0 2 2 
-2 1 2 -2 0 3 3 3 1 -1 -2 1 -2 3 2 0 2 -3 3 -2 
-2 3 3 2 3 3 -2 3 2 1 1 1 1 1 -2 0 1 2 2 0 
2 0 2 3 1 2 -3 1 0 -2 1 2 3 2 -3 3 3 -3 -1 -3 
1 2 1 -1 1 0 -1 3 1 3 3 0 0 0 0 0 3 3 3 2 
-1 2 3 -3 0 2 2 3 1 0 0 3 3 2 0 2 1 2 2 3 
3 2 3 3 3 1 1 1 2 2 3 -3 3 3 1 0 2 2 -1 -2 
55
3
19 13
19 11
6 15
0 6
0 8
13 4
6
11 1 10
19 0 8
7 18 10
8 18 10
0 19 8
12 1 10
26
7 15
19 4
14 6
9 14
8 3
18 16
0 16
2 8
17 3
5 8
7 2
3 0
11 5
12 4
0 15
5 13
10 5
11 16
1 3
19 3
17 11
2 16
14 11
12 17
16 19
8 14
