20 20
1 -8 16 -13 0 11 -10 9 8 -8 2 19 16 14 -17 10 -10 17 -7 14 
15 9 11 2 16 -9 -21 2 -18 21 22 -18 22 6 6 10 18 -8 2 4 
19 11 3 3 -16 2 -16 13 -14 6 14 -12 1 12 14 19 7 5 5 -9 
6 19 17 -8 16 14 -8 12 9 -21 -3 19 9 21 12 -12 22 -18 22 21 
-8 8 6 -7 -20 9 -10 8 20 18 -3 12 0 -2 8 2 8 -3 14 20 
3 -7 -2 -15 16 16 19 7 -3 0 21 17 -7 2 5 16 17 -6 -11 15 
1 22 0 16 15 6 1 10 5 0 20 -21 10 1 12 22 18 10 -12 20 
-15 9 22 -2 0 3 17 -15 3 -8 -8 10 22 18 11 12 3 9 -13 3 
1 9 6 -1 13 11 -7 16 15 8 -18 10 7 16 17 12 7 5 -11 18 
3 15 8 8 -7 -17 2 4 2 6 18 16 2 12 0 19 -13 15 13 15 
15 13 15 -13 19 0 12 2 16 18 6 2 4 2 -17 -7 8 8 15 3 
18 -11 5 7 12 17 16 7 10 -18 8 15 16 -7 11 13 -1 6 9 1 
3 -13 9 3 12 11 18 22 10 -8 -8 3 -15 17 3 0 -2 22 9 -15 
20 -12 10 18 22 12 1 10 -21 20 0 5 10 1 6 15 16 0 22 1 
15 -11 -6 17 16 5 2 -7 17 21 0 -3 7 19 16 16 -15 -2 -7 3 
20 14 -3 8 2 8 -2 0 12 -3 18 20 8 -10 9 -20 -7 6 8 -8 
21 22 -18 22 -12 12 21 9 19 -3 -21 9 12 -8 14 16 -8 17 19 6 
-9 5 5 7 19 14 12 1 -12 14 6 -14 13 -16 2 -16 3 3 11 19 
4 2 -8 18 10 6 6 22 -18 22 21 -18 2 -21 -9 16 2 11 9 15 
14 -7 17 -10 10 -17 14 16 19 2 -8 8 9 -10 11 0 -13 16 -8 1 
57
5
11 19
6 3
8 1
18 0
2 6
8 0
13 16
11 18
1 19
17 13
12
4 12 9
10 0 15
9 17 13
5 8 14
13 7 8
6 10 14
15 7 9
9 19 15
10 2 13
14 11 14
6 12 8
13 9 14
40
9 18
18 13
13 1
11 0
14 8
1 16
7 17
10 7
5 9
0 6
6 4
14 7
2 18
7 4
11 6
11 8
6 5
1 10
2 11
15 19
10 1
1 6
6 18
8 19
5 11
18 3
12 2
9 12
14 10
19 13
13 15
5 12
17 1
12 15
8 13
8 11
13 14
18 9
17 8
4 0
