20 20
3 2 1 3 3 4 2 -3 4 0 2 4 5 -5 4 5 2 3 -2 0 
-3 -5 0 3 1 2 -2 3 2 3 -4 3 -2 2 0 1 1 2 0 -5 
3 -1 0 2 4 5 3 1 5 -5 4 0 0 4 5 3 1 0 1 5 
-2 0 -2 4 5 1 0 3 -2 -2 3 5 2 -1 -5 -2 0 1 1 2 
-1 3 2 -5 4 4 3 4 1 4 5 -3 4 1 -3 3 -4 0 5 2 
-1 4 -2 3 1 0 4 -4 5 0 4 -5 -1 4 3 1 2 4 -3 3 
4 1 5 4 -4 0 -3 4 0 5 5 3 -3 -4 -2 -2 2 1 2 -5 
0 2 2 1 2 4 -1 4 2 1 5 1 2 1 -1 5 -4 2 0 4 
3 -1 3 -2 5 4 -4 1 -3 5 4 -1 -4 -1 2 1 3 3 2 5 
2 -3 3 4 1 1 5 5 1 0 4 3 2 2 0 3 5 5 2 -1 
-1 2 5 5 3 0 2 2 3 4 0 1 5 5 1 1 4 3 -3 2 
5 2 3 3 1 2 -1 -4 -1 4 5 -3 1 -4 4 5 -2 3 -1 3 
4 0 2 -4 5 -1 1 2 1 5 1 2 4 -1 4 2 1 2 2 0 
-5 2 1 2 -2 -2 -4 -3 3 5 5 0 4 -3 0 -4 4 5 1 4 
3 -3 4 2 1 3 4 -1 -5 4 0 5 -4 4 0 1 3 -2 4 -1 
2 5 0 -4 3 -3 1 4 -3 5 4 1 4 3 4 4 -5 2 3 -1 
2 1 1 0 -2 -5 -1 2 5 3 -2 -2 3 0 1 5 4 -2 0 -2 
5 1 0 1 3 5 4 0 0 4 -5 5 1 3 5 4 2 0 -1 3 
-5 0 2 1 1 0 2 -2 3 -4 3 2 3 -2 2 1 3 0 -5 -3 
0 -2 3 2 5 4 -5 5 4 2 0 4 -3 2 4 3 3 1 2 3 
57
5
3 19
4 13
17 8
9 6
9 4
16 0
15 6
2 11
10 13
10 15
20
1 7 16
18 4 14
14 16 14
4 9 13
9 10 11
1 4 12
15 5 15
6 14 11
17 18 9
19 1 12
18 12 16
1 15 14
5 3 14
15 10 13
10 9 11
18 15 12
4 14 15
13 5 11
2 1 9
0 18 12
38
1 14
11 18
0 6
13 0
16 12
11 6
12 9
19 7
13 18
4 11
18 2
1 0
6 4
10 1
6 8
19 3
1 8
16 18
2 7
18 5
8 1
19 13
6 19
3 7
8 13
7 10
0 12
6 1
15 8
1 17
18 19
13 15
9 18
13 11
0 16
18 11
3 1
17 12
