20 20
2 18 5 -19 7 -17 16 12 8 18 -3 11 19 -1 -17 -1 12 -2 17 11 
15 -10 -8 7 8 13 15 -2 -11 12 12 6 4 4 -19 6 6 14 18 8 
1 5 4 13 8 4 13 17 -14 19 0 -17 8 3 0 9 -8 15 1 13 
8 2 -7 7 15 14 4 16 -5 14 16 18 17 -1 10 0 9 -10 16 17 
-5 8 12 0 -19 14 -4 -17 3 18 9 -7 16 7 -7 9 -8 -11 15 -13 
10 3 -19 14 11 18 1 9 3 -11 10 15 11 13 -14 -1 12 2 9 8 
12 5 9 8 5 9 -8 1 -17 5 15 -15 -3 18 15 -10 1 9 16 -18 
5 -18 0 -1 2 12 -5 7 14 -11 7 15 14 15 -6 19 6 13 5 1 
8 16 6 6 18 -18 4 -10 3 18 2 6 -19 -10 -13 1 16 13 13 3 
2 8 15 -3 3 3 3 -13 13 19 7 -13 15 -12 -19 6 5 14 9 -13 
-13 9 14 5 6 -19 -12 15 -13 7 19 13 -13 3 3 3 -3 15 8 2 
3 13 13 16 1 -13 -10 -19 6 2 18 3 -10 4 -18 18 6 6 16 8 
1 5 13 6 19 -6 15 14 15 7 -11 14 7 -5 12 2 -1 0 -18 5 
-18 16 9 1 -10 15 18 -3 -15 15 5 -17 1 -8 9 5 8 9 5 12 
8 9 2 12 -1 -14 13 11 15 10 -11 3 9 1 18 11 14 -19 3 10 
-13 15 -11 -8 9 -7 7 16 -7 9 18 3 -17 -4 14 -19 0 12 8 -5 
17 16 -10 9 0 10 -1 17 18 16 14 -5 16 4 14 15 7 -7 2 8 
13 1 15 -8 9 0 3 8 -17 0 19 -14 17 13 4 8 13 4 5 1 
8 18 14 6 6 -19 4 4 6 12 12 -11 -2 15 13 8 7 -8 -10 15 
11 17 -2 12 -1 -17 -1 19 11 -3 18 8 12 16 -17 7 -19 5 18 2 
30
6
19 2
3 13
1 0
6 14
14 9
13 1
0 17
16 6
18 19
13 5
5 10
6 18
6
3 16 13
2 13 16
17 2 8
16 3 13
17 6 16
2 17 8
36
19 6
8 6
12 16
19 3
1 9
17 13
13 18
19 10
8 4
19 15
7 12
4 13
14 4
3 14
3 10
4 7
18 16
8 10
0 13
11 13
7 3
0 16
18 10
2 6
6 1
0 9
11 15
0 4
12 7
15 6
5 15
16 5
16 9
15 12
1 3
11 9
