20 20
12 5 8 16 3 20 4 2 3 5 12 6 -12 6 10 12 5 2 12 3 
1 9 13 1 22 -7 13 14 -20 1 17 20 -3 6 0 14 23 10 22 15 
18 24 3 -2 -24 5 -2 9 13 1 20 -5 18 -3 23 24 22 21 6 3 
18 3 -10 4 5 21 -18 8 13 8 -24 -18 -24 22 8 24 22 11 18 -10 
-16 -7 17 20 -22 17 9 -7 21 21 1 21 12 6 11 -14 -12 -8 22 5 
14 13 -1 16 22 23 14 -15 4 -17 -11 20 12 1 -8 6 18 2 11 2 
2 24 -11 20 -15 4 15 6 18 24 18 7 12 20 12 2 22 -3 8 17 
10 15 14 17 22 -7 5 16 22 10 -24 -18 7 24 -12 -2 19 1 -6 24 
18 7 -17 -12 3 5 -12 23 -21 21 23 -11 -18 6 4 14 10 13 -4 -7 
23 15 -20 -18 4 4 0 15 9 9 16 22 10 2 8 -13 14 4 13 -20 
-20 13 4 14 -13 8 2 10 22 16 9 9 15 0 4 4 -18 -20 15 23 
-7 -4 13 10 14 4 6 -18 -11 23 21 -21 23 -12 5 3 -12 -17 7 18 
24 -6 1 19 -2 -12 24 7 -18 -24 10 22 16 5 -7 22 17 14 15 10 
17 8 -3 22 2 12 20 12 7 18 24 18 6 15 4 -15 20 -11 24 2 
2 11 2 18 6 -8 1 12 20 -11 -17 4 -15 14 23 22 16 -1 13 14 
5 22 -8 -12 -14 11 6 12 21 1 21 21 -7 9 17 -22 20 17 -7 -16 
-10 18 11 22 24 8 22 -24 -18 -24 8 13 8 -18 21 5 4 -10 3 18 
3 6 21 22 24 23 -3 18 -5 20 1 13 9 -2 5 -24 -2 3 24 18 
15 22 10 23 14 0 6 -3 20 17 1 -20 14 13 -7 22 1 13 9 1 
3 12 2 5 12 10 6 -12 6 12 5 3 2 4 20 3 16 8 5 12 
45
2
3 10
11 7
16 9
8 12
16
7 10 10
6 17 13
9 17 10
16 17 15
11 4 8
0 12 10
1 12 10
15 10 12
12 9 10
13 2 13
10 2 10
3 2 15
8 15 8
19 7 10
18 7 10
4 9 12
34
7 9
14 13
16 4
15 0
16 8
19 17
19 16
5 10
19 8
11 6
11 13
9 19
13 18
6 9
16 14
19 15
2 15
12 10
5 6
3 15
4 19
3 11
0 2
0 3
14 9
0 11
8 13
8 6
10 0
6 1
13 10
3 5
0 4
17 4
