20 20
0 5 5 10 3 4 7 2 7 3 7 6 -3 6 3 2 6 6 -8 1 
5 5 4 6 -7 -3 3 -5 2 -7 3 3 -1 0 -9 5 4 10 5 10 
6 6 4 2 4 1 8 8 10 -4 3 2 -6 8 4 9 -1 8 6 6 
2 9 2 9 7 2 0 8 -4 -4 -5 5 -7 3 4 8 2 6 -8 -8 
9 2 1 10 3 1 -6 5 5 7 1 8 5 6 2 1 2 0 4 1 
6 -5 -9 -5 7 4 10 0 -8 6 -1 10 -9 9 3 6 7 9 8 10 
2 9 0 9 2 5 -7 -5 -7 4 3 5 5 -7 9 -2 1 10 1 8 
3 4 10 10 9 4 4 5 -7 -8 9 2 2 1 -7 0 9 7 8 1 
-7 7 3 3 10 6 3 -8 10 -8 3 -10 -9 0 9 4 10 3 3 5 
0 10 -7 5 2 3 9 -10 6 -9 0 -8 9 8 -5 8 8 5 -3 7 
7 -3 5 8 8 -5 8 9 -8 0 -9 6 -10 9 3 2 5 -7 10 0 
5 3 3 10 4 9 0 -9 -10 3 -8 10 -8 3 6 10 3 3 7 -7 
1 8 7 9 0 -7 1 2 2 9 -8 -7 5 4 4 9 10 10 4 3 
8 1 10 1 -2 9 -7 5 5 3 4 -7 -5 -7 5 2 9 0 9 2 
10 8 9 7 6 3 9 -9 10 -1 6 -8 0 10 4 7 -5 -9 -5 6 
1 4 0 2 1 2 6 5 8 1 7 5 5 -6 1 3 10 1 2 9 
-8 -8 6 2 8 4 3 -7 5 -5 -4 -4 8 0 2 7 9 2 9 2 
6 6 8 -1 9 4 8 -6 2 3 -4 10 8 8 1 4 2 4 6 6 
10 5 10 4 5 -9 0 -1 3 3 -7 2 -5 3 -3 -7 6 4 5 5 
1 -8 6 6 2 3 6 -3 6 7 3 7 2 7 4 3 10 5 5 0 
50
2
2 7
9 4
17 12
10 15
8
5 0 14
9 8 10
10 5 16
7 6 9
14 19 14
10 11 10
9 14 16
12 13 9
36
4 11
5 3
10 19
5 9
16 3
9 3
1 10
3 8
1 8
11 10
4 2
0 13
15 11
12 4
0 4
0 7
8 10
8 1
15 8
14 16
9 0
14 10
3 16
10 16
18 9
16 11
18 11
8 9
15 17
19 6
4 8
7 15
19 15
19 12
11 9
11 18
