20 20
3 -4 3 6 16 0 7 10 15 11 5 -23 1 -7 11 -19 -1 24 23 16 
24 3 13 14 20 4 3 10 20 14 -19 9 17 -24 16 21 -5 -2 24 -25 
13 12 6 15 17 9 -14 25 7 12 -14 4 22 25 20 0 5 18 5 10 
1 12 10 25 18 -4 11 20 5 -13 19 -9 25 24 13 19 15 12 17 1 
-12 -12 19 23 5 18 21 7 7 1 -14 25 7 -24 -24 -8 -18 13 11 10 
20 21 24 1 13 14 18 15 19 8 14 5 -20 -18 -8 19 11 5 18 -5 
3 9 16 -22 -6 18 12 1 -3 14 13 -15 5 12 6 11 13 13 16 22 
10 -1 19 -22 -14 13 -20 -18 16 20 -6 0 13 -4 9 22 -1 25 18 11 
0 8 18 1 13 9 -6 13 13 1 21 13 5 17 15 3 9 -6 21 16 
-19 19 15 10 1 0 -13 -24 14 24 10 13 16 17 25 3 1 11 24 16 
16 24 11 1 3 25 17 16 13 10 24 14 -24 -13 0 1 10 15 19 -19 
16 21 -6 9 3 15 17 5 13 21 1 13 13 -6 9 13 1 18 8 0 
11 18 25 -1 22 9 -4 13 0 -6 20 16 -18 -20 13 -14 -22 19 -1 10 
22 16 13 13 11 6 12 5 -15 13 14 -3 1 12 18 -6 -22 16 9 3 
-5 18 5 11 19 -8 -18 -20 5 14 8 19 15 18 14 13 1 24 21 20 
10 11 13 -18 -8 -24 -24 7 25 -14 1 7 7 21 18 5 23 19 -12 -12 
1 17 12 15 19 13 24 25 -9 19 -13 5 20 11 -4 18 25 10 12 1 
10 5 18 5 0 20 25 22 4 -14 12 7 25 -14 9 17 15 6 12 13 
-25 24 -2 -5 21 16 -24 17 9 -19 14 20 10 3 4 20 14 13 3 24 
16 23 24 -1 -19 11 -7 1 -23 5 11 15 10 7 0 16 6 3 -4 3 
56
4
6 13
3 18
11 10
15 6
13 6
16 1
8 9
4 13
10
1 19 15
19 12 10
6 0 14
11 18 12
17 3 14
18 0 15
0 7 10
13 19 14
8 1 12
2 16 14
32
17 4
16 18
4 3
13 1
5 2
17 14
2 18
10 0
17 5
9 7
8 11
15 2
2 9
18 7
0 18
0 14
2 15
3 1
15 16
6 18
14 17
2 5
17 1
9 19
2 14
10 12
11 8
4 17
17 10
1 12
19 1
19 5
