20 20
13 22 9 7 0 -5 16 -20 -22 -2 21 15 4 -5 4 -22 -4 -4 7 -24 
23 2 12 -15 14 -13 22 21 19 5 23 5 20 14 19 -4 21 24 -25 20 
-3 4 -25 -17 25 2 24 8 22 -14 21 8 -2 -13 24 -13 1 24 19 1 
11 5 0 8 6 6 10 14 1 12 18 20 -9 -6 11 9 -8 11 11 22 
23 5 0 9 11 22 22 -23 19 23 21 15 -18 18 8 25 5 -8 13 13 
3 23 -14 -9 9 -6 4 24 13 -10 9 23 4 19 0 -15 11 18 10 -14 
15 15 20 -20 -8 6 1 24 6 16 -4 0 -7 6 11 14 10 12 19 17 
-7 25 12 1 4 14 18 23 -14 -18 -6 -22 4 24 22 1 16 10 16 2 
-5 -3 -22 25 -24 2 6 10 7 3 -8 6 13 15 -13 17 18 7 16 2 
22 21 13 20 5 -7 13 17 18 2 -25 -13 6 6 -24 -20 -16 -21 -16 12 
12 -16 -21 -16 -20 -24 6 6 -13 -25 2 18 17 13 -7 5 20 13 21 22 
2 16 7 18 17 -13 15 13 6 -8 3 7 10 6 2 -24 25 -22 -3 -5 
2 16 10 16 1 22 24 4 -22 -6 -18 -14 23 18 14 4 1 12 25 -7 
17 19 12 10 14 11 6 -7 0 -4 16 6 24 1 6 -8 -20 20 15 15 
-14 10 18 11 -15 0 19 4 23 9 -10 13 24 4 -6 9 -9 -14 23 3 
13 13 -8 5 25 8 18 -18 15 21 23 19 -23 22 22 11 9 0 5 23 
22 11 11 -8 9 11 -6 -9 20 18 12 1 14 10 6 6 8 0 5 11 
1 19 24 1 -13 24 -13 -2 8 21 -14 22 8 24 2 25 -17 -25 4 -3 
20 -25 24 21 -4 19 14 20 5 23 5 19 21 22 -13 14 -15 12 2 23 
-24 7 -4 -4 -22 4 -5 4 15 21 -2 -22 -20 16 -5 0 7 9 22 13 
42
5
0 17
0 16
5 3
14 10
6 15
19 2
19 3
14 16
5 9
13 4
16
19 1 15
15 13 10
8 4 13
15 0 15
9 17 12
6 14 9
0 19 8
7 9 11
0 18 15
4 6 10
11 15 13
4 19 15
10 2 12
13 5 9
19 0 8
12 10 11
36
12 7
13 6
5 11
15 17
4 3
14 2
0 10
2 1
9 19
9 0
8 11
6 9
14 18
1 8
14 13
8 2
19 5
2 5
7 12
6 13
14 8
4 2
15 16
5 17
19 9
17 18
10 0
10 19
11 8
13 10
5 1
18 11
5 6
11 17
0 14
17 14
