20 20
14 21 22 11 20 9 -20 19 1 20 13 -23 5 14 -12 -12 -2 5 8 -2 
15 16 21 6 3 13 -7 -10 18 -14 6 14 -6 14 21 1 11 4 16 1 
-14 4 16 19 -18 0 6 11 19 2 -10 2 21 5 2 -13 0 13 20 17 
-19 -6 5 2 -20 23 7 -4 16 8 -3 10 4 17 20 1 -19 13 -12 14 
20 3 19 -5 21 1 -21 -3 8 4 -11 21 -10 -17 0 12 9 -4 16 20 
7 15 -9 4 19 4 4 6 12 22 23 -12 13 -1 -5 12 -9 3 4 22 
11 -8 17 18 1 1 13 -12 10 -8 -7 19 8 13 14 6 17 18 18 -18 
17 15 0 11 7 17 -10 -15 16 17 20 5 19 6 17 12 2 14 18 9 
-3 21 -11 14 17 19 10 22 23 23 -10 10 -1 -12 14 8 -8 10 15 19 
15 14 6 13 9 -11 -14 9 3 19 14 14 17 20 13 10 -1 -18 10 18 
18 10 -18 -1 10 13 20 17 14 14 19 3 9 -14 -11 9 13 6 14 15 
19 15 10 -8 8 14 -12 -1 10 -10 23 23 22 10 19 17 14 -11 21 -3 
9 18 14 2 12 17 6 19 5 20 17 16 -15 -10 17 7 11 0 15 17 
-18 18 18 17 6 14 13 8 19 -7 -8 10 -12 13 1 1 18 17 -8 11 
22 4 3 -9 12 -5 -1 13 -12 23 22 12 6 4 4 19 4 -9 15 7 
20 16 -4 9 12 0 -17 -10 21 -11 4 8 -3 -21 1 21 -5 19 3 20 
14 -12 13 -19 1 20 17 4 10 -3 8 16 -4 7 23 -20 2 5 -6 -19 
17 20 13 0 -13 2 5 21 2 -10 2 19 11 6 0 -18 19 16 4 -14 
1 16 4 11 1 21 14 -6 14 6 -14 18 -10 -7 13 3 6 21 16 15 
-2 8 5 -2 -12 -12 14 5 -23 13 20 1 19 -20 9 20 11 22 21 14 
53
6
14 18
10 2
8 18
13 11
7 6
19 1
5 1
9 17
11 1
6 8
12 13
0 18
12
15 18 8
11 12 11
2 19 10
12 6 13
19 11 10
13 4 14
4 1 8
8 7 11
17 0 10
7 13 13
0 8 10
6 15 14
30
2 4
5 17
5 14
10 9
12 4
14 15
19 0
16 5
11 16
4 9
8 2
2 9
14 13
12 14
19 10
17 15
14 2
14 5
9 10
7 15
5 4
0 19
3 14
8 3
15 10
11 17
17 10
5 6
7 5
0 9
