20 20
14 2 16 14 3 -11 0 7 5 15 5 10 15 15 13 0 15 12 -15 0 
-9 9 5 -1 7 11 16 14 2 0 -4 11 -5 12 7 1 -3 12 -1 -13 
10 16 7 4 7 2 14 8 3 -16 -9 8 8 1 11 1 -9 12 14 -5 
14 -15 9 4 6 15 -4 4 -8 4 12 -4 -13 11 14 -15 -16 12 11 10 
1 15 9 3 13 7 8 3 3 0 3 -14 6 16 3 13 0 9 5 14 
14 10 7 -7 13 -7 9 3 11 15 4 7 14 7 10 7 -4 7 6 -8 
-16 12 10 -8 -5 7 15 -14 6 11 4 16 5 9 1 -8 11 15 4 5 
11 15 16 9 12 -14 15 12 5 6 -10 4 16 4 4 -1 -1 3 6 11 
11 16 16 -7 7 10 7 6 -16 -1 7 9 -1 13 15 8 16 -13 1 11 
1 13 3 2 3 15 4 15 9 -13 -2 9 10 10 8 6 7 3 3 1 
1 3 3 7 6 8 10 10 9 -2 -13 9 15 4 15 3 2 3 13 1 
11 1 -13 16 8 15 13 -1 9 7 -1 -16 6 7 10 7 -7 16 16 11 
11 6 3 -1 -1 4 4 16 4 -10 6 5 12 15 -14 12 9 16 15 11 
5 4 15 11 -8 1 9 5 16 4 11 6 -14 15 7 -5 -8 10 12 -16 
-8 6 7 -4 7 10 7 14 7 4 15 11 3 9 -7 13 -7 7 10 14 
14 5 9 0 13 3 16 6 -14 3 0 3 3 8 7 13 3 9 15 1 
10 11 12 -16 -15 14 11 -13 -4 12 4 -8 4 -4 15 6 4 9 -15 14 
-5 14 12 -9 1 11 1 8 8 -9 -16 3 8 14 2 7 4 7 16 10 
-13 -1 12 -3 1 7 12 -5 11 -4 0 2 14 16 11 7 -1 5 9 -9 
0 -15 12 15 0 13 15 15 10 5 15 5 7 0 -11 3 14 16 2 14 
39
8
10 9
0 14
17 3
13 12
0 8
15 2
11 6
15 9
9 10
19 5
2 16
6 7
19 11
4 17
8 13
4 10
10
3 18 15
6 0 11
12 0 9
16 0 15
4 2 10
16 1 15
13 19 11
7 19 9
3 19 15
15 17 10
38
11 2
11 13
10 11
16 2
2 0
6 13
3 5
1 10
10 17
7 3
2 5
12 4
14 19
4 3
7 0
7 14
5 17
17 10
17 7
8 17
8 6
9 8
3 17
17 19
13 6
16 14
18 9
9 2
12 16
17 14
7 15
5 0
15 16
12 19
12 5
14 2
2 9
2 12
