20 20
8 3 3 14 4 11 1 -10 13 9 -14 0 -11 9 10 14 13 14 10 -5 
11 5 6 -8 4 4 4 13 7 7 6 6 -10 2 13 1 12 -10 -7 2 
1 10 2 -12 6 2 -11 10 1 -12 -6 -13 5 8 -9 -4 7 1 2 4 
2 -10 13 11 11 10 11 5 -3 -4 8 12 8 -11 -12 -5 1 9 -12 13 
-13 9 4 10 13 1 1 2 11 9 0 2 11 9 8 -14 10 12 13 12 
-5 9 9 1 12 13 2 9 -1 5 5 2 3 -12 -4 -3 5 9 -8 4 
6 5 12 -7 6 -1 5 -7 12 -9 9 9 -12 13 13 3 -14 5 5 6 
-6 8 7 -4 14 1 3 9 3 11 0 -9 8 9 -13 3 -2 8 3 6 
8 -7 7 12 4 -7 2 7 -4 3 0 8 -8 14 14 -6 -3 6 2 7 
-2 -11 -14 12 12 1 4 -11 14 14 5 -4 -8 -1 8 11 0 -8 -1 5 
5 -1 -8 0 11 8 -1 -8 -4 5 14 14 -11 4 1 12 12 -14 -11 -2 
7 2 6 -3 -6 14 14 -8 8 0 3 -4 7 2 -7 4 12 7 -7 8 
6 3 8 -2 3 -13 9 8 -9 0 11 3 9 3 1 14 -4 7 8 -6 
6 5 5 -14 3 13 13 -12 9 9 -9 12 -7 5 -1 6 -7 12 5 6 
4 -8 9 5 -3 -4 -12 3 2 5 5 -1 9 2 13 12 1 9 9 -5 
12 13 12 10 -14 8 9 11 2 0 9 11 2 1 1 13 10 4 9 -13 
13 -12 9 1 -5 -12 -11 8 12 8 -4 -3 5 11 10 11 11 13 -10 2 
4 2 1 7 -4 -9 8 5 -13 -6 -12 1 10 -11 2 6 -12 2 10 1 
2 -7 -10 12 1 13 2 -10 6 6 7 7 13 4 4 4 -8 6 5 11 
-5 10 14 13 14 10 9 -11 0 -14 9 13 -10 1 11 4 14 3 3 8 
47
8
15 14
12 13
10 3
0 8
1 18
7 3
5 8
17 15
4 5
7 6
9 16
19 11
18 1
12 16
14 11
2 4
12
10 9 12
11 4 11
11 3 16
3 10 8
19 4 10
10 2 8
9 10 12
8 15 11
8 16 16
16 9 8
0 15 10
9 17 8
36
15 3
6 13
0 19
15 17
7 17
3 2
15 12
18 8
17 16
8 13
10 19
19 3
0 13
12 0
5 12
11 14
17 6
5 18
4 16
13 6
19 0
4 2
12 2
16 17
4 7
1 11
2 3
11 6
9 0
0 16
19 6
7 19
14 7
8 5
2 13
14 1
