20 20
2 3 7 5 10 2 -4 4 10 4 -9 7 3 11 8 -10 -9 4 5 4 
5 3 10 -5 9 10 1 1 8 -9 2 11 0 11 8 10 4 -10 2 -9 
8 8 4 9 -4 4 2 4 6 -3 -7 4 -4 -1 9 5 9 9 11 7 
7 6 2 6 11 0 0 -5 -12 6 12 8 11 11 11 2 10 8 11 -12 
3 10 12 3 -10 -10 1 4 10 5 -1 10 0 1 -1 4 6 7 12 -11 
-1 12 9 11 1 12 11 6 2 11 -7 0 5 3 6 8 12 11 -5 0 
11 7 6 11 3 10 -11 -8 3 12 9 -10 -1 11 -11 -7 0 4 -8 5 
7 3 -5 -7 8 0 10 -10 -7 -12 -5 3 12 7 -3 2 7 -10 4 7 
10 -6 6 4 1 9 7 7 6 7 6 8 11 3 -3 -7 8 12 5 -8 
4 6 2 -2 -11 3 2 1 7 5 7 9 10 8 4 -6 2 11 -7 -8 
-8 -7 11 2 -6 4 8 10 9 7 5 7 1 2 3 -11 -2 2 6 4 
-8 5 12 8 -7 -3 3 11 8 6 7 6 7 7 9 1 4 6 -6 10 
7 4 -10 7 2 -3 7 12 3 -5 -12 -7 -10 10 0 8 -7 -5 3 7 
5 -8 4 0 -7 -11 11 -1 -10 9 12 3 -8 -11 10 3 11 6 7 11 
0 -5 11 12 8 6 3 5 0 -7 11 2 6 11 12 1 11 9 12 -1 
-11 12 7 6 4 -1 1 0 10 -1 5 10 4 1 -10 -10 3 12 10 3 
-12 11 8 10 2 11 11 11 8 12 6 -12 -5 0 0 11 6 2 6 7 
7 11 9 9 5 9 -1 -4 4 -7 -3 6 4 2 4 -4 9 4 8 8 
-9 2 -10 4 10 8 11 0 11 2 -9 8 1 1 10 9 -5 10 3 5 
4 5 4 -9 -10 8 11 3 7 -9 4 10 4 -4 2 10 5 7 3 2 
59
7
1 15
18 5
15 14
1 7
6 9
4 11
13 9
18 4
1 14
4 5
18 12
13 10
15 8
6 10
12
5 7 16
2 8 11
18 1 13
12 17 15
7 11 10
18 8 10
14 12 16
17 11 11
1 18 13
7 2 15
12 8 10
1 11 10
38
12 15
3 2
3 19
2 6
14 18
0 10
5 15
19 10
1 16
6 2
18 11
8 2
7 12
12 18
16 3
11 18
4 18
19 13
5 12
7 4
16 17
16 0
17 13
5 1
19 9
14 4
0 9
18 3
13 17
1 8
11 17
12 7
7 1
3 16
8 1
15 1
0 6
14 7
