20 20
-9 2 9 7 9 10 4 -8 1 10 10 8 3 3 6 8 -3 4 0 -11 
-1 -9 -2 -7 -5 5 -11 5 -7 -2 1 8 -11 -6 -5 6 0 0 4 11 
11 -10 1 0 2 0 10 0 7 11 10 5 1 10 2 1 11 9 9 -9 
7 -7 -4 -5 -6 9 2 2 9 8 5 7 0 8 5 11 9 3 11 5 
10 9 4 3 4 7 8 -1 4 6 0 5 3 7 0 -5 2 9 1 5 
10 3 7 5 0 -2 1 -10 -11 11 10 -1 9 10 4 11 4 10 7 11 
4 6 -2 9 8 -11 9 8 6 -6 5 11 4 9 4 2 5 7 6 2 
6 -3 8 -1 0 1 9 -4 5 9 -2 7 -6 -11 7 -11 10 3 7 6 
4 9 -1 10 2 6 6 9 -6 11 -9 6 1 7 3 8 5 3 11 11 
4 11 7 -7 -9 -3 1 -3 7 2 -7 1 5 7 6 10 7 10 -9 4 
4 -9 10 7 10 6 7 5 1 -7 2 7 -3 1 -3 -9 -7 7 11 4 
11 11 3 5 8 3 7 1 6 -9 11 -6 9 6 6 2 10 -1 9 4 
6 7 3 10 -11 7 -11 -6 7 -2 9 5 -4 9 1 0 -1 8 -3 6 
2 6 7 5 2 4 9 4 11 5 -6 6 8 9 -11 8 9 -2 6 4 
11 7 10 4 11 4 10 9 -1 10 11 -11 -10 1 -2 0 5 7 3 10 
5 1 9 2 -5 0 7 3 5 0 6 4 -1 8 7 4 3 4 9 10 
5 11 3 9 11 5 8 0 7 5 8 9 2 2 9 -6 -5 -4 -7 7 
-9 9 9 11 1 2 10 1 5 10 11 7 0 10 0 2 0 1 -10 11 
11 4 0 0 6 -5 -6 -11 8 1 -2 -7 5 -11 5 -5 -7 -2 -9 -1 
-11 0 4 -3 8 6 3 3 8 10 10 1 -8 4 10 9 7 9 2 -9 
50
7
2 9
18 1
6 2
9 18
7 6
16 8
10 9
17 10
1 18
13 17
10 1
12 13
3 11
9 10
6
15 11 10
11 2 15
2 12 16
4 8 10
8 17 15
17 7 16
30
11 19
13 10
14 15
18 5
8 5
15 0
12 14
14 18
4 6
13 8
11 6
16 10
10 17
2 19
9 7
8 0
6 9
5 4
1 14
11 14
4 19
7 5
5 1
15 13
6 11
8 13
3 9
9 2
17 0
10 12
