20 20
13 21 10 -24 13 -9 -13 19 -2 -15 2 6 24 -1 27 6 24 26 17 0 
21 -14 -21 5 15 15 -16 25 14 4 0 7 9 4 24 -19 4 4 10 20 
-10 1 26 18 27 18 6 15 10 11 2 9 7 5 16 -17 27 1 -18 16 
-13 -12 27 -17 3 -27 16 13 -1 -9 8 7 -15 0 22 6 -5 5 7 21 
19 -27 25 24 -16 1 21 16 25 23 16 22 19 1 24 10 -1 6 9 -24 
12 16 14 3 27 12 -19 21 2 3 14 8 26 -4 10 19 23 -26 -4 21 
19 26 11 23 1 0 20 5 3 -13 21 3 15 0 -11 13 26 18 17 24 
4 -12 15 7 5 21 24 9 18 27 -13 1 16 22 13 27 4 -13 16 -15 
6 0 2 20 -16 -3 -20 27 7 -12 7 -9 3 14 27 10 4 -27 18 -7 
-8 -18 20 15 -27 3 -1 -25 23 -22 -20 14 7 8 -19 2 -3 24 22 14 
14 22 24 -3 2 -19 8 7 14 -20 -22 23 -25 -1 3 -27 15 20 -18 -8 
-7 18 -27 4 10 27 14 3 -9 7 -12 7 27 -20 -3 -16 20 2 0 6 
-15 16 -13 4 27 13 22 16 1 -13 27 18 9 24 21 5 7 15 -12 4 
24 17 18 26 13 -11 0 15 3 21 -13 3 5 20 0 1 23 11 26 19 
21 -4 -26 23 19 10 -4 26 8 14 3 2 21 -19 12 27 3 14 16 12 
-24 9 6 -1 10 24 1 19 22 16 23 25 16 21 1 -16 24 25 -27 19 
21 7 5 -5 6 22 0 -15 7 8 -9 -1 13 16 -27 3 -17 27 -12 -13 
16 -18 1 27 -17 16 5 7 9 2 11 10 15 6 18 27 18 26 1 -10 
20 10 4 4 -19 24 4 9 7 0 4 14 25 -16 15 15 5 -21 -14 21 
0 17 26 24 6 27 -1 24 6 2 -15 -2 19 -13 -9 13 -24 10 21 13 
39
4
16 3
14 13
19 7
10 15
3 16
5 6
0 12
9 4
20
6 8 12
2 8 15
12 9 13
1 7 8
16 12 11
18 6 13
6 0 10
3 1 13
9 8 12
14 17 13
13 11 12
17 11 15
7 10 13
18 12 8
3 7 11
1 13 13
13 19 10
16 18 13
10 11 12
5 2 13
26
1 17
5 15
7 6
5 9
8 7
4 15
0 19
5 7
1 0
12 10
2 16
19 5
19 18
18 2
14 4
12 13
14 10
11 12
15 4
19 0
14 12
18 19
7 9
17 3
0 14
0 1
