20 20
-12 26 19 -3 10 -9 13 27 3 11 14 23 27 24 4 1 11 9 -18 -10 
-17 25 16 15 -22 0 28 22 19 4 28 -1 11 6 4 8 0 20 26 24 
19 1 23 6 -9 -5 11 20 11 12 -21 25 -26 24 7 7 0 12 0 -10 
1 9 -2 19 10 13 1 -8 -8 2 -22 -8 6 6 -8 9 -26 9 18 0 
4 10 18 22 -15 22 -20 18 22 1 20 11 18 7 6 5 16 24 22 19 
28 -2 20 20 12 -26 -25 8 18 14 -7 4 2 11 1 24 11 19 9 -27 
12 17 1 18 22 11 17 13 19 6 28 3 5 17 -6 3 7 22 10 13 
6 13 20 -24 -16 10 0 6 10 20 8 -1 28 5 20 25 22 22 4 -2 
-18 8 18 23 -5 7 1 -15 5 18 4 1 28 21 27 -17 4 11 24 23 
17 15 0 11 15 13 21 28 -6 18 -23 10 19 5 16 22 5 16 24 -26 
-26 24 16 5 22 16 5 19 10 -23 18 -6 28 21 13 15 11 0 15 17 
23 24 11 4 -17 27 21 28 1 4 18 5 -15 1 7 -5 23 18 8 -18 
-2 4 22 22 25 20 5 28 -1 8 20 10 6 0 10 -16 -24 20 13 6 
13 10 22 7 3 -6 17 5 3 28 6 19 13 17 11 22 18 1 17 12 
-27 9 19 11 24 1 11 2 4 -7 14 18 8 -25 -26 12 20 20 -2 28 
19 22 24 16 5 6 7 18 11 20 1 22 18 -20 22 -15 22 18 10 4 
0 18 9 -26 9 -8 6 6 -8 -22 2 -8 -8 1 13 10 19 -2 9 1 
-10 0 12 0 7 7 24 -26 25 -21 12 11 20 11 -5 -9 6 23 1 19 
24 26 20 0 8 4 6 11 -1 28 4 19 22 28 0 -22 15 16 25 -17 
-10 -18 9 11 1 4 24 27 23 14 11 3 27 13 -9 10 -3 19 26 -12 
56
3
3 8
13 0
0 1
16 11
6 19
19 18
12
6 15 16
5 9 8
5 19 11
11 18 16
11 19 8
10 3 16
13 4 16
14 10 8
14 0 11
8 1 16
8 0 8
9 16 16
38
14 6
5 10
14 4
18 13
8 4
14 8
4 7
1 9
7 11
0 4
8 7
2 14
3 6
4 3
18 5
17 14
7 4
10 13
1 7
5 13
14 9
5 15
1 6
11 15
5 11
15 12
18 10
12 8
19 15
11 12
17 5
16 13
15 16
1 14
2 5
12 15
9 6
18 12
