20 20
17 -10 -8 10 15 9 2 8 4 16 14 1 12 -20 7 3 2 -20 1 13 
26 1 25 1 3 19 17 5 6 17 -18 0 21 -1 18 8 5 21 8 19 
17 12 -2 4 11 2 -9 22 19 20 6 -3 18 21 -18 26 24 -7 11 8 
23 1 0 26 9 16 4 1 5 6 -19 23 18 9 13 21 21 -2 -6 19 
11 7 17 -26 15 17 12 -16 17 20 25 -2 26 1 5 -5 26 -26 15 21 
20 -21 -10 -1 15 -20 -3 16 24 15 19 18 17 -23 -1 7 11 26 16 -21 
2 6 -2 21 24 -16 20 20 -19 0 8 8 -9 14 9 25 15 -6 9 14 
2 2 2 16 18 3 18 -18 -16 11 15 6 25 14 12 -9 9 14 6 4 
-6 25 14 -16 23 23 -7 4 -20 7 21 8 -7 18 26 -22 -7 6 17 21 
-16 14 6 7 7 -2 24 5 -4 1 13 3 -18 21 20 13 -26 -21 -3 13 
13 -3 -21 -26 13 20 21 -18 3 13 1 -4 5 24 -2 7 7 6 14 -16 
21 17 6 -7 -22 26 18 -7 8 21 7 -20 4 -7 23 23 -16 14 25 -6 
4 6 14 9 -9 12 14 25 6 15 11 -16 -18 18 3 18 16 2 2 2 
14 9 -6 15 25 9 14 -9 8 8 0 -19 20 20 -16 24 21 -2 6 2 
-21 16 26 11 7 -1 -23 17 18 19 15 24 16 -3 -20 15 -1 -10 -21 20 
21 15 -26 26 -5 5 1 26 -2 25 20 17 -16 12 17 15 -26 17 7 11 
19 -6 -2 21 21 13 9 18 23 -19 6 5 1 4 16 9 26 0 1 23 
8 11 -7 24 26 -18 21 18 -3 6 20 19 22 -9 2 11 4 -2 12 17 
19 8 21 5 8 18 -1 21 0 -18 17 6 5 17 19 3 1 25 1 26 
13 1 -20 2 3 7 -20 12 1 14 16 4 8 2 9 15 10 -8 -10 17 
47
3
14 2
18 15
12 17
5 17
1 4
7 2
18
5 19 8
12 16 9
6 18 10
17 10 11
18 10 12
13 10 14
13 5 8
8 11 8
13 12 12
14 0 8
7 3 9
13 1 10
2 9 11
1 9 12
6 9 14
6 14 8
11 8 8
6 7 12
32
14 6
8 6
4 2
0 6
7 8
15 6
13 4
0 8
16 2
5 9
16 6
3 19
12 1
5 16
2 1
0 11
5 13
11 13
15 17
19 13
12 11
4 13
6 15
19 11
3 17
14 10
3 13
16 0
7 18
14 3
17 18
19 8
