20 20
-5 1 27 -12 16 10 -21 2 27 13 -2 28 5 25 3 3 -5 8 -3 -9 
9 7 -30 30 -23 -9 19 -10 21 -4 -8 5 -11 9 0 3 16 24 -17 -22 
21 29 6 14 11 0 17 15 21 6 -22 15 -19 21 5 -21 21 9 -16 9 
15 9 19 23 2 2 13 -21 2 30 0 -24 -30 19 17 -4 17 27 -17 8 
8 10 15 -11 20 1 15 -21 4 10 5 27 26 14 18 30 -11 -11 25 21 
-21 -4 30 29 3 28 -18 -18 6 -21 30 -17 21 5 11 7 -27 -3 4 3 
-17 -24 3 -29 -8 20 -13 15 11 26 20 -20 29 -4 -2 -3 29 24 16 -5 
1 4 -28 -17 -24 16 5 27 10 30 20 13 6 25 -24 22 24 30 15 28 
18 11 30 3 -30 14 -21 8 -27 -6 21 4 4 18 24 17 -4 0 7 14 
-28 22 -7 -19 -16 27 13 -26 3 22 -17 19 23 18 7 5 -26 16 -11 21 
21 -11 16 -26 5 7 18 23 19 -17 22 3 -26 13 27 -16 -19 -7 22 -28 
14 7 0 -4 17 24 18 4 4 21 -6 -27 8 -21 14 -30 3 30 11 18 
28 15 30 24 22 -24 25 6 13 20 30 10 27 5 16 -24 -17 -28 4 1 
-5 16 24 29 -3 -2 -4 29 -20 20 26 11 15 -13 20 -8 -29 3 -24 -17 
3 4 -3 -27 7 11 5 21 -17 30 -21 6 -18 -18 28 3 29 30 -4 -21 
21 25 -11 -11 30 18 14 26 27 5 10 4 -21 15 1 20 -11 15 10 8 
8 -17 27 17 -4 17 19 -30 -24 0 30 2 -21 13 2 2 23 19 9 15 
9 -16 9 21 -21 5 21 -19 15 -22 6 21 15 17 0 11 14 6 29 21 
-22 -17 24 16 3 0 9 -11 5 -8 -4 21 -10 19 -9 -23 30 -30 7 9 
-9 -3 8 -5 3 3 25 5 28 -2 13 27 2 -21 10 16 -12 27 1 -5 
41
6
6 1
10 15
14 12
19 2
15 0
0 4
13 18
9 4
5 7
0 17
4 19
19 15
10
12 15 15
4 15 10
8 10 8
0 16 10
11 5 13
7 4 15
15 4 10
11 9 8
19 3 10
8 14 13
40
5 19
7 9
1 9
4 1
8 9
3 10
17 4
17 19
5 2
0 6
15 10
5 0
3 5
0 3
14 11
7 11
17 8
5 9
18 8
13 4
14 0
12 10
18 10
15 18
11 10
16 9
2 15
2 0
14 17
19 13
4 9
14 19
16 14
19 16
5 8
12 8
2 11
14 10
1 11
6 15
