20 20
13 15 12 1 5 14 3 -3 4 4 4 12 18 7 -18 14 1 0 11 15 
12 -16 -1 18 10 5 -16 -6 10 4 -3 2 1 15 8 13 9 -16 3 7 
9 17 11 8 16 12 4 6 -6 1 14 -17 6 15 9 14 8 8 -16 9 
3 12 -8 18 13 15 0 16 7 3 15 16 -13 -2 -3 11 10 6 7 0 
1 16 -13 10 14 7 0 -6 18 13 13 2 11 12 17 -6 9 -16 11 -5 
13 5 -10 6 1 -9 7 17 2 -10 18 0 9 10 -3 15 2 -14 4 4 
0 18 -13 4 9 2 11 -7 9 3 14 -3 -16 4 8 -7 16 -14 6 0 
9 9 9 14 6 6 -16 12 17 1 15 12 9 15 -3 1 7 -1 -18 16 
10 2 1 5 7 13 16 9 -1 15 8 9 7 8 9 14 1 -3 5 11 
18 4 1 -7 4 -8 -6 1 -15 14 6 18 -11 3 -11 17 12 2 12 18 
18 12 2 12 17 -11 3 -11 18 6 14 -15 1 -6 -8 4 -7 1 4 18 
11 5 -3 1 14 9 8 7 9 8 15 -1 9 16 13 7 5 1 2 10 
16 -18 -1 7 1 -3 15 9 12 15 1 17 12 -16 6 6 14 9 9 9 
0 6 -14 16 -7 8 4 -16 -3 14 3 9 -7 11 2 9 4 -13 18 0 
4 4 -14 2 15 -3 10 9 0 18 -10 2 17 7 -9 1 6 -10 5 13 
-5 11 -16 9 -6 17 12 11 2 13 13 18 -6 0 7 14 10 -13 16 1 
0 7 6 10 11 -3 -2 -13 16 15 3 7 16 0 15 13 18 -8 12 3 
9 -16 8 8 14 9 15 6 -17 14 1 -6 6 4 12 16 8 11 17 9 
7 3 -16 9 13 8 15 1 2 -3 4 10 -6 -16 5 10 18 -1 -16 12 
15 11 0 1 14 -18 7 18 12 4 4 4 -3 3 14 5 1 12 15 13 
37
2
10 13
19 3
9 6
0 16
6
0 2 15
16 15 16
9 15 9
19 17 15
3 4 16
10 4 9
28
0 18
4 17
1 19
0 7
1 8
15 5
18 12
18 14
6 3
4 10
13 7
5 4
11 1
17 19
19 1
15 2
18 0
19 12
18 11
4 14
1 7
1 5
13 16
15 9
6 12
14 15
8 18
2 0
