20 20
2 3 1 0 4 -2 0 1 4 4 4 5 2 0 2 3 3 2 -3 1 
1 -4 5 0 2 4 3 4 -3 4 -1 -1 -3 2 5 5 2 5 -1 5 
5 1 2 0 4 4 0 0 5 -1 3 4 3 5 2 3 4 1 1 2 
-2 -4 1 3 0 4 4 0 3 4 1 2 1 5 -5 0 2 1 1 1 
5 3 5 -1 -3 1 5 -5 -5 5 -3 -5 5 -4 -1 5 2 1 2 4 
5 2 1 -4 3 4 4 4 3 -1 0 -5 5 1 -2 0 2 0 5 -4 
3 1 2 3 2 -5 2 1 5 -5 0 3 -2 -4 4 1 4 -1 5 -2 
0 4 -1 3 3 2 1 3 0 4 4 4 2 0 5 2 1 1 1 2 
5 2 3 3 -1 -4 3 5 3 3 0 -2 2 -4 -3 -1 3 -4 1 5 
-4 0 -2 4 1 3 5 3 5 1 0 0 3 1 1 1 4 4 4 4 
4 4 4 4 1 1 1 3 0 0 1 5 3 5 3 1 4 -2 0 -4 
5 1 -4 3 -1 -3 -4 2 -2 0 3 3 5 3 -4 -1 3 3 2 5 
2 1 1 1 2 5 0 2 4 4 4 0 3 1 2 3 3 -1 4 0 
-2 5 -1 4 1 4 -4 -2 3 0 -5 5 1 2 -5 2 3 2 1 3 
-4 5 0 2 0 -2 1 5 -5 0 -1 3 4 4 4 3 -4 1 2 5 
4 2 1 2 5 -1 -4 5 -5 -3 5 -5 -5 5 1 -3 -1 5 3 5 
1 1 1 2 0 -5 5 1 2 1 4 3 0 4 4 0 3 1 -4 -2 
2 1 1 4 3 2 5 3 4 3 -1 5 0 0 4 4 0 2 1 5 
5 -1 5 2 5 5 2 -3 -1 -1 4 -3 4 3 4 2 0 5 -4 1 
1 -3 2 3 3 2 0 2 5 4 4 4 1 0 -2 4 0 1 3 2 
52
7
2 15
10 2
0 16
3 12
11 0
10 11
4 12
17 4
9 17
19 3
16 7
8 19
9 8
15 7
6
10 4 10
7 8 9
1 2 8
9 15 10
12 11 9
18 17 8
40
11 17
5 15
10 14
17 1
9 13
2 16
5 3
0 14
9 0
4 13
11 7
7 13
5 4
13 9
11 3
7 18
3 6
17 5
19 14
6 4
8 2
14 4
9 5
2 18
10 6
17 3
14 16
19 5
10 19
15 6
8 12
12 6
14 15
6 10
8 16
12 1
16 13
2 14
0 5
13 15
