20 20
15 4 2 1 7 -3 -8 23 25 -17 22 13 -10 7 24 13 15 -24 -23 3 
24 -1 4 1 13 0 -20 24 7 -3 3 10 22 -19 -9 5 21 22 11 8 
21 11 17 0 -4 -24 26 14 9 5 8 22 4 -19 11 -1 10 24 4 13 
23 5 3 11 -20 -26 24 20 15 -20 17 -18 9 27 3 22 27 5 -1 21 
10 10 7 11 27 16 4 23 15 -3 -8 19 6 25 25 -20 15 -15 12 18 
13 14 8 13 5 3 7 -10 7 21 27 17 -12 19 26 7 -9 4 -13 23 
10 14 18 9 14 6 13 10 11 1 -2 12 27 17 2 25 3 14 22 16 
-22 3 26 12 19 9 15 24 10 19 6 18 23 20 26 -26 4 -2 4 11 
24 19 -1 18 24 15 -22 22 14 10 24 25 24 10 2 -17 20 0 17 24 
7 19 6 21 8 -11 -25 1 21 16 11 9 2 0 -5 24 1 5 12 25 
25 12 5 1 24 -5 0 2 9 11 16 21 1 -25 -11 8 21 6 19 7 
24 17 0 20 -17 2 10 24 25 24 10 14 22 -22 15 24 18 -1 19 24 
11 4 -2 4 -26 26 20 23 18 6 19 10 24 15 9 19 12 26 3 -22 
16 22 14 3 25 2 17 27 12 -2 1 11 10 13 6 14 9 18 14 10 
23 -13 4 -9 7 26 19 -12 17 27 21 7 -10 7 3 5 13 8 14 13 
18 12 -15 15 -20 25 25 6 19 -8 -3 15 23 4 16 27 11 7 10 10 
21 -1 5 27 22 3 27 9 -18 17 -20 15 20 24 -26 -20 11 3 5 23 
13 4 24 10 -1 11 -19 4 22 8 5 9 14 26 -24 -4 0 17 11 21 
8 11 22 21 5 -9 -19 22 10 3 -3 7 24 -20 0 13 1 4 -1 24 
3 -23 -24 15 13 24 7 -10 13 22 -17 25 23 -8 -3 7 1 2 4 15 
48
7
0 13
11 10
10 18
17 6
10 12
8 10
7 8
19 6
8 9
9 1
2 13
9 7
11 9
12 11
10
4 18 10
3 13 10
1 7 14
2 15 12
2 12 9
15 1 10
16 6 10
18 12 14
17 4 12
17 7 9
26
5 10
0 11
19 1
11 5
3 11
1 2
2 19
7 3
1 13
16 12
4 9
9 17
5 13
14 9
19 8
0 18
8 14
16 8
18 17
17 0
12 16
18 6
3 7
15 10
10 2
14 6
