20 20
15 5 5 2 4 21 8 15 0 -7 9 3 0 1 5 -6 16 3 23 1 
10 15 0 13 -2 16 14 5 20 -19 20 19 -18 9 12 16 4 19 8 9 
3 5 13 15 9 9 17 13 13 24 1 3 17 23 21 14 9 11 16 10 
-1 18 13 22 23 14 1 14 23 19 9 -1 -23 -1 13 16 6 19 -7 9 
3 12 9 17 16 4 23 20 -21 0 7 15 16 13 5 13 21 19 7 -14 
3 0 17 -13 15 15 1 19 17 3 9 -13 22 -24 2 4 16 18 -9 7 
17 9 -20 12 13 11 -11 -6 0 8 7 17 -5 15 5 8 7 -13 10 10 
0 8 23 16 9 -2 21 -13 3 8 8 13 12 4 1 19 24 -13 1 -5 
12 17 0 -11 18 17 12 15 22 -5 5 13 2 3 2 4 -9 3 19 10 
8 12 -24 1 1 -1 22 11 4 7 18 23 24 13 6 -11 -10 1 19 2 
2 19 1 -10 -11 6 13 24 23 18 7 4 11 22 -1 1 1 -24 12 8 
10 19 3 -9 4 2 3 2 13 5 -5 22 15 12 17 18 -11 0 17 12 
-5 1 -13 24 19 1 4 12 13 8 8 3 -13 21 -2 9 16 23 8 0 
10 10 -13 7 8 5 15 -5 17 7 8 0 -6 -11 11 13 12 -20 9 17 
7 -9 18 16 4 2 -24 22 -13 9 3 17 19 1 15 15 -13 17 0 3 
-14 7 19 21 13 5 13 16 15 7 0 -21 20 23 4 16 17 9 12 3 
9 -7 19 6 16 13 -1 -23 -1 9 19 23 14 1 14 23 22 13 18 -1 
10 16 11 9 14 21 23 17 3 1 24 13 13 17 9 9 15 13 5 3 
9 8 19 4 16 12 9 -18 19 20 -19 20 5 14 16 -2 13 0 15 10 
1 23 3 16 -6 5 1 0 3 9 -7 0 15 8 21 4 2 5 5 15 
48
2
11 10
9 10
8 9
10 9
8
9 3 14
12 5 12
1 19 16
3 14 11
10 16 14
7 14 12
18 0 16
16 5 11
26
17 11
10 3
10 14
0 10
17 1
11 17
1 7
18 11
15 10
18 8
13 8
16 12
13 17
2 8
9 16
9 5
19 9
2 18
8 2
18 12
1 8
4 9
1 11
6 11
3 7
6 2
