20 20
-2 1 5 -2 -7 24 15 9 -21 16 11 24 10 -24 12 18 5 23 14 -6 
-4 4 -15 7 1 -10 -17 2 18 22 -16 11 24 9 15 -3 9 -22 5 9 
20 -2 -1 5 -24 7 24 -18 9 14 13 -2 24 7 11 24 6 13 -8 10 
17 -19 7 24 14 13 17 2 22 23 -21 15 14 15 -24 1 5 20 9 -2 
1 3 10 21 -22 16 20 13 21 -11 3 10 2 4 6 -22 0 24 9 23 
3 -8 9 19 21 -24 23 -24 1 -16 -15 16 21 20 0 -17 15 0 -12 18 
-16 14 -23 9 21 15 1 -24 15 0 6 21 2 14 20 7 21 19 12 -18 
1 -15 -8 -3 11 -10 -3 7 22 11 18 -18 22 13 14 -17 -6 -1 10 4 
-10 2 19 1 8 -10 8 15 14 21 8 20 6 -4 23 21 10 9 -6 -16 
1 12 21 20 24 19 7 23 9 4 8 4 1 1 14 7 -23 7 -21 17 
17 -21 7 -23 7 14 1 1 4 8 4 9 23 7 19 24 20 21 12 1 
-16 -6 9 10 21 23 -4 6 20 8 21 14 15 8 -10 8 1 19 2 -10 
4 10 -1 -6 -17 14 13 22 -18 18 11 22 7 -3 -10 11 -3 -8 -15 1 
-18 12 19 21 7 20 14 2 21 6 0 15 -24 1 15 21 9 -23 14 -16 
18 -12 0 15 -17 0 20 21 16 -15 -16 1 -24 23 -24 21 19 9 -8 3 
23 9 24 0 -22 6 4 2 10 3 -11 21 13 20 16 -22 21 10 3 1 
-2 9 20 5 1 -24 15 14 15 -21 23 22 2 17 13 14 24 7 -19 17 
10 -8 13 6 24 11 7 24 -2 13 14 9 -18 24 7 -24 5 -1 -2 20 
9 5 -22 9 -3 15 9 24 11 -16 22 18 2 -17 -10 1 7 -15 4 -4 
-6 14 23 5 18 12 -24 10 24 11 16 -21 9 15 24 -7 -2 5 1 -2 
42
3
5 12
17 12
4 1
14 7
2 7
15 18
14
15 19 8
6 10 8
13 14 8
9 15 10
3 5 12
5 8 8
15 1 10
4 0 8
13 9 8
6 5 8
10 4 10
16 14 12
14 11 8
4 18 10
34
15 8
18 2
10 5
10 18
3 11
11 9
16 18
9 7
11 1
1 2
15 6
12 11
16 12
13 8
1 8
7 1
18 9
4 11
1 17
9 14
9 1
16 8
8 10
3 1
10 12
8 18
18 17
4 13
7 8
3 7
6 11
18 11
12 18
1 10
