20 20
16 -1 26 25 20 12 -9 30 1 -13 -29 16 12 4 -29 22 14 25 3 -11 
15 20 21 7 -23 2 15 -21 17 0 18 -15 -7 16 23 15 7 19 -21 22 
8 8 27 21 30 3 -25 23 14 11 5 21 28 16 -28 18 24 -8 8 8 
6 5 9 -13 8 27 24 22 -3 15 16 -19 7 -21 27 7 3 26 -16 15 
15 1 27 23 1 13 13 -6 21 3 11 2 19 12 13 -12 -11 10 29 -4 
25 -5 15 22 26 9 -26 23 -18 8 30 10 20 -11 22 9 12 -25 14 28 
-10 13 7 -10 1 19 28 16 13 28 -24 15 24 26 27 4 -22 3 -19 14 
20 -25 3 9 8 -7 28 -20 4 10 23 23 4 27 2 -12 24 13 -5 13 
24 29 3 -21 14 -9 -25 17 21 17 22 22 26 -25 9 24 -29 -10 26 5 
18 28 29 -15 15 29 17 -28 21 16 26 23 4 -22 2 22 28 11 -9 -24 
-24 -9 11 28 22 2 -22 4 23 26 16 21 -28 17 29 15 -15 29 28 18 
5 26 -10 -29 24 9 -25 26 22 22 17 21 17 -25 -9 14 -21 3 29 24 
13 -5 13 24 -12 2 27 4 23 23 10 4 -20 28 -7 8 9 3 -25 20 
14 -19 3 -22 4 27 26 24 15 -24 28 13 16 28 19 1 -10 7 13 -10 
28 14 -25 12 9 22 -11 20 10 30 8 -18 23 -26 9 26 22 15 -5 25 
-4 29 10 -11 -12 13 12 19 2 11 3 21 -6 13 13 1 23 27 1 15 
15 -16 26 3 7 27 -21 7 -19 16 15 -3 22 24 27 8 -13 9 5 6 
8 8 -8 24 18 -28 16 28 21 5 11 14 23 -25 3 30 21 27 8 8 
22 -21 19 7 15 23 16 -7 -15 18 0 17 -21 15 2 -23 7 21 20 15 
-11 3 25 14 22 -29 4 12 16 -29 -13 1 30 -9 12 20 25 26 -1 16 
56
2
1 16
18 8
18 3
1 11
20
8 13 16
4 5 9
3 11 8
1 13 13
19 3 15
14 0 14
2 7 8
7 3 8
3 8 15
7 19 16
11 6 16
15 14 9
16 8 8
18 6 13
0 16 15
5 19 14
17 12 8
12 16 8
16 11 15
12 0 16
36
4 9
4 15
19 5
1 12
4 17
14 7
0 13
3 0
9 3
16 17
0 18
14 1
4 12
18 4
4 10
18 9
9 0
14 9
15 10
15 4
0 14
18 7
15 2
5 12
19 6
16 19
10 16
3 2
19 1
5 18
15 7
1 15
15 9
1 10
10 19
5 10
