20 20
-18 2 -8 -20 2 4 -9 16 -20 16 25 13 14 23 17 -5 0 23 -11 12 
15 14 10 9 1 -24 19 23 18 1 -24 7 5 12 7 15 22 17 4 28 
23 1 2 -16 -3 16 19 22 23 3 14 -26 16 28 -13 -28 27 6 4 25 
6 18 26 -2 23 14 22 20 17 20 20 29 -8 -8 25 -21 -2 -12 22 -17 
27 24 24 -22 26 11 8 23 19 18 29 24 16 29 15 25 19 -18 20 -28 
-11 -26 6 15 0 26 7 8 20 11 18 7 -10 14 7 16 -19 16 -10 12 
1 12 13 23 5 20 -9 3 4 5 -19 16 20 26 8 29 20 7 -3 7 
1 13 18 6 23 -4 9 25 -18 16 17 4 -24 23 14 7 29 3 15 4 
3 -2 11 7 21 18 20 12 29 18 22 9 2 28 21 21 13 -20 -21 25 
18 25 -13 23 -7 29 28 14 28 16 -10 6 -8 22 26 8 -10 6 17 14 
14 17 6 -10 8 26 22 -8 6 -10 16 28 14 28 29 -7 23 -13 25 18 
25 -21 -20 13 21 21 28 2 9 22 18 29 12 20 18 21 7 11 -2 3 
4 15 3 29 7 14 23 -24 4 17 16 -18 25 9 -4 23 6 18 13 1 
7 -3 7 20 29 8 26 20 16 -19 5 4 3 -9 20 5 23 13 12 1 
12 -10 16 -19 16 7 14 -10 7 18 11 20 8 7 26 0 15 6 -26 -11 
-28 20 -18 19 25 15 29 16 24 29 18 19 23 8 11 26 -22 24 24 27 
-17 22 -12 -2 -21 25 -8 -8 29 20 20 17 20 22 14 23 -2 26 18 6 
25 4 6 27 -28 -13 28 16 -26 14 3 23 22 19 16 -3 -16 2 1 23 
28 4 17 22 15 7 12 5 7 -24 1 18 23 19 -24 1 9 10 14 15 
12 -11 23 0 -5 17 23 14 13 25 16 -20 16 -9 4 2 -20 -8 2 -18 
59
5
14 1
2 17
2 9
11 13
11 1
5 18
17 2
17 10
8 6
8 18
20
12 9 16
12 13 13
13 17 16
2 1 13
8 3 14
3 12 15
14 0 10
13 0 13
11 5 12
19 2 10
7 10 16
7 6 13
6 2 16
17 18 13
11 16 14
16 7 15
5 19 10
6 19 13
8 14 12
0 17 10
34
0 14
19 18
9 11
15 1
8 5
9 6
5 12
10 0
7 3
7 15
5 9
11 12
4 6
12 0
18 11
3 17
1 16
19 5
0 1
10 8
4 18
11 14
10 13
14 7
9 19
12 16
12 4
14 10
8 7
15 13
7 19
1 8
16 2
18 3
