20 20
1 0 1 1 8 1 7 7 5 7 3 2 6 5 8 5 8 -4 7 0 
2 7 7 8 -8 -2 0 7 0 -5 4 3 5 3 2 0 -2 4 -1 3 
7 4 0 2 -2 -8 6 -1 7 8 1 -3 3 6 7 -7 -7 0 0 7 
-2 1 -3 2 -3 6 2 4 7 7 3 7 -1 1 -1 1 8 2 -4 7 
0 1 0 -7 2 5 5 2 8 6 5 1 1 3 7 7 6 -3 7 4 
-7 2 5 3 4 5 8 -8 -8 1 -4 7 4 -6 8 1 3 4 8 6 
5 0 1 2 -2 0 4 -8 1 -4 -7 2 6 3 6 0 -3 7 1 -7 
-4 -3 5 2 2 0 3 4 5 4 -8 5 -3 2 1 3 -5 6 2 2 
1 4 5 4 2 3 5 0 0 -1 6 1 6 -8 6 6 6 -5 -4 7 
7 7 4 2 -2 -1 -4 4 -7 2 -2 1 6 3 7 -3 0 5 0 8 
8 0 5 0 -3 7 3 6 1 -2 2 -7 4 -4 -1 -2 2 4 7 7 
7 -4 -5 6 6 6 -8 6 1 6 -1 0 0 5 3 2 4 5 4 1 
2 2 6 -5 3 1 2 -3 5 -8 4 5 4 3 0 2 2 5 -3 -4 
-7 1 7 -3 0 6 3 6 2 -7 -4 1 -8 4 0 -2 2 1 0 5 
6 8 4 3 1 8 -6 4 7 -4 1 -8 -8 8 5 4 3 5 2 -7 
4 7 -3 6 7 7 3 1 1 5 6 8 2 5 5 2 -7 0 1 0 
7 -4 2 8 1 -1 1 -1 7 3 7 7 4 2 6 -3 2 -3 1 -2 
7 0 0 -7 -7 7 6 3 -3 1 8 7 -1 6 -8 -2 2 0 4 7 
3 -1 4 -2 0 2 3 5 3 4 -5 0 7 0 -2 -8 8 7 7 2 
0 7 -4 8 5 8 5 6 2 3 7 5 7 7 1 8 1 1 0 1 
46
4
19 15
4 11
3 6
18 15
0 4
15 8
16 13
1 4
14
8 0 10
2 8 10
19 16 9
15 16 11
11 6 10
15 18 12
6 4 10
11 19 10
17 11 10
0 3 9
4 3 11
8 13 10
4 1 12
13 15 10
32
11 12
0 6
9 10
9 2
0 8
15 19
10 18
18 13
12 17
6 17
12 3
9 14
13 9
9 11
12 16
11 15
8 7
19 13
10 9
10 17
19 11
4 0
9 1
1 6
7 2
13 2
7 16
10 5
6 10
10 8
7 3
8 4
