20 20
22 2 13 -12 21 18 7 3 -21 -26 27 11 19 20 -18 2 -17 26 3 -16 
-5 27 23 27 25 -5 8 19 25 24 8 23 -24 27 9 -24 8 20 24 19 
-8 24 11 26 -5 7 23 12 9 7 1 17 -26 -7 -23 -12 3 -7 11 12 
-15 21 10 3 -4 -5 -26 1 16 10 1 17 -10 19 21 -22 -18 18 11 2 
-13 23 8 2 4 -12 15 -15 14 -25 19 25 1 7 -13 -3 -13 5 8 -24 
7 8 10 4 12 -14 26 -20 23 12 23 23 13 14 -1 -6 12 0 16 -3 
3 16 -3 23 -11 4 14 23 4 10 21 -27 20 18 25 11 12 -23 6 25 
-21 22 12 13 -25 2 16 9 -21 -19 -6 4 21 11 -10 24 4 4 1 -12 
17 19 13 18 3 -20 3 16 -9 6 2 -5 27 3 8 21 6 1 11 2 
24 9 5 -10 -25 -17 3 -9 25 -9 22 3 -14 24 -16 11 13 16 3 23 
23 3 16 13 11 -16 24 -14 3 22 -9 25 -9 3 -17 -25 -10 5 9 24 
2 11 1 6 21 8 3 27 -5 2 6 -9 16 3 -20 3 18 13 19 17 
-12 1 4 4 24 -10 11 21 4 -6 -19 -21 9 16 2 -25 13 12 22 -21 
25 6 -23 12 11 25 18 20 -27 21 10 4 23 14 4 -11 23 -3 16 3 
-3 16 0 12 -6 -1 14 13 23 23 12 23 -20 26 -14 12 4 10 8 7 
-24 8 5 -13 -3 -13 7 1 25 19 -25 14 -15 15 -12 4 2 8 23 -13 
2 11 18 -18 -22 21 19 -10 17 1 10 16 1 -26 -5 -4 3 10 21 -15 
12 11 -7 3 -12 -23 -7 -26 17 1 7 9 12 23 7 -5 26 11 24 -8 
19 24 20 8 -24 9 27 -24 23 8 24 25 19 8 -5 25 27 23 27 -5 
-16 3 26 -17 2 -18 20 19 11 27 -26 -21 3 7 18 21 -12 13 2 22 
59
4
15 12
3 0
15 6
2 19
4 7
16 19
4 13
17 0
20
3 8 11
14 8 15
19 5 13
1 15 15
9 10 11
12 8 13
14 10 14
17 1 12
13 0 13
2 6 14
16 11 11
5 11 15
0 14 13
18 4 15
10 9 11
7 11 13
5 9 14
2 18 12
6 19 13
17 13 14
38
4 9
8 1
9 17
1 4
2 9
12 6
19 16
16 15
10 12
8 3
8 18
19 15
18 0
2 13
6 8
16 3
5 6
2 8
1 9
15 10
11 18
10 2
18 15
17 10
7 13
0 3
3 4
9 7
11 16
11 1
0 4
1 19
17 6
13 11
3 16
14 13
17 11
18 10
