20 20
14 19 25 26 3 5 -19 -23 10 22 0 -16 -27 -16 20 2 18 -27 -21 18 
25 -24 2 7 15 10 16 15 10 17 12 21 8 27 26 -17 15 14 -7 18 
23 9 28 5 24 26 27 -24 -12 -8 1 24 -12 13 5 -24 22 25 20 20 
22 27 -11 14 -24 -17 -17 -3 7 4 23 0 14 12 2 24 17 16 -2 18 
9 -14 28 15 -11 19 7 21 -24 12 27 11 17 -22 17 22 5 8 5 6 
23 13 8 9 25 21 5 16 -14 -16 27 21 24 0 18 7 -28 24 25 -9 
5 8 -12 1 -5 23 24 -17 21 16 16 -12 21 -6 4 24 12 28 14 11 
6 9 19 6 -11 -3 -9 17 24 21 -23 20 19 -24 19 23 23 18 19 11 
1 14 5 15 15 20 -13 28 -25 -26 24 -28 7 18 23 25 11 -16 9 2 
12 28 15 27 -27 28 2 -25 -17 17 21 0 15 -25 4 13 5 10 13 14 
14 13 10 5 13 4 -25 15 0 21 17 -17 -25 2 28 -27 27 15 28 12 
2 9 -16 11 25 23 18 7 -28 24 -26 -25 28 -13 20 15 15 5 14 1 
11 19 18 23 23 19 -24 19 20 -23 21 24 17 -9 -3 -11 6 19 9 6 
11 14 28 12 24 4 -6 21 -12 16 16 21 -17 24 23 -5 1 -12 8 5 
-9 25 24 -28 7 18 0 24 21 27 -16 -14 16 5 21 25 9 8 13 23 
6 5 8 5 22 17 -22 17 11 27 12 -24 21 7 19 -11 15 28 -14 9 
18 -2 16 17 24 2 12 14 0 23 4 7 -3 -17 -17 -24 14 -11 27 22 
20 20 25 22 -24 5 13 -12 24 1 -8 -12 -24 27 26 24 5 28 9 23 
18 -7 14 15 -17 26 27 8 21 12 17 10 15 16 10 15 7 2 -24 25 
18 -21 -27 18 2 20 -16 -27 -16 0 22 10 -23 -19 5 3 26 25 19 14 
52
6
14 8
3 2
0 15
18 16
10 17
7 6
5 11
16 17
19 4
1 3
9 2
12 13
12
11 0 13
6 7 13
4 8 11
10 8 14
9 13 9
12 6 10
8 19 13
13 12 13
15 11 11
9 11 14
10 6 9
7 13 10
40
1 6
1 12
16 14
2 5
8 15
6 13
12 1
11 16
18 12
6 0
11 7
12 4
14 6
7 11
19 10
10 2
6 5
16 0
1 2
16 8
18 13
18 7
3 5
17 14
11 4
13 6
7 18
8 3
1 7
13 19
8 12
7 15
5 13
12 8
0 9
9 17
13 14
3 19
18 17
3 11
