20 20
8 0 8 -4 11 3 1 -13 1 -9 13 -13 5 2 9 0 3 3 8 13 
3 7 -7 11 -13 11 6 6 1 7 12 -12 -12 -1 6 2 -2 13 8 -3 
-12 7 8 1 12 14 13 5 5 -11 8 -1 12 3 8 11 5 2 7 4 
14 6 8 -4 -7 11 10 8 8 9 13 3 11 7 7 -13 8 -6 -1 4 
6 7 -10 11 9 -3 11 6 4 -5 13 7 1 12 2 -5 9 8 0 5 
10 2 6 -1 -4 1 3 -1 11 -11 -1 -1 2 3 3 5 10 12 3 2 
14 6 14 6 3 4 -13 6 4 6 13 8 12 -10 6 11 13 11 -10 9 
4 13 8 7 -3 14 -14 7 3 1 -10 -6 4 8 1 0 -8 -8 7 3 
4 6 -10 1 -6 -7 12 2 12 -14 12 -9 -13 2 2 -2 -10 2 8 8 
1 7 -8 14 12 6 7 -10 14 4 6 0 -7 0 1 2 -1 14 13 2 
2 13 14 -1 2 1 0 -7 0 6 4 14 -10 7 6 12 14 -8 7 1 
8 8 2 -10 -2 2 2 -13 -9 12 -14 12 2 12 -7 -6 1 -10 6 4 
3 7 -8 -8 0 1 8 4 -6 -10 1 3 7 -14 14 -3 7 8 13 4 
9 -10 11 13 11 6 -10 12 8 13 6 4 6 -13 4 3 6 14 6 14 
2 3 12 10 5 3 3 2 -1 -1 -11 11 -1 3 1 -4 -1 6 2 10 
5 0 8 9 -5 2 12 1 7 13 -5 4 6 11 -3 9 11 -10 7 6 
4 -1 -6 8 -13 7 7 11 3 13 9 8 8 10 11 -7 -4 8 6 14 
4 7 2 5 11 8 3 12 -1 8 -11 5 5 13 14 12 1 8 7 -12 
-3 8 13 -2 2 6 -1 -12 -12 12 7 1 6 6 11 -13 11 -7 7 3 
13 8 3 3 0 9 2 5 -13 13 -9 1 -13 1 3 11 -4 8 0 8 
54
3
12 17
0 14
13 4
7 2
19 5
6 15
6
14 8 9
3 16 14
10 15 8
5 11 9
16 3 14
9 4 8
30
5 15
17 14
2 7
0 5
12 0
11 19
5 9
16 14
7 6
3 18
0 19
17 10
4 0
14 3
0 7
14 4
2 5
17 12
19 14
7 19
8 0
14 10
3 5
12 13
16 1
19 0
2 9
15 19
5 16
19 12
