20 20
20 24 -5 17 0 -15 -27 -12 15 3 9 14 2 6 24 -26 22 -17 -2 13 
12 6 -22 19 8 4 15 25 -4 0 16 -14 16 12 5 3 -16 -6 26 8 
-25 13 -17 -11 26 22 2 11 5 15 23 -22 -20 -16 -2 0 16 0 13 8 
-16 22 10 14 18 25 21 -3 20 13 -15 12 15 -14 13 22 24 -24 3 3 
-12 20 -26 3 1 10 16 -1 8 2 1 4 14 -12 5 -9 13 1 10 -6 
-13 -7 27 -18 14 6 4 16 1 16 -4 2 20 10 19 26 25 9 13 4 
16 25 9 20 -17 20 25 7 -6 23 -4 7 0 2 -10 6 27 6 15 -19 
25 23 1 -21 5 -16 22 -17 -10 0 -13 10 9 9 11 25 11 -1 6 19 
20 3 8 -16 -20 2 25 24 12 4 -22 2 12 2 8 8 26 14 -24 11 
6 25 -8 10 -4 13 0 18 -22 19 -2 16 -27 -9 10 23 -10 20 22 2 
2 22 20 -10 23 10 -9 -27 16 -2 19 -22 18 0 13 -4 10 -8 25 6 
11 -24 14 26 8 8 2 12 2 -22 4 12 24 25 2 -20 -16 8 3 20 
19 6 -1 11 25 11 9 9 10 -13 0 -10 -17 22 -16 5 -21 1 23 25 
-19 15 6 27 6 -10 2 0 7 -4 23 -6 7 25 20 -17 20 9 25 16 
4 13 9 25 26 19 10 20 2 -4 16 1 16 4 6 14 -18 27 -7 -13 
-6 10 1 13 -9 5 -12 14 4 1 2 8 -1 16 10 1 3 -26 20 -12 
3 3 -24 24 22 13 -14 15 12 -15 13 20 -3 21 25 18 14 10 22 -16 
8 13 0 16 0 -2 -16 -20 -22 23 15 5 11 2 22 26 -11 -17 13 -25 
8 26 -6 -16 3 5 12 16 -14 16 0 -4 25 15 4 8 19 -22 6 12 
13 -2 -17 22 -26 24 6 2 14 9 3 15 -12 -27 -15 0 17 -5 24 20 
51
4
10 14
17 1
9 12
6 7
9 5
2 18
10 7
13 12
12
3 1 16
19 14 13
11 16 11
13 18 16
1 14 13
5 1 13
16 18 16
0 5 13
8 3 11
6 1 16
18 5 13
14 18 13
30
17 7
16 1
16 9
18 14
1 16
11 17
13 19
19 2
10 18
15 5
7 15
5 19
3 2
13 11
18 9
2 12
3 18
3 10
1 5
18 3
8 2
6 0
0 17
9 1
4 14
12 4
14 0
16 17
6 8
1 10
