20 20
-12 -19 16 1 21 -11 0 4 -1 17 -16 12 8 0 10 1 18 16 2 7 
3 12 1 21 -14 2 17 -14 2 19 3 -21 1 -3 14 15 7 13 14 10 
-11 -20 19 20 10 21 9 13 21 13 -2 -13 -2 18 10 -9 -9 21 8 11 
10 17 -16 -21 -7 14 -6 -4 5 13 13 11 12 18 16 17 1 9 15 20 
-5 8 -19 -21 -15 3 21 14 7 -9 17 12 10 -6 19 13 14 15 -11 -12 
17 4 -5 -6 16 -21 8 17 21 7 -16 10 1 -9 12 -17 -19 21 -16 0 
4 19 15 -7 13 11 9 1 21 3 17 1 10 -13 16 8 10 18 -8 19 
19 -17 -2 -5 16 1 17 4 14 -1 -15 5 -4 8 19 8 -5 9 11 -12 
-17 12 1 -11 4 7 11 -11 -17 2 20 -11 5 -14 2 20 11 -11 -10 -8 
3 -15 -15 13 -3 5 -9 18 -3 -2 20 -4 0 -21 4 2 -4 7 -10 13 
13 -10 7 -4 2 4 -21 0 -4 20 -2 -3 18 -9 5 -3 13 -15 -15 3 
-8 -10 -11 11 20 2 -14 5 -11 20 2 -17 -11 11 7 4 -11 1 12 -17 
-12 11 9 -5 8 19 8 -4 5 -15 -1 14 4 17 1 16 -5 -2 -17 19 
19 -8 18 10 8 16 -13 10 1 17 3 21 1 9 11 13 -7 15 19 4 
0 -16 21 -19 -17 12 -9 1 10 -16 7 21 17 8 -21 16 -6 -5 4 17 
-12 -11 15 14 13 19 -6 10 12 17 -9 7 14 21 3 -15 -21 -19 8 -5 
20 15 9 1 17 16 18 12 11 13 13 5 -4 -6 14 -7 -21 -16 17 10 
11 8 21 -9 -9 10 18 -2 -13 -2 13 21 13 9 21 10 20 19 -20 -11 
10 14 13 7 15 14 -3 1 -21 3 19 2 -14 17 2 -14 21 1 12 3 
7 2 16 18 1 10 0 8 12 -16 17 -1 4 0 -11 21 1 16 -19 -12 
44
3
14 9
17 11
6 4
5 10
2 8
13 15
6
10 6 12
7 2 16
4 0 9
9 13 12
12 17 16
15 19 9
28
19 15
7 0
3 6
19 9
19 13
5 1
14 11
19 0
9 7
12 5
5 2
16 15
10 5
6 13
0 4
12 19
16 13
0 10
0 6
14 18
5 8
0 19
10 12
7 14
14 17
3 4
9 14
13 6
