20 20
3 0 2 1 3 -2 3 3 1 1 3 -3 3 1 2 3 3 2 2 0 
1 1 3 2 0 1 2 1 2 2 3 1 0 0 0 -3 0 0 -2 1 
2 2 0 1 -3 0 0 1 0 0 2 2 3 -1 -3 2 0 3 3 2 
-3 2 1 2 0 -2 2 3 3 2 0 2 2 1 3 -3 3 2 3 3 
2 0 3 -1 -2 3 3 2 2 3 -3 3 3 0 2 1 3 0 0 -3 
3 0 -1 -3 1 2 3 1 2 2 -3 1 2 2 1 3 1 2 0 -2 
2 2 3 -1 1 -1 1 -3 3 3 2 0 3 -1 2 0 1 -1 -1 3 
2 0 -1 -1 2 2 1 -3 2 2 -2 2 -3 0 1 0 2 1 2 2 
-3 0 3 2 3 -2 3 3 2 2 2 2 1 3 1 1 -2 1 1 2 
3 3 3 1 3 2 1 0 3 3 0 1 3 0 1 1 3 -2 1 3 
3 1 -2 3 1 1 0 3 1 0 3 3 0 1 2 3 1 3 3 3 
2 1 1 -2 1 1 3 1 2 2 2 2 3 3 -2 3 2 3 0 -3 
2 2 1 2 0 1 0 -3 2 -2 2 2 -3 1 2 2 -1 -1 0 2 
3 -1 -1 1 0 2 -1 3 0 2 3 3 -3 1 -1 1 -1 3 2 2 
-2 0 2 1 3 1 2 2 1 -3 2 2 1 3 2 1 -3 -1 0 3 
-3 0 0 3 1 2 0 3 3 -3 3 2 2 3 3 -2 -1 3 0 2 
3 3 2 3 -3 3 1 2 2 0 2 3 3 2 -2 0 2 1 2 -3 
2 3 3 0 2 -3 -1 3 2 2 0 0 1 0 0 -3 1 0 2 2 
1 -2 0 0 -3 0 0 0 1 3 2 2 1 2 1 0 2 3 1 1 
0 2 2 3 3 2 1 3 -3 3 1 1 3 3 -2 3 1 2 0 3 
44
2
4 3
2 14
15 16
17 5
18
14 9 9
9 7 16
10 16 9
9 8 11
19 1 13
1 9 13
7 0 10
13 3 12
19 12 16
5 10 9
10 12 16
9 3 9
10 11 11
0 18 13
18 10 13
12 19 10
6 16 12
0 7 16
34
7 8
3 7
18 6
5 19
10 5
18 7
16 2
2 16
12 13
15 10
2 15
1 19
3 8
7 3
19 4
3 6
16 10
12 11
16 12
1 13
14 0
9 14
1 12
3 17
17 3
7 6
4 9
17 4
18 0
16 11
12 16
0 15
16 13
3 9
