20 20
10 -23 -24 17 -1 10 -13 -11 10 14 -23 -14 14 12 1 15 18 -24 1 16 
13 12 18 2 16 9 24 4 -6 16 23 2 24 -11 -24 2 8 14 -4 2 
-23 2 7 23 15 11 -7 17 8 13 -22 3 11 3 21 12 24 -13 20 15 
-22 23 23 22 10 16 25 18 14 -24 -25 11 7 10 -12 6 3 9 8 15 
-8 -10 14 18 4 20 -5 -5 4 19 -10 5 -10 4 17 1 -10 25 17 18 
7 13 17 21 3 -21 2 14 9 4 7 2 22 -16 5 2 12 25 18 -14 
-23 -2 10 22 22 6 -16 5 16 -16 19 2 -14 24 11 -18 -2 13 -24 8 
15 23 21 21 5 13 1 -20 0 12 17 15 2 17 -6 23 4 22 25 -2 
21 23 15 10 0 22 8 15 -22 -11 18 6 10 4 23 -9 23 22 4 18 
7 4 -17 -17 14 3 3 1 15 -13 1 4 22 12 10 12 -18 -19 17 -24 
-24 17 -19 -18 12 10 12 22 4 1 -13 15 1 3 3 14 -17 -17 4 7 
18 4 22 23 -9 23 4 10 6 18 -11 -22 15 8 22 0 10 15 23 21 
-2 25 22 4 23 -6 17 2 15 17 12 0 -20 1 13 5 21 21 23 15 
8 -24 13 -2 -18 11 24 -14 2 19 -16 16 5 -16 6 22 22 10 -2 -23 
-14 18 25 12 2 5 -16 22 2 7 4 9 14 2 -21 3 21 17 13 7 
18 17 25 -10 1 17 4 -10 5 -10 19 4 -5 -5 20 4 18 14 -10 -8 
15 8 9 3 6 -12 10 7 11 -25 -24 14 18 25 16 10 22 23 23 -22 
15 20 -13 24 12 21 3 11 3 -22 13 8 17 -7 11 15 23 7 2 -23 
2 -4 14 8 2 -24 -11 24 2 23 16 -6 4 24 9 16 2 18 12 13 
16 1 -24 18 15 1 12 14 -14 -23 14 10 -11 -13 10 -1 17 -24 -23 10 
60
2
9 2
1 9
10 17
18 10
6
4 11 13
2 16 16
5 8 13
15 8 13
17 3 16
14 11 13
32
5 3
5 16
19 13
4 17
12 14
3 17
15 19
6 18
5 7
1 4
1 3
3 13
11 15
9 4
8 10
15 6
14 16
14 3
0 6
15 2
7 5
16 2
4 0
13 1
14 12
18 15
18 16
16 6
8 4
10 15
11 9
4 13
