20 20
23 24 -22 -19 24 19 -18 -11 17 15 7 25 8 9 12 -24 11 11 20 12 
14 23 21 9 10 4 3 -9 20 12 6 18 11 9 17 20 15 -19 5 -4 
3 17 7 24 -2 -14 -23 -20 11 -5 23 6 20 5 -5 -17 9 4 12 -21 
-18 20 25 12 22 -2 -5 19 6 7 9 22 5 -23 7 4 11 7 18 24 
6 11 14 7 17 16 4 8 14 -13 14 7 23 3 6 20 17 6 11 4 
10 2 15 24 -8 0 20 -10 -8 -20 8 20 22 -19 8 7 9 3 10 2 
10 -5 -6 -7 3 15 17 -22 -11 20 10 18 9 5 -12 1 14 -11 6 5 
2 19 15 14 16 20 25 21 22 4 8 3 10 8 22 8 10 9 19 24 
14 16 18 2 23 3 -25 -21 3 -2 12 1 15 9 13 7 3 7 14 8 
-9 10 10 4 12 -12 10 25 -3 -17 16 2 -4 12 5 20 18 25 -19 23 
23 -19 25 18 20 5 12 -4 2 16 -17 -3 25 10 -12 12 4 10 10 -9 
8 14 7 3 7 13 9 15 1 12 -2 3 -21 -25 3 23 2 18 16 14 
24 19 9 10 8 22 8 10 3 8 4 22 21 25 20 16 14 15 19 2 
5 6 -11 14 1 -12 5 9 18 10 20 -11 -22 17 15 3 -7 -6 -5 10 
2 10 3 9 7 8 -19 22 20 8 -20 -8 -10 20 0 -8 24 15 2 10 
4 11 6 17 20 6 3 23 7 14 -13 14 8 4 16 17 7 14 11 6 
24 18 7 11 4 7 -23 5 22 9 7 6 19 -5 -2 22 12 25 20 -18 
-21 12 4 9 -17 -5 5 20 6 23 -5 11 -20 -23 -14 -2 24 7 17 3 
-4 5 -19 15 20 17 9 11 18 6 12 20 -9 3 4 10 9 21 23 14 
12 20 11 11 -24 12 9 8 25 7 15 17 -11 -18 19 24 -19 -22 24 23 
60
7
15 11
17 6
0 2
11 9
8 2
14 12
13 18
4 8
2 13
19 17
8 10
11 17
5 7
6 1
14
19 12 13
14 5 13
17 14 12
4 2 14
1 7 13
1 6 15
1 10 12
0 7 13
5 14 13
2 5 12
15 17 14
18 12 13
18 13 15
18 9 12
40
2 12
3 17
17 19
12 9
18 10
6 17
18 0
10 4
19 1
12 6
18 19
11 19
0 16
5 15
3 15
15 12
9 19
14 11
9 7
8 17
17 7
16 2
2 0
7 10
1 9
13 2
1 19
9 15
0 18
7 13
1 0
8 0
19 3
14 4
16 4
4 7
10 0
5 8
10 12
11 2
