20 20
-1 10 9 3 7 7 -4 -4 9 6 -9 7 0 4 8 12 1 3 -8 -3 
8 10 -8 -12 8 3 9 2 -8 -12 10 -4 8 11 9 6 10 7 -9 12 
1 -2 -6 9 12 7 -2 3 8 3 -11 0 5 5 5 -10 10 10 10 12 
-4 -1 2 5 2 5 5 0 -1 -3 0 2 11 0 5 11 11 8 10 -11 
1 11 -4 -4 11 -11 7 6 5 5 10 4 3 -3 -2 10 3 -12 0 2 
2 8 9 4 -8 10 -9 9 8 7 -1 1 2 -6 11 -6 11 1 6 -7 
-5 6 5 4 -3 -10 1 6 10 -12 -7 -5 5 9 10 9 -5 -11 5 12 
-4 -1 -11 11 12 10 3 11 12 8 2 -9 10 2 0 11 -9 -11 6 -11 
2 11 -1 8 4 0 9 1 1 -4 7 12 7 5 6 8 11 -12 0 8 
-3 6 -10 -7 -10 6 10 7 6 5 10 5 8 7 8 12 -12 11 2 8 
8 2 11 -12 12 8 7 8 5 10 5 6 7 10 6 -10 -7 -10 6 -3 
8 0 -12 11 8 6 5 7 12 7 -4 1 1 9 0 4 8 -1 11 2 
-11 6 -11 -9 11 0 2 10 -9 2 8 12 11 3 10 12 11 -11 -1 -4 
12 5 -11 -5 9 10 9 5 -5 -7 -12 10 6 1 -10 -3 4 5 6 -5 
-7 6 1 11 -6 11 -6 2 1 -1 7 8 9 -9 10 -8 4 9 8 2 
2 0 -12 3 10 -2 -3 3 4 10 5 5 6 7 -11 11 -4 -4 11 1 
-11 10 8 11 11 5 0 11 2 0 -3 -1 0 5 5 2 5 2 -1 -4 
12 10 10 10 -10 5 5 5 0 -11 3 8 3 -2 7 12 9 -6 -2 1 
12 -9 7 10 6 9 11 8 -4 10 -12 -8 2 9 3 8 -12 -8 10 8 
-3 -8 3 1 12 8 4 0 7 -9 6 9 -4 -4 7 7 3 9 10 -1 
56
7
2 8
3 6
16 8
4 14
11 13
16 0
5 14
17 11
16 13
3 11
15 5
8 6
3 19
14 5
8
16 15 12
16 11 11
12 17 9
2 12 11
3 4 12
3 8 11
7 2 9
17 7 11
34
7 4
17 19
5 17
11 6
11 4
15 1
5 7
5 13
12 16
15 4
1 8
5 3
11 9
19 1
19 7
12 6
12 2
12 15
2 0
14 2
8 13
8 15
4 18
14 12
14 6
7 3
4 15
18 11
14 16
8 10
0 18
0 12
7 13
7 17
