20 20
19 3 -17 6 -21 23 6 6 -19 14 3 14 4 -17 -17 13 1 23 20 12 
13 5 -7 16 18 20 21 0 -23 -5 -23 3 21 5 5 6 13 -23 -21 15 
12 6 7 16 -15 3 7 12 6 7 2 22 -21 14 1 5 7 17 -5 8 
11 11 21 16 21 23 12 -5 3 8 -18 -10 9 -21 -11 21 4 21 1 12 
-7 -13 9 -4 12 21 17 11 5 -12 -9 13 5 22 3 -13 5 17 -13 17 
15 -13 -10 14 21 3 19 20 22 9 21 5 10 6 -7 10 -16 -17 -21 23 
5 7 13 23 7 15 19 6 20 18 20 8 7 2 22 8 4 1 7 10 
-13 17 10 22 5 19 4 12 22 19 -17 18 7 9 23 10 7 8 -7 -14 
1 -1 18 3 12 12 5 22 10 20 10 23 23 -9 18 -16 11 11 11 5 
3 21 18 23 8 -10 -17 13 18 23 21 5 18 11 3 23 1 4 19 -2 
-2 19 4 1 23 3 11 18 5 21 23 18 13 -17 -10 8 23 18 21 3 
5 11 11 11 -16 18 -9 23 23 10 20 10 22 5 12 12 3 18 -1 1 
-14 -7 8 7 10 23 9 7 18 -17 19 22 12 4 19 5 22 10 17 -13 
10 7 1 4 8 22 2 7 8 20 18 20 6 19 15 7 23 13 7 5 
23 -21 -17 -16 10 -7 6 10 5 21 9 22 20 19 3 21 14 -10 -13 15 
17 -13 17 5 -13 3 22 5 13 -9 -12 5 11 17 21 12 -4 9 -13 -7 
12 1 21 4 21 -11 -21 9 -10 -18 8 3 -5 12 23 21 16 21 11 11 
8 -5 17 7 5 1 14 -21 22 2 7 6 12 7 3 -15 16 7 6 12 
15 -21 -23 13 6 5 5 21 3 -23 -5 -23 0 21 20 18 16 -7 5 13 
12 20 23 1 13 -17 -17 4 14 3 14 -19 6 6 23 -21 6 -17 3 19 
49
7
13 5
3 6
13 17
18 5
18 13
5 0
10 14
6 14
16 13
6 2
1 14
1 6
14 19
9 5
18
3 2 10
14 1 12
7 14 15
17 3 13
17 0 10
15 19 15
5 14 11
4 17 12
8 19 16
16 17 10
5 18 12
12 5 15
2 16 13
2 19 10
4 0 15
14 5 11
15 2 12
11 0 16
30
7 2
11 10
15 18
5 10
13 1
9 12
1 16
2 0
12 7
2 14
15 10
12 3
3 7
11 8
0 1
12 17
8 9
4 1
14 9
6 18
10 7
18 3
17 19
7 12
17 5
4 9
7 16
16 12
8 11
19 18
