20 20
6 13 11 7 18 -17 17 20 8 17 12 4 18 21 -19 2 -21 -11 14 0 
-3 3 1 3 1 -21 20 1 8 21 9 18 -1 8 -6 21 12 4 10 20 
-21 1 6 8 19 14 14 5 -10 13 12 18 4 5 5 0 -2 -15 13 6 
-20 -20 12 10 -19 0 12 17 1 19 13 17 8 18 2 1 11 10 1 -17 
16 3 7 14 -11 7 17 5 19 -15 14 0 -8 -11 13 16 6 9 13 12 
14 -11 16 3 7 3 18 -21 11 -6 1 8 3 13 2 20 -13 5 3 6 
-19 15 4 5 -4 15 3 3 14 11 9 -11 20 2 7 -11 10 17 5 18 
11 9 0 -5 13 -9 -4 -1 -10 -2 -14 11 6 21 10 14 -16 16 10 16 
6 1 -13 7 13 4 4 3 3 9 10 -21 -14 18 12 -5 5 -12 17 9 
8 7 -13 -20 14 -18 15 19 10 11 10 7 -19 10 7 -20 -21 7 0 3 
3 0 7 -21 -20 7 10 -19 7 10 11 10 19 15 -18 14 -20 -13 7 8 
9 17 -12 5 -5 12 18 -14 -21 10 9 3 3 4 4 13 7 -13 1 6 
16 10 16 -16 14 10 21 6 11 -14 -2 -10 -1 -4 -9 13 -5 0 9 11 
18 5 17 10 -11 7 2 20 -11 9 11 14 3 3 15 -4 5 4 15 -19 
6 3 5 -13 20 2 13 3 8 1 -6 11 -21 18 3 7 3 16 -11 14 
12 13 9 6 16 13 -11 -8 0 14 -15 19 5 17 7 -11 14 7 3 16 
-17 1 10 11 1 2 18 8 17 13 19 1 17 12 0 -19 10 12 -20 -20 
6 13 -15 -2 0 5 5 4 18 12 13 -10 5 14 14 19 8 6 1 -21 
20 10 4 12 21 -6 8 -1 18 9 21 8 1 20 -21 1 3 1 3 -3 
0 14 -11 -21 2 -19 21 18 4 12 17 8 20 17 -17 18 7 11 13 6 
58
4
17 12
0 16
1 5
11 3
2 7
19 3
18 14
8 16
14
12 17 9
7 18 14
13 0 8
2 9 15
9 15 11
13 15 10
6 1 12
7 2 9
12 1 14
6 19 8
17 10 15
10 4 11
6 4 10
13 18 12
28
13 3
6 18
19 2
0 1
0 3
3 1
14 5
18 17
5 11
7 14
11 14
15 4
12 15
11 16
6 16
13 1
0 17
19 18
19 16
16 18
5 14
1 2
14 8
12 5
8 5
4 15
7 4
8 3
