20 20
9 6 12 2 12 2 -3 -3 8 9 6 3 -11 -12 10 2 5 -2 1 3 
8 9 -11 0 12 0 12 2 9 3 9 11 3 8 -5 -4 8 7 -9 -5 
0 1 8 3 2 -4 -2 8 3 -3 12 5 3 10 2 -12 -1 8 2 6 
5 8 6 6 6 6 12 8 -10 9 8 2 7 12 6 -8 6 2 -6 0 
10 9 2 6 -6 8 10 1 3 2 7 7 9 8 1 3 10 -5 5 8 
10 12 -10 11 5 1 8 9 6 4 6 -3 7 3 2 -11 9 12 7 12 
11 12 -7 10 2 10 4 -2 0 8 6 -10 -6 4 7 6 0 8 0 12 
2 -1 11 11 2 -7 -8 6 11 6 5 5 -10 2 12 0 11 4 -7 4 
9 -10 10 2 10 2 12 0 5 4 6 -4 7 11 -2 12 6 9 2 0 
10 7 5 6 7 0 9 8 1 1 1 -7 -5 2 1 1 6 -12 -3 -4 
-4 -3 -12 6 1 1 2 -5 -7 1 1 1 8 9 0 7 6 5 7 10 
0 2 9 6 12 -2 11 7 -4 6 4 5 0 12 2 10 2 10 -10 9 
4 -7 4 11 0 12 2 -10 5 5 6 11 6 -8 -7 2 11 11 -1 2 
12 0 8 0 6 7 4 -6 -10 6 8 0 -2 4 10 2 10 -7 12 11 
12 7 12 9 -11 2 3 7 -3 6 4 6 9 8 1 5 11 -10 12 10 
8 5 -5 10 3 1 8 9 7 7 2 3 1 10 8 -6 6 2 9 10 
0 -6 2 6 -8 6 12 7 2 8 9 -10 8 12 6 6 6 6 8 5 
6 2 8 -1 -12 2 10 3 5 12 -3 3 8 -2 -4 2 3 8 1 0 
-5 -9 7 8 -4 -5 8 3 11 9 3 9 2 12 0 12 0 -11 9 8 
3 1 -2 5 2 10 -12 -11 3 6 9 8 -3 -3 2 12 2 12 6 9 
50
2
14 8
3 10
5 11
16 9
14
12 15 15
15 11 11
1 6 16
18 3 9
8 1 8
18 5 10
4 16 15
7 4 15
4 8 11
18 13 16
1 16 9
11 18 8
1 14 10
15 3 15
36
6 5
0 17
18 6
3 15
13 5
11 19
1 19
8 14
13 11
17 2
16 5
3 12
15 1
3 9
13 12
5 4
17 16
3 5
13 14
19 2
1 13
16 4
6 14
8 0
18 0
11 5
6 8
2 17
3 14
16 7
4 18
16 10
6 7
14 15
2 3
16 14
