20 20
1 5 6 13 9 -10 4 19 22 17 23 8 10 18 -8 19 12 13 15 -14 
14 20 20 -8 12 1 23 5 23 13 10 10 22 23 -4 21 5 1 -3 15 
12 -4 17 4 22 4 0 8 21 2 -22 17 2 6 11 -18 3 22 12 8 
19 15 17 1 4 21 22 -8 8 1 14 3 22 7 3 14 13 -2 11 13 
7 20 3 13 5 5 -18 6 5 18 9 17 2 11 -5 -5 2 -7 -8 14 
1 0 -12 -19 -23 10 10 0 19 2 21 -5 -14 15 15 5 -15 2 15 15 
1 5 4 -22 3 -20 -13 -18 12 14 2 0 -20 -4 16 2 3 23 -16 -22 
12 14 22 18 8 3 16 -3 7 19 1 -23 3 -18 13 21 -10 12 1 10 
19 5 7 14 2 -12 -11 0 -18 9 -7 -21 6 -5 -5 7 -4 6 16 13 
5 -11 -22 10 10 1 14 1 15 13 -13 -23 16 -2 16 -22 -16 22 -19 16 
16 -19 22 -16 -22 16 -2 16 -23 -13 13 15 1 14 1 10 10 -22 -11 5 
13 16 6 -4 7 -5 -5 6 -21 -7 9 -18 0 -11 -12 2 14 7 5 19 
10 1 12 -10 21 13 -18 3 -23 1 19 7 -3 16 3 8 18 22 14 12 
-22 -16 23 3 2 16 -4 -20 0 2 14 12 -18 -13 -20 3 -22 4 5 1 
15 15 2 -15 5 15 15 -14 -5 21 2 19 0 10 10 -23 -19 -12 0 1 
14 -8 -7 2 -5 -5 11 2 17 9 18 5 6 -18 5 5 13 3 20 7 
13 11 -2 13 14 3 7 22 3 14 1 8 -8 22 21 4 1 17 15 19 
8 12 22 3 -18 11 6 2 17 -22 2 21 8 0 4 22 4 17 -4 12 
15 -3 1 5 21 -4 23 22 10 10 13 23 5 23 1 12 -8 20 20 14 
-14 15 13 12 19 -8 18 10 8 23 17 22 19 4 -10 9 13 6 5 1 
57
2
3 14
14 10
16 5
5 9
8
11 1 11
6 7 15
16 12 15
14 11 14
8 18 11
13 12 15
3 7 15
5 8 14
38
2 4
18 13
16 19
8 11
4 13
14 19
7 16
3 11
15 2
9 8
15 11
5 13
13 6
10 13
16 3
14 17
19 18
15 0
19 10
17 15
1 6
3 0
11 8
15 6
5 0
12 3
16 8
4 17
10 11
4 8
14 6
6 13
9 6
3 16
5 2
0 1
4 19
0 9
