20 20
10 14 5 13 3 6 7 -3 2 -1 -1 1 15 7 -14 10 -5 12 3 5 
1 -4 4 -12 -13 9 -4 11 8 5 14 4 -13 1 1 15 2 11 13 7 
-11 2 9 8 10 -7 8 5 11 -8 13 -15 1 13 11 8 12 1 -8 3 
0 6 3 2 12 10 10 4 9 3 14 13 7 0 7 11 6 1 13 -12 
10 -6 11 -15 13 14 11 2 5 7 11 7 5 9 2 9 -10 9 13 -1 
14 -8 -9 8 11 7 0 6 -13 -12 12 4 -1 11 -2 10 -14 -4 -8 6 
-12 14 1 15 14 1 -13 -2 2 -12 -7 -11 -1 11 -8 -14 5 4 6 -6 
-5 5 0 11 -5 -2 14 -15 6 -12 6 10 9 11 3 5 1 13 6 14 
-12 5 8 5 6 9 7 8 7 12 6 -15 11 2 12 5 5 10 -9 2 
-9 -15 12 9 9 -9 2 7 13 5 8 8 0 -15 14 -4 13 -3 9 8 
8 9 -3 13 -4 14 -15 0 8 8 5 13 7 2 -9 9 9 12 -15 -9 
2 -9 10 5 5 12 2 11 -15 6 12 7 8 7 9 6 5 8 5 -12 
14 6 13 1 5 3 11 9 10 6 -12 6 -15 14 -2 -5 11 0 5 -5 
-6 6 4 5 -14 -8 11 -1 -11 -7 -12 2 -2 -13 1 14 15 1 14 -12 
6 -8 -4 -14 10 -2 11 -1 4 12 -12 -13 6 0 7 11 8 -9 -8 14 
-1 13 9 -10 9 2 9 5 7 11 7 5 2 11 14 13 -15 11 -6 10 
-12 13 1 6 11 7 0 7 13 14 3 9 4 10 10 12 2 3 6 0 
3 -8 1 12 8 11 13 1 -15 13 -8 11 5 8 -7 10 8 9 2 -11 
7 13 11 2 15 1 1 -13 4 14 5 8 11 -4 9 -13 -12 4 -4 1 
5 3 12 -5 10 -14 7 15 1 -1 -1 2 -3 7 6 3 13 5 14 10 
44
6
6 2
0 6
11 16
8 6
14 0
4 2
13 17
19 13
8 3
11 13
5 19
15 17
14
2 15 9
11 14 11
10 17 9
4 7 10
7 16 10
11 6 13
16 4 16
17 4 9
8 5 11
9 2 9
15 12 10
12 3 10
8 13 13
3 15 16
28
17 11
9 6
3 1
7 8
1 10
5 6
16 15
13 16
0 4
4 15
12 9
9 12
1 0
7 14
2 8
10 13
16 18
12 11
18 9
14 13
3 4
6 3
19 15
15 4
7 10
10 7
18 19
12 5
