20 20
1 5 5 0 -6 -1 0 5 -6 1 4 3 4 -2 6 -3 6 5 4 4 
3 3 -2 3 2 3 4 4 4 -1 6 3 -1 2 -3 5 5 4 5 6 
3 -1 5 3 3 2 3 2 0 4 3 3 -2 -2 5 1 0 2 6 5 
6 5 4 1 -4 3 6 2 2 3 0 6 3 -3 3 -5 2 3 1 3 
3 5 5 2 0 1 4 6 3 5 6 6 4 3 1 5 6 1 1 4 
6 1 -4 0 3 6 6 6 -2 2 3 0 1 1 4 1 -4 1 5 1 
6 0 6 0 6 2 2 3 0 -6 6 6 3 4 6 6 2 2 5 0 
1 6 1 2 0 -5 4 1 4 2 -5 -2 2 3 0 2 1 4 -4 6 
-1 5 0 4 4 4 6 3 4 4 3 -5 -1 4 -1 -3 0 3 6 1 
-4 4 -2 1 6 -5 3 5 0 3 3 3 5 6 6 6 3 5 -2 6 
6 -2 5 3 6 6 6 5 3 3 3 0 5 3 -5 6 1 -2 4 -4 
1 6 3 0 -3 -1 4 -1 -5 3 4 4 3 6 4 4 4 0 5 -1 
6 -4 4 1 2 0 3 2 -2 -5 2 4 1 4 -5 0 2 1 6 1 
0 5 2 2 6 6 4 3 6 6 -6 0 3 2 2 6 0 6 0 6 
1 5 1 -4 1 4 1 1 0 3 2 -2 6 6 6 3 0 -4 1 6 
4 1 1 6 5 1 3 4 6 6 5 3 6 4 1 0 2 5 5 3 
3 1 3 2 -5 3 -3 3 6 0 3 2 2 6 3 -4 1 4 5 6 
5 6 2 0 1 5 -2 -2 3 3 4 0 2 3 2 3 3 5 -1 3 
6 5 4 5 5 -3 2 -1 3 6 -1 4 4 4 3 2 3 -2 3 3 
4 4 5 6 -3 6 -2 4 3 4 1 -6 5 0 -1 -6 0 5 5 1 
42
3
8 12
19 17
16 8
11 7
0 2
3 11
18
14 7 8
18 0 16
19 18 13
9 8 16
11 16 8
1 14 10
19 12 8
9 5 11
15 2 11
5 12 8
1 19 16
0 1 13
10 11 16
8 3 8
18 5 10
0 7 8
10 14 11
4 17 11
38
11 10
16 19
6 14
0 9
5 14
7 16
10 15
10 5
11 14
14 17
4 10
16 12
1 12
8 14
16 5
6 10
19 9
9 1
2 13
8 9
3 0
13 5
19 10
14 5
12 3
9 4
9 14
8 5
5 2
15 9
3 7
18 7
11 5
3 14
13 9
0 10
10 18
17 6
