20 20
7 3 4 3 1 7 8 -4 2 6 5 4 6 -8 1 -5 2 1 4 0 
-5 5 2 6 6 1 8 0 3 0 4 4 -1 4 6 -7 3 7 6 5 
5 -2 7 5 8 7 1 4 4 2 4 0 -8 3 4 3 8 0 0 1 
3 7 8 5 7 2 -3 4 5 8 3 6 5 3 0 5 4 4 4 2 
4 -1 2 -3 8 4 7 8 -5 1 7 -4 0 7 1 -3 5 1 -4 5 
2 2 2 2 1 3 3 1 2 6 7 -3 3 8 3 0 1 -3 -3 4 
4 -4 2 -4 7 8 1 7 1 -6 8 7 7 5 2 -6 -8 7 4 5 
6 2 -5 3 -2 4 3 3 3 2 8 -3 8 3 -4 2 8 1 6 -8 
-3 0 2 5 2 8 2 8 -2 -6 1 1 7 1 7 4 -4 -5 1 6 
3 -3 -5 3 1 0 0 1 -7 2 1 1 7 4 5 8 -4 2 -7 8 
8 -7 2 -4 8 5 4 7 1 1 2 -7 1 0 0 1 3 -5 -3 3 
6 1 -5 -4 4 7 1 7 1 1 -6 -2 8 2 8 2 5 2 0 -3 
-8 6 1 8 2 -4 3 8 -3 8 2 3 3 3 4 -2 3 -5 2 6 
5 4 7 -8 -6 2 5 7 7 8 -6 1 7 1 8 7 -4 2 -4 4 
4 -3 -3 1 0 3 8 3 -3 7 6 2 1 3 3 1 2 2 2 2 
5 -4 1 5 -3 1 7 0 -4 7 1 -5 8 7 4 8 -3 2 -1 4 
2 4 4 4 5 0 3 5 6 3 8 5 4 -3 2 7 5 8 7 3 
1 0 0 8 3 4 3 -8 0 4 2 4 4 1 7 8 5 7 -2 5 
5 6 7 3 -7 6 4 -1 4 4 0 3 0 8 1 6 6 2 5 -5 
0 4 1 2 -5 1 -8 6 4 5 6 2 -4 8 7 1 3 4 3 7 
48
8
16 5
15 10
16 14
1 14
8 7
15 16
10 3
12 3
3 14
4 9
3 5
18 5
11 12
4 3
9 16
7 16
10
7 6 16
8 1 11
2 16 12
19 7 9
13 2 9
12 13 16
11 18 11
17 3 12
0 12 9
6 17 9
28
17 13
1 0
14 16
15 14
16 12
2 15
18 3
16 11
8 13
2 1
2 19
10 17
4 17
4 10
2 6
18 19
5 3
4 5
3 7
17 4
1 16
3 8
11 6
17 18
17 0
9 2
15 2
15 9
