20 20
11 9 2 -8 -2 1 -2 6 -1 13 9 9 8 10 13 5 -7 -7 8 11 
7 1 11 9 13 -11 8 13 12 -5 1 12 11 8 10 9 6 9 -13 2 
-1 0 10 11 8 5 -9 10 10 10 10 9 7 9 9 13 7 7 7 11 
8 4 5 11 2 6 1 6 1 7 3 -6 -6 -7 12 7 8 8 3 1 
-9 10 5 2 3 11 9 -3 6 2 8 -4 7 1 5 11 -6 7 10 7 
13 -4 6 8 -1 13 13 -7 2 1 0 -9 -4 -1 -4 4 13 -13 10 8 
12 -8 4 8 11 -4 -5 -2 2 13 9 2 0 -7 11 11 6 5 10 0 
6 -13 6 9 -2 7 11 1 10 2 13 1 7 -11 2 11 -7 5 6 -6 
7 12 13 11 11 2 -7 4 7 5 1 0 -10 -6 13 1 8 3 11 9 
5 -13 -6 7 -6 4 -12 12 2 -6 13 8 -4 9 12 0 -4 8 9 -12 
-12 9 8 -4 0 12 9 -4 8 13 -6 2 12 -12 4 -6 7 -6 -13 5 
9 11 3 8 1 13 -6 -10 0 1 5 7 4 -7 2 11 11 13 12 7 
-6 6 5 -7 11 2 -11 7 1 13 2 10 1 11 7 -2 9 6 -13 6 
0 10 5 6 11 11 -7 0 2 9 13 2 -2 -5 -4 11 8 4 -8 12 
8 10 -13 13 4 -4 -1 -4 -9 0 1 2 -7 13 13 -1 8 6 -4 13 
7 10 7 -6 11 5 1 7 -4 8 2 6 -3 9 11 3 2 5 10 -9 
1 3 8 8 7 12 -7 -6 -6 3 7 1 6 1 6 2 11 5 4 8 
11 7 7 7 13 9 9 7 9 10 10 10 10 -9 5 8 11 10 0 -1 
2 -13 9 6 9 10 8 11 12 1 -5 12 13 8 -11 13 9 11 1 7 
11 8 -7 -7 5 13 10 8 9 9 13 -1 6 -2 1 -2 -8 2 9 11 
39
6
13 11
15 4
9 15
8 7
1 19
8 4
6 8
4 15
10 4
11 12
18 0
11 15
20
2 1 12
2 11 8
5 14 9
3 18 15
18 19 9
9 13 15
9 19 13
14 2 9
13 15 11
14 19 9
17 18 12
17 8 8
14 5 9
16 1 15
1 0 9
10 6 15
10 0 13
5 17 9
6 4 11
5 0 9
40
2 19
0 7
15 5
16 2
16 11
10 15
9 0
11 17
19 18
15 6
14 15
6 16
18 4
13 9
11 14
13 4
13 12
14 1
5 10
18 8
17 0
19 12
4 14
3 17
3 8
9 4
10 19
8 2
0 1
4 13
5 4
13 3
1 15
6 10
8 5
6 15
6 7
5 18
14 9
1 11
