20 20
15 -8 3 11 0 9 12 -16 -13 4 15 13 10 0 18 -1 -5 4 1 0 
8 6 2 -14 15 -17 7 6 -19 2 -2 0 12 10 12 5 1 2 -18 -20 
1 19 -16 -10 -8 1 19 14 3 3 13 -9 -4 3 -19 -11 -16 18 0 2 
-8 -14 20 -8 19 12 2 13 13 16 20 9 14 -11 23 13 9 3 23 -22 
5 -9 -16 14 9 18 8 11 9 8 13 9 23 19 9 -17 -23 -9 22 -1 
5 1 -12 -16 -22 6 19 3 23 -4 -4 -21 7 -8 8 -20 -19 6 21 21 
-8 8 18 15 5 9 9 -13 14 23 3 21 7 20 14 -10 6 2 -19 1 
11 21 15 17 23 19 -10 22 -2 23 0 3 11 18 4 18 9 1 19 -21 
-19 0 10 21 22 -11 23 4 17 -1 -11 12 22 -17 1 7 19 20 12 -1 
6 12 14 10 -7 -2 10 7 9 9 4 20 3 -21 12 5 17 22 6 3 
3 6 22 17 5 12 -21 3 20 4 9 9 7 10 -2 -7 10 14 12 6 
-1 12 20 19 7 1 -17 22 12 -11 -1 17 4 23 -11 22 21 10 0 -19 
-21 19 1 9 18 4 18 11 3 0 23 -2 22 -10 19 23 17 15 21 11 
1 -19 2 6 -10 14 20 7 21 3 23 14 -13 9 9 5 15 18 8 -8 
21 21 6 -19 -20 8 -8 7 -21 -4 -4 23 3 19 6 -22 -16 -12 1 5 
-1 22 -9 -23 -17 9 19 23 9 13 8 9 11 8 18 9 14 -16 -9 5 
-22 23 3 9 13 23 -11 14 9 20 16 13 13 2 12 19 -8 20 -14 -8 
2 0 18 -16 -11 -19 3 -4 -9 13 3 3 14 19 1 -8 -10 -16 19 1 
-20 -18 2 1 5 12 10 12 0 -2 2 -19 6 7 -17 15 -14 2 6 8 
0 1 4 -5 -1 18 0 10 13 15 4 -13 -16 12 9 0 11 3 -8 15 
36
5
0 7
8 4
1 0
10 19
6 17
19 12
11 15
18 19
9 0
13 2
14
17 8 11
4 16 9
6 3 10
19 16 14
14 0 13
11 12 12
14 10 16
2 11 11
15 3 9
13 16 10
0 3 14
5 19 13
8 7 12
5 9 16
32
9 11
6 11
7 14
1 5
13 3
2 13
8 1
6 19
0 15
4 5
5 1
4 6
7 8
12 8
7 2
18 12
10 8
13 8
12 5
18 14
6 16
17 6
11 18
13 0
19 4
15 14
14 18
15 13
12 11
7 11
12 17
1 7
