20 20
14 0 9 -8 0 15 -9 8 10 -11 10 6 10 2 13 10 4 11 -1 2 
6 12 8 -5 4 7 15 -15 11 -10 2 1 11 -12 1 14 14 -4 10 11 
-5 0 -11 0 -7 0 -10 6 -15 11 11 2 1 10 13 3 1 0 -10 11 
15 11 12 -3 6 -6 5 2 6 11 6 -11 -13 0 15 12 15 15 10 0 
6 10 14 -15 8 7 -5 4 3 13 3 1 12 11 13 6 -7 8 10 3 
6 2 3 14 -1 6 2 10 8 3 14 -12 -15 6 11 13 15 14 -10 5 
-6 6 6 -15 10 -15 -4 -13 15 -12 10 4 0 10 -1 -8 -9 2 -11 8 
13 4 11 7 -14 9 5 11 11 9 -4 -10 -9 -9 -1 -1 2 15 5 12 
-6 -1 3 -14 2 7 -5 6 -4 10 6 2 1 1 -11 4 3 5 6 14 
4 8 -5 13 9 5 14 2 -10 11 2 5 -13 0 12 9 9 -11 6 9 
9 6 -11 9 9 12 0 -13 5 2 11 -10 2 14 5 9 13 -5 8 4 
14 6 5 3 4 -11 1 1 2 6 10 -4 6 -5 7 2 -14 3 -1 -6 
12 5 15 2 -1 -1 -9 -9 -10 -4 9 11 11 5 9 -14 7 11 4 13 
8 -11 2 -9 -8 -1 10 0 4 10 -12 15 -13 -4 -15 10 -15 6 6 -6 
5 -10 14 15 13 11 6 -15 -12 14 3 8 10 2 6 -1 14 3 2 6 
3 10 8 -7 6 13 11 12 1 3 13 3 4 -5 7 8 -15 14 10 6 
0 10 15 15 12 15 0 -13 -11 6 11 6 2 5 -6 6 -3 12 11 15 
11 -10 0 1 3 13 10 1 2 11 11 -15 6 -10 0 -7 0 -11 0 -5 
11 10 -4 14 14 1 -12 11 1 2 -10 11 -15 15 7 4 -5 8 12 6 
2 -1 11 4 10 13 2 10 6 10 -11 10 8 -9 15 0 -8 9 0 14 
43
3
15 5
15 12
3 12
4 14
4 7
16 7
16
6 8 12
16 13 8
9 6 9
3 1 12
15 14 15
19 14 12
7 1 13
1 3 15
13 11 12
3 6 8
10 13 9
16 18 12
4 5 15
0 5 12
12 18 13
18 16 15
40
7 12
6 9
15 8
14 16
16 12
11 2
14 5
9 19
2 10
19 1
4 9
0 9
7 4
5 1
15 0
8 6
9 16
1 14
0 7
17 12
12 7
13 10
4 11
5 3
3 7
8 17
5 14
10 0
17 9
0 18
15 10
19 10
12 15
14 18
4 19
11 13
10 3
18 5
19 12
2 7
