20 20
1 7 -6 -4 10 4 8 4 7 9 -4 3 8 4 8 10 9 7 9 5 
6 6 -2 4 -3 7 6 10 5 4 2 10 0 10 7 5 3 1 -8 7 
4 2 1 5 7 -5 7 2 0 9 8 -1 7 3 1 8 9 -9 5 1 
4 5 1 2 2 9 -1 0 1 0 5 -1 8 3 3 -5 7 -3 -10 -2 
4 -9 9 3 -8 7 4 6 7 6 6 4 -9 1 -9 9 3 1 5 -10 
-3 5 4 3 -6 4 -9 -4 10 3 2 3 6 3 -4 9 6 4 4 -6 
-1 6 8 5 5 7 5 5 2 5 2 6 -5 4 -2 4 3 7 8 -2 
3 1 3 6 4 6 6 3 -5 9 -8 0 8 8 3 8 4 6 3 -9 
7 2 -6 3 8 -5 7 4 2 -1 10 1 5 7 -1 9 2 1 0 7 
6 2 4 0 -8 -4 10 5 5 -5 7 9 4 -8 1 10 0 4 6 -3 
-3 6 4 0 10 1 -8 4 9 7 -5 5 5 10 -4 -8 0 4 2 6 
7 0 1 2 9 -1 7 5 1 10 -1 2 4 7 -5 8 3 -6 2 7 
-9 3 6 4 8 3 8 8 0 -8 9 -5 3 6 6 4 6 3 1 3 
-2 8 7 3 4 -2 4 -5 6 2 5 2 5 5 7 5 5 8 6 -1 
-6 4 4 6 9 -4 3 6 3 2 3 10 -4 -9 4 -6 3 4 5 -3 
-10 5 1 3 9 -9 1 -9 4 6 6 7 6 4 7 -8 3 9 -9 4 
-2 -10 -3 7 -5 3 3 8 -1 5 0 1 0 -1 9 2 2 1 5 4 
1 5 -9 9 8 1 3 7 -1 8 9 0 2 7 -5 7 5 1 2 4 
7 -8 1 3 5 7 10 0 10 2 4 5 10 6 7 -3 4 -2 6 6 
5 9 7 9 10 8 4 8 3 -4 9 7 4 8 4 10 -4 -6 7 1 
48
8
8 14
19 5
18 14
19 1
19 12
11 15
8 16
18 12
11 5
0 14
1 5
0 18
0 7
8 4
11 3
1 7
14
19 0 11
3 19 10
0 12 13
2 14 16
13 17 16
1 10 15
4 5 13
0 19 11
16 0 10
19 7 13
17 5 16
6 2 16
18 9 15
15 14 13
26
3 17
1 3
3 14
5 2
19 10
4 0
5 14
17 13
0 11
16 10
18 3
0 5
3 5
16 2
18 16
16 5
14 17
0 9
15 19
14 5
2 6
19 8
3 9
1 16
19 14
16 14
