20 20
-19 22 -16 5 6 -12 7 20 13 8 22 19 19 8 17 22 8 20 17 9 
2 19 -14 16 7 18 -6 -17 15 21 -2 7 4 -21 15 21 -5 1 19 9 
18 11 11 -11 8 20 -16 7 9 5 -19 2 8 21 -19 4 15 18 5 11 
18 1 -8 19 15 6 7 15 8 9 22 8 19 12 9 20 12 1 6 -9 
-18 0 3 -5 9 16 17 10 -1 11 1 -11 20 15 14 -17 19 1 1 17 
20 0 19 15 2 1 7 22 14 9 3 -19 10 11 -4 -10 -5 1 2 6 
19 8 -22 11 20 20 18 13 19 13 9 8 8 -3 5 16 22 7 13 19 
1 14 2 20 3 10 18 7 -21 -12 8 10 22 11 -10 8 14 -17 11 0 
13 -12 6 21 21 10 -15 7 16 -21 8 9 -16 16 22 9 -9 -16 6 18 
-20 14 -11 4 -12 17 14 16 2 18 9 13 12 17 9 16 -6 -19 -12 -3 
-3 -12 -19 -6 16 9 17 12 13 9 18 2 16 14 17 -12 4 -11 14 -20 
18 6 -16 -9 9 22 16 -16 9 8 -21 16 7 -15 10 21 21 6 -12 13 
0 11 -17 14 8 -10 11 22 10 8 -12 -21 7 18 10 3 20 2 14 1 
19 13 7 22 16 5 -3 8 8 9 13 19 13 18 20 20 11 -22 8 19 
6 2 1 -5 -10 -4 11 10 -19 3 9 14 22 7 1 2 15 19 0 20 
17 1 1 19 -17 14 15 20 -11 1 11 -1 10 17 16 9 -5 3 0 -18 
-9 6 1 12 20 9 12 19 8 22 9 8 15 7 6 15 19 -8 1 18 
11 5 18 15 4 -19 21 8 2 -19 5 9 7 -16 20 8 -11 11 11 18 
9 19 1 -5 21 15 -21 4 7 -2 21 15 -17 -6 18 7 16 -14 19 2 
9 17 20 8 22 17 8 19 19 22 8 13 20 7 -12 6 5 -16 22 -19 
47
8
16 13
2 13
2 15
7 5
8 10
14 15
15 11
1 3
3 6
17 6
17 4
12 14
11 9
5 4
4 8
18 16
12
9 14 8
4 6 10
7 13 10
0 17 11
14 1 8
18 15 8
10 5 8
15 13 10
12 6 10
19 2 11
5 18 8
1 4 8
30
10 0
8 12
7 10
0 18
6 12
11 10
14 11
15 9
8 18
19 3
17 11
7 12
19 6
18 4
2 6
9 19
11 7
12 9
19 1
13 7
8 9
5 8
4 10
11 1
0 16
2 8
12 7
0 13
1 15
17 13
