20 20
-14 1 2 -5 14 4 6 14 12 -7 3 10 2 20 16 19 -13 17 17 12 
2 2 -13 16 13 2 -20 13 13 -7 15 2 -7 -8 -12 -17 2 9 20 4 
-18 11 5 -14 4 16 9 8 13 9 -18 14 -9 -9 4 13 7 0 10 10 
1 19 6 5 -18 1 -3 6 4 7 11 2 20 -11 21 13 21 17 2 18 
20 -6 21 3 -6 15 5 21 4 19 13 14 19 8 21 5 4 20 19 8 
7 6 -16 21 9 18 -5 6 6 15 1 -21 10 16 -12 5 9 -21 21 3 
-13 11 -10 -4 -11 1 8 7 12 12 -13 17 -2 -5 -6 -12 1 2 4 10 
-9 11 12 -1 17 11 15 8 16 20 7 2 3 11 1 16 -11 -8 1 -19 
-16 20 -2 4 -4 10 -15 3 8 7 4 21 4 15 20 15 6 14 -4 19 
13 15 0 -9 4 5 -6 -2 -21 18 18 13 0 -9 -11 18 2 -11 21 18 
18 21 -11 2 18 -11 -9 0 13 18 18 -21 -2 -6 5 4 -9 0 15 13 
19 -4 14 6 15 20 15 4 21 4 7 8 3 -15 10 -4 4 -2 20 -16 
-19 1 -8 -11 16 1 11 3 2 7 20 16 8 15 11 17 -1 12 11 -9 
10 4 2 1 -12 -6 -5 -2 17 -13 12 12 7 8 1 -11 -4 -10 11 -13 
3 21 -21 9 5 -12 16 10 -21 1 15 6 6 -5 18 9 21 -16 6 7 
8 19 20 4 5 21 8 19 14 13 19 4 21 5 15 -6 3 21 -6 20 
18 2 17 21 13 21 -11 20 2 11 7 4 6 -3 1 -18 5 6 19 1 
10 10 0 7 13 4 -9 -9 14 -18 9 13 8 9 16 4 -14 5 11 -18 
4 20 9 2 -17 -12 -8 -7 2 15 -7 13 13 -20 2 13 16 -13 2 2 
12 17 17 -13 19 16 20 2 10 3 -7 12 14 6 4 14 -5 2 1 -14 
31
4
14 4
9 18
2 11
1 3
5 15
10 1
17 8
18 16
8
13 5 8
13 14 11
3 12 15
12 9 9
6 14 8
6 5 11
16 7 15
7 10 9
36
15 11
15 9
1 13
7 9
2 3
19 13
2 14
9 5
11 0
18 7
5 1
1 17
0 17
10 16
2 10
6 3
5 4
19 1
4 8
4 10
18 6
12 10
17 16
0 6
17 5
10 14
8 19
1 12
14 18
18 2
19 2
9 3
17 9
13 16
14 15
0 18
