20 20
14 -12 23 9 23 1 8 19 14 -13 2 -11 -11 21 16 16 -19 1 22 21 
12 3 -23 22 -21 8 11 8 20 13 23 1 14 5 11 1 5 8 6 10 
0 14 -19 5 3 5 5 12 14 3 1 -13 11 23 12 -11 21 3 0 0 
14 -21 -8 1 20 -17 -3 8 -19 0 15 8 5 15 17 7 -6 10 -6 19 
1 10 12 -3 -11 14 3 5 3 15 23 8 14 6 20 -21 20 15 -12 -4 
14 -12 10 -23 -18 16 15 14 11 -4 11 6 11 22 11 -3 7 1 16 8 
3 -2 5 -23 13 -15 8 -18 2 5 6 22 -3 11 21 4 17 -18 19 2 
8 7 16 10 -3 6 16 23 -6 4 -6 6 13 17 10 19 0 11 16 11 
17 21 22 -3 18 -17 -15 10 -17 13 0 -3 19 6 -14 10 -11 16 23 18 
12 14 2 1 0 14 8 -1 22 23 23 18 -6 -13 1 1 5 2 -18 -4 
-4 -18 2 5 1 1 -13 -6 18 23 23 22 -1 8 14 0 1 2 14 12 
18 23 16 -11 10 -14 6 19 -3 0 13 -17 10 -15 -17 18 -3 22 21 17 
11 16 11 0 19 10 17 13 6 -6 4 -6 23 16 6 -3 10 16 7 8 
2 19 -18 17 4 21 11 -3 22 6 5 2 -18 8 -15 13 -23 5 -2 3 
8 16 1 7 -3 11 22 11 6 11 -4 11 14 15 16 -18 -23 10 -12 14 
-4 -12 15 20 -21 20 6 14 8 23 15 3 5 3 14 -11 -3 12 10 1 
19 -6 10 -6 7 17 15 5 8 15 0 -19 8 -3 -17 20 1 -8 -21 14 
0 0 3 21 -11 12 23 11 -13 1 3 14 12 5 5 3 5 -19 14 0 
10 6 8 5 1 11 5 14 1 23 13 20 8 11 8 -21 22 -23 3 12 
21 22 1 -19 16 16 21 -11 -11 2 -13 14 19 8 1 23 9 23 -12 14 
45
8
2 12
19 15
5 6
8 10
18 9
7 9
6 19
17 18
17 7
0 4
14 13
11 9
1 10
12 10
13 0
2 1
16
6 5 8
15 2 16
16 14 14
10 12 13
17 15 8
4 14 10
18 0 15
12 0 8
13 14 8
4 17 16
3 5 14
9 7 13
2 4 8
15 5 10
1 19 15
7 19 8
34
5 2
18 10
9 17
19 11
1 17
12 9
17 1
19 3
6 13
10 0
6 4
13 5
13 19
14 0
10 19
9 3
7 2
14 17
1 9
10 2
0 8
18 2
7 10
2 18
0 16
13 6
9 19
13 15
6 14
6 0
5 19
9 0
10 16
12 17
