20 20
0 -9 10 13 -15 3 -9 12 6 11 0 4 4 12 17 -17 8 -18 14 12 
15 13 -18 17 6 -1 3 -9 18 15 -13 8 19 16 18 4 3 4 13 14 
0 19 17 13 -6 4 12 -5 7 -9 12 3 19 6 3 18 1 11 -6 1 
2 1 -8 1 -14 3 0 17 10 19 3 2 14 16 10 12 15 10 6 2 
3 8 11 -4 7 17 7 9 -18 14 18 13 10 11 7 -8 0 0 12 16 
13 3 12 17 16 17 1 11 6 -3 10 -5 -12 16 9 17 9 -13 1 6 
6 10 7 15 0 11 11 17 -4 9 12 10 12 10 -3 0 3 8 16 13 
4 5 -12 16 -19 2 19 8 1 -6 17 4 6 9 -16 3 -9 7 11 2 
4 11 9 2 17 1 19 6 -5 5 8 -13 7 16 18 9 5 15 7 5 
7 11 19 18 -19 17 -5 7 -18 -11 12 -9 -4 -17 4 13 18 6 7 19 
19 7 6 18 13 4 -17 -4 -9 12 -11 -18 7 -5 17 -19 18 19 11 7 
5 7 15 5 9 18 16 7 -13 8 5 -5 6 19 1 17 2 9 11 4 
2 11 7 -9 3 -16 9 6 4 17 -6 1 8 19 2 -19 16 -12 5 4 
13 16 8 3 0 -3 10 12 10 12 9 -4 17 11 11 0 15 7 10 6 
6 1 -13 9 17 9 16 -12 -5 10 -3 6 11 1 17 16 17 12 3 13 
16 12 0 0 -8 7 11 10 13 18 14 -18 9 7 17 7 -4 11 8 3 
2 6 10 15 12 10 16 14 2 3 19 10 17 0 3 -14 1 -8 1 2 
1 -6 11 1 18 3 6 19 3 12 -9 7 -5 12 4 -6 13 17 19 0 
14 13 4 3 4 18 16 19 8 -13 15 18 -9 3 -1 6 17 -18 13 15 
12 14 -18 8 -17 17 12 4 4 0 11 6 12 -9 3 -15 13 10 -9 0 
49
3
7 8
15 18
4 13
12 11
4 1
15 6
8
1 0 13
13 15 10
16 0 12
2 17 15
18 19 13
6 4 10
3 19 12
17 2 15
32
12 13
13 17
14 9
14 1
3 15
1 17
12 4
17 0
14 4
14 17
17 11
12 5
15 13
12 6
5 8
19 2
7 6
6 2
5 10
5 18
16 4
18 2
7 15
2 19
5 15
5 2
2 8
7 14
4 6
7 13
14 11
0 17
