20 20
16 -16 6 8 3 -4 16 4 10 9 12 7 12 12 9 16 5 -1 10 5 
2 7 12 16 9 15 10 13 3 -3 3 2 9 14 12 11 2 14 10 -5 
11 -8 0 12 1 16 -13 -6 9 5 6 16 -6 -7 8 9 13 -3 11 11 
10 7 6 15 10 15 8 10 -13 -1 -13 9 4 -15 -5 3 -5 15 14 12 
10 2 7 10 1 1 0 14 10 15 3 15 12 11 1 10 -5 -16 3 -1 
-6 -6 11 16 -12 16 -11 13 -16 1 5 14 16 11 14 4 6 15 16 3 
2 12 12 2 3 13 9 14 -13 1 3 10 7 5 7 15 4 12 16 10 
8 5 -4 6 5 12 16 -8 -4 8 -8 -1 1 7 4 4 10 11 16 -14 
-13 11 2 -3 3 -1 11 -3 11 11 0 4 9 1 11 11 9 -16 8 -13 
13 13 7 10 1 3 12 16 12 9 7 14 7 6 -16 0 15 9 15 7 
7 15 9 15 0 -16 6 7 14 7 9 12 16 12 3 1 10 7 13 13 
-13 8 -16 9 11 11 1 9 4 0 11 11 -3 11 -1 3 -3 2 11 -13 
-14 16 11 10 4 4 7 1 -1 -8 8 -4 -8 16 12 5 6 -4 5 8 
10 16 12 4 15 7 5 7 10 3 1 -13 14 9 13 3 2 12 12 2 
3 16 15 6 4 14 11 16 14 5 1 -16 13 -11 16 -12 16 11 -6 -6 
-1 3 -16 -5 10 1 11 12 15 3 15 10 14 0 1 1 10 7 2 10 
12 14 15 -5 3 -5 -15 4 9 -13 -1 -13 10 8 15 10 15 6 7 10 
11 11 -3 13 9 8 -7 -6 16 6 5 9 -6 -13 16 1 12 0 -8 11 
-5 10 14 2 11 12 14 9 2 3 -3 3 13 10 15 9 16 12 7 2 
5 10 -1 5 16 9 12 12 7 12 9 10 4 16 -4 3 8 6 -16 16 
34
7
18 9
19 16
3 1
15 8
4 13
13 17
17 7
1 10
0 3
16 18
4 11
15 6
6 2
2 12
20
19 14 10
0 14 16
8 10 8
10 4 12
5 7 8
10 14 10
4 17 13
4 14 16
19 11 16
19 17 10
0 5 10
19 5 16
11 9 8
9 15 12
14 12 8
9 5 10
15 2 13
15 5 16
0 8 16
0 2 10
26
14 16
2 3
16 4
1 5
5 1
16 14
7 17
15 9
14 19
13 8
18 2
12 19
2 10
5 3
17 16
3 15
18 14
14 18
3 5
12 2
4 10
5 0
6 11
1 17
7 0
17 9
