20 20
-3 -5 2 3 4 3 -1 4 0 -6 3 4 1 4 1 5 6 -6 1 6 
-2 4 4 -1 -5 6 5 1 -4 3 3 0 6 2 6 1 -3 -4 2 -6 
3 3 -3 6 3 -1 5 6 1 4 5 4 -5 1 2 -2 -3 5 3 3 
2 -2 0 4 2 3 6 -3 6 -1 1 -3 4 2 3 4 1 2 -3 1 
2 6 1 -4 1 1 2 -3 2 4 3 6 -6 6 2 6 3 0 -3 1 
-3 6 4 -3 4 -5 0 2 5 5 1 -4 -6 2 3 1 1 1 -2 2 
-5 3 1 3 -3 -1 6 2 5 3 -5 2 2 0 -2 -5 5 -5 5 6 
2 6 4 6 1 0 -1 5 0 3 2 0 4 6 3 -2 5 4 4 4 
3 4 1 3 2 4 2 5 4 2 -6 6 5 1 -4 0 5 2 -3 2 
-5 5 -6 4 3 3 4 2 2 1 -6 6 2 3 0 3 -1 1 -3 3 
3 -3 1 -1 3 0 3 2 6 -6 1 2 2 4 3 3 4 -6 5 -5 
2 -3 2 5 0 -4 1 5 6 -6 2 4 5 2 4 2 3 1 4 3 
4 4 4 5 -2 3 6 4 0 2 3 0 5 -1 0 1 6 4 6 2 
6 5 -5 5 -5 -2 0 2 2 -5 3 5 2 6 -1 -3 3 1 3 -5 
2 -2 1 1 1 3 2 -6 -4 1 5 5 2 0 -5 4 -3 4 6 -3 
1 -3 0 3 6 2 6 -6 6 3 4 2 -3 2 1 1 -4 1 6 2 
1 -3 2 1 4 3 2 4 -3 1 -1 6 -3 6 3 2 4 0 -2 2 
3 3 5 -3 -2 2 1 -5 4 5 4 1 6 5 -1 3 6 -3 3 3 
-6 2 -4 -3 1 6 2 6 0 3 3 -4 1 5 6 -5 -1 4 4 -2 
6 1 -6 6 5 1 4 1 4 3 -6 0 4 -1 3 4 3 2 -5 -3 
41
4
4 11
10 0
5 3
5 4
15 8
9 19
14 16
14 15
20
18 8 14
17 9 15
17 16 8
0 10 8
15 9 10
7 8 15
6 15 9
1 14 12
3 12 12
0 11 8
1 11 14
2 10 15
2 3 8
19 9 8
4 10 10
12 11 15
13 4 9
18 5 12
16 7 12
19 8 8
40
9 0
16 8
18 2
17 11
6 0
9 12
18 9
0 17
14 18
11 6
14 9
17 19
16 18
7 1
11 19
6 1
4 1
13 6
9 18
10 8
10 19
3 11
1 17
2 8
13 19
10 7
1 10
19 2
5 1
8 13
5 10
2 0
3 1
12 18
8 0
13 18
15 18
6 13
10 1
9 11
