20 20
0 1 17 6 13 11 10 4 2 -17 2 -17 11 -14 7 17 4 -16 14 8 
13 9 16 10 10 4 -3 12 17 11 -10 4 15 15 15 6 14 -2 1 1 
16 -11 13 15 -4 10 17 11 10 6 9 -15 -12 10 17 5 9 -13 5 7 
-2 15 10 14 -4 7 4 2 -17 -13 -2 -11 12 6 -10 17 1 1 7 3 
-7 -16 15 14 15 11 -2 -9 2 5 -16 8 9 -10 -8 12 4 9 -9 -1 
2 17 12 17 4 -15 9 7 -12 -7 2 -16 6 5 6 5 10 10 -1 6 
-3 3 14 3 16 9 12 -13 -2 7 15 -5 15 6 14 1 4 17 4 1 
17 14 -7 13 17 0 0 0 3 1 0 5 8 12 14 15 14 17 16 -1 
13 7 -16 0 13 -7 6 15 7 12 15 -1 -15 -14 0 15 10 9 16 10 
-4 6 -1 -17 12 -16 15 10 -14 6 11 4 14 2 2 6 17 2 1 -4 
-4 1 2 17 6 2 2 14 4 11 6 -14 10 15 -16 12 -17 -1 6 -4 
10 16 9 10 15 0 -14 -15 -1 15 12 7 15 6 -7 13 0 -16 7 13 
-1 16 17 14 15 14 12 8 5 0 1 3 0 0 0 17 13 -7 14 17 
1 4 17 4 1 14 6 15 -5 15 7 -2 -13 12 9 16 3 14 3 -3 
6 -1 10 10 5 6 5 6 -16 2 -7 -12 7 9 -15 4 17 12 17 2 
-1 -9 9 4 12 -8 -10 9 8 -16 5 2 -9 -2 11 15 14 15 -16 -7 
3 7 1 1 17 -10 6 12 -11 -2 -13 -17 2 4 7 -4 14 10 15 -2 
7 5 -13 9 5 17 10 -12 -15 9 6 10 11 17 10 -4 15 13 -11 16 
1 1 -2 14 6 15 15 15 4 -10 11 17 12 -3 4 10 10 16 9 13 
8 14 -16 4 17 7 -14 11 -17 2 -17 2 4 10 11 13 6 17 1 0 
60
5
5 15
11 5
3 4
19 7
5 14
14 4
8 14
16 15
0 12
14 5
16
2 14 8
1 11 8
13 7 15
0 8 9
11 14 13
10 4 8
3 12 16
15 18 11
17 5 8
18 8 8
6 12 15
19 11 9
8 5 13
9 15 8
16 7 16
4 1 11
26
7 2
8 13
2 16
8 3
9 3
6 9
15 8
5 4
2 15
3 16
13 16
5 16
1 18
12 17
11 6
17 3
11 16
10 16
13 10
4 11
14 15
17 4
16 3
6 3
14 3
18 1
