20 20
8 8 -7 6 5 -8 2 -5 1 1 9 -2 6 0 3 0 7 4 -2 -3 
2 3 8 -4 0 1 9 -7 8 1 0 -6 9 -4 3 6 7 -7 -3 -1 
8 -6 5 0 -5 6 2 9 -7 3 -9 -5 9 6 0 2 -9 8 7 8 
4 6 4 7 1 3 3 7 4 8 4 8 -8 -6 5 4 2 3 8 9 
6 2 3 6 -3 3 1 -9 8 7 7 4 -5 5 5 -1 3 7 -6 -3 
6 9 -2 7 2 1 3 3 -7 -6 8 5 5 7 5 -2 9 3 7 -7 
-2 5 2 2 -3 0 -6 -7 1 6 0 4 5 -2 5 4 2 -4 5 7 
7 5 2 5 7 4 4 -1 5 6 4 3 6 7 3 -5 1 7 3 5 
1 7 1 -6 3 4 -1 2 0 7 -9 -1 9 -2 9 3 8 5 -6 4 
8 7 5 9 -9 8 5 -1 0 6 -8 8 8 2 1 9 4 9 3 8 
8 3 9 4 9 1 2 8 8 -8 6 0 -1 5 8 -9 9 5 7 8 
4 -6 5 8 3 9 -2 9 -1 -9 7 0 2 -1 4 3 -6 1 7 1 
5 3 7 1 -5 3 7 6 3 4 6 5 -1 4 4 7 5 2 5 7 
7 5 -4 2 4 5 -2 5 4 0 6 1 -7 -6 0 -3 2 2 5 -2 
-7 7 3 9 -2 5 7 5 5 8 -6 -7 3 3 1 2 7 -2 9 6 
-3 -6 7 3 -1 5 5 -5 4 7 7 8 -9 1 3 -3 6 3 2 6 
9 8 3 2 4 5 -6 -8 8 4 8 4 7 3 3 1 7 4 6 4 
8 7 8 -9 2 0 6 9 -5 -9 3 -7 9 2 6 -5 0 5 -6 8 
-1 -3 -7 7 6 3 -4 9 -6 0 1 8 -7 9 1 0 -4 8 3 2 
-3 -2 4 7 0 3 0 6 -2 9 1 1 -5 2 -8 5 6 -7 8 8 
48
8
17 12
3 18
10 4
13 19
11 6
7 6
8 15
15 1
2 7
16 1
9 15
6 0
8 13
12 13
11 4
4 18
16
7 1 13
8 17 10
7 14 12
0 10 8
0 14 12
1 2 12
16 0 11
5 6 8
12 18 13
11 2 10
12 5 12
19 9 8
19 5 12
18 17 12
3 19 11
14 13 8
26
15 6
8 5
9 19
16 17
8 12
11 13
1 18
18 7
3 4
16 11
5 0
4 17
14 6
4 13
11 14
10 0
3 2
11 7
8 6
18 1
1 12
16 15
3 8
14 19
15 2
5 13
