20 20
-19 25 -9 5 25 27 8 23 1 -7 24 12 2 19 9 26 12 24 14 11 
3 20 20 -22 3 23 21 13 1 26 3 10 3 5 6 16 -4 26 14 24 
-21 -22 -14 14 13 25 19 11 15 22 19 4 -14 16 25 6 2 5 12 9 
-25 9 -22 3 16 2 7 -14 14 24 -21 -3 2 10 -21 10 10 22 -24 4 
20 13 -23 -6 0 9 24 -17 26 27 -1 16 27 15 6 3 10 10 23 25 
16 22 -22 4 -27 -21 27 -10 -17 6 22 -22 8 25 4 5 -19 -15 8 24 
-1 15 22 25 1 1 6 8 22 -20 12 27 8 -26 21 5 1 -11 23 -22 
2 26 9 13 13 7 11 15 20 17 3 12 14 -25 -11 4 -20 27 8 8 
-8 -18 1 13 18 20 19 18 26 24 -2 17 -12 9 24 20 -24 15 16 7 
-24 16 14 -8 17 18 -25 8 -5 14 5 24 15 -24 -26 4 7 3 -1 27 
27 -1 3 7 4 -26 -24 15 24 5 14 -5 8 -25 18 17 -8 14 16 -24 
7 16 15 -24 20 24 9 -12 17 -2 24 26 18 19 20 18 13 1 -18 -8 
8 8 27 -20 4 -11 -25 14 12 3 17 20 15 11 7 13 13 9 26 2 
-22 23 -11 1 5 21 -26 8 27 12 -20 22 8 6 1 1 25 22 15 -1 
24 8 -15 -19 5 4 25 8 -22 22 6 -17 -10 27 -21 -27 4 -22 22 16 
25 23 10 10 3 6 15 27 16 -1 27 26 -17 24 9 0 -6 -23 13 20 
4 -24 22 10 10 -21 10 2 -3 -21 24 14 -14 7 2 16 3 -22 9 -25 
9 12 5 2 6 25 16 -14 4 19 22 15 11 19 25 13 14 -14 -22 -21 
24 14 26 -4 16 6 5 3 10 3 26 1 13 21 23 3 -22 20 20 3 
11 14 24 12 26 9 19 2 12 24 -7 1 23 8 27 25 5 -9 25 -19 
38
6
7 14
4 11
13 9
1 16
16 12
6 19
12 5
15 8
6 10
18 3
3 7
13 0
8
5 7 15
3 6 11
19 10 9
6 14 14
14 12 15
16 13 11
0 9 9
13 5 14
40
14 7
17 2
10 8
19 4
1 19
10 19
0 18
19 6
9 14
18 11
5 4
0 5
12 2
8 17
11 12
9 5
2 16
8 14
3 10
14 9
5 12
2 17
9 11
0 15
18 0
9 0
19 1
0 13
10 5
1 8
14 15
19 14
7 17
11 2
8 7
10 14
17 3
11 5
16 9
5 10
