20 20
13 8 4 20 18 22 15 -3 2 -4 23 -1 -18 19 18 20 8 7 23 14 
5 12 1 8 19 8 7 19 21 12 20 15 -10 -15 21 -23 -14 0 -6 -21 
-15 18 -18 18 -5 -23 19 10 13 20 22 20 10 11 9 5 9 23 0 -3 
-20 7 -13 7 21 19 23 -8 20 12 7 -14 10 3 7 7 9 23 12 19 
14 10 2 14 20 -2 -19 19 20 -22 7 24 -17 -2 18 4 20 -20 24 23 
11 12 -11 -6 13 -3 18 21 12 -5 20 8 14 7 9 12 14 15 -9 19 
22 24 -1 13 2 7 -6 11 6 15 -18 14 2 24 7 -6 9 22 12 4 
-9 9 0 -9 20 0 -14 22 -2 20 22 20 6 10 13 9 -19 17 12 23 
19 3 24 18 16 -19 4 6 0 14 6 -14 12 2 17 4 8 24 1 8 
17 4 17 4 17 19 21 7 5 13 9 11 -12 3 23 -19 5 13 13 18 
18 13 13 5 -19 23 3 -12 11 9 13 5 7 21 19 17 4 17 4 17 
8 1 24 8 4 17 2 12 -14 6 14 0 6 4 -19 16 18 24 3 19 
23 12 17 -19 9 13 10 6 20 22 20 -2 22 -14 0 20 -9 0 9 -9 
4 12 22 9 -6 7 24 2 14 -18 15 6 11 -6 7 2 13 -1 24 22 
19 -9 15 14 12 9 7 14 8 20 -5 12 21 18 -3 13 -6 -11 12 11 
23 24 -20 20 4 18 -2 -17 24 7 -22 20 19 -19 -2 20 14 2 10 14 
19 12 23 9 7 7 3 10 -14 7 12 20 -8 23 19 21 7 -13 7 -20 
-3 0 23 9 5 9 11 10 20 22 20 13 10 19 -23 -5 18 -18 18 -15 
-21 -6 0 -14 -23 21 -15 -10 15 20 12 21 19 7 8 19 8 1 12 5 
14 23 7 8 20 18 19 -18 -1 23 -4 2 -3 15 22 18 20 4 8 13 
59
8
13 16
7 3
12 5
8 12
13 11
13 9
3 2
13 18
6 3
12 16
7 14
11 7
6 8
6 10
16 17
6 1
16
8 18 15
14 10 16
1 14 11
6 0 11
18 7 14
18 16 15
12 7 9
0 6 8
11 1 15
5 9 16
18 5 11
13 19 11
1 12 14
1 3 15
7 12 9
19 13 8
32
5 4
5 16
9 0
12 6
1 7
2 10
17 4
14 11
19 9
4 5
3 6
1 9
7 8
18 4
13 14
5 3
14 15
14 3
10 19
7 13
18 12
17 9
2 15
5 8
0 10
15 14
16 13
18 10
12 11
1 15
6 5
14 16
