20 20
-2 7 0 9 4 16 13 12 2 17 13 -3 -9 14 10 2 14 12 18 14 
2 12 9 2 16 3 6 15 -13 0 6 -7 11 13 -18 9 -18 3 -15 16 
0 8 -12 15 -3 -16 1 13 12 1 -4 -10 9 13 -5 -10 10 15 9 15 
17 4 -16 7 3 -2 -14 13 17 11 3 3 -5 11 -11 18 14 -16 16 2 
16 11 -7 16 6 14 3 17 14 2 0 4 9 8 -14 2 12 12 9 13 
13 11 9 15 10 0 9 18 -13 -6 -2 14 0 -6 -4 -18 16 14 4 12 
3 12 18 10 16 8 3 1 8 3 13 5 11 16 7 5 18 0 2 2 
4 8 -2 -12 -16 1 -17 18 -8 14 15 -12 2 10 12 14 9 5 8 9 
12 -4 3 7 3 13 12 9 9 14 -11 -18 7 17 -17 10 0 2 4 15 
1 2 6 18 14 -17 -4 13 17 -2 -9 17 -9 15 11 1 13 -9 18 -11 
-11 18 -9 13 1 11 15 -9 17 -9 -2 17 13 -4 -17 14 18 6 2 1 
15 4 2 0 10 -17 17 7 -18 -11 14 9 9 12 13 3 7 3 -4 12 
9 8 5 9 14 12 10 2 -12 15 14 -8 18 -17 1 -16 -12 -2 8 4 
2 2 0 18 5 7 16 11 5 13 3 8 1 3 8 16 10 18 12 3 
12 4 14 16 -18 -4 -6 0 14 -2 -6 -13 18 9 0 10 15 9 11 13 
13 9 12 12 2 -14 8 9 4 0 2 14 17 3 14 6 16 -7 11 16 
2 16 -16 14 18 -11 11 -5 3 3 11 17 13 -14 -2 3 7 -16 4 17 
15 9 15 10 -10 -5 13 9 -10 -4 1 12 13 1 -16 -3 15 -12 8 0 
16 -15 3 -18 9 -18 13 11 -7 6 0 -13 15 6 3 16 2 9 12 2 
14 18 12 14 2 10 14 -9 -3 13 17 2 12 13 16 4 9 0 7 -2 
30
6
2 17
4 0
8 0
7 2
6 10
4 14
17 2
15 19
11 19
12 17
13 9
15 5
18
4 9 8
18 13 8
18 6 15
2 11 13
11 7 15
14 3 15
0 2 14
1 5 15
12 16 11
15 10 8
1 6 8
1 13 15
17 8 13
8 12 15
5 16 15
19 17 14
18 14 15
7 3 11
28
5 10
12 10
10 19
13 4
15 18
2 6
6 8
13 1
2 10
19 8
19 15
19 3
16 18
11 14
14 9
7 9
9 0
6 15
4 1
17 13
13 11
6 18
17 9
0 11
0 4
0 16
3 1
8 5
