20 20
14 9 10 19 19 7 12 5 8 19 12 -22 4 -17 -21 18 22 9 -19 18 
-7 23 17 10 9 -9 26 -24 -15 -17 15 -11 23 25 -13 27 10 -4 14 10 
10 14 27 -9 24 -10 16 23 7 17 18 16 14 27 14 27 20 4 18 5 
6 24 3 6 26 5 20 16 15 26 -16 22 22 7 12 23 19 23 21 -18 
-23 17 2 0 -26 0 1 -6 19 23 23 14 12 -10 15 24 -20 7 6 -8 
7 12 -18 -14 18 16 3 -24 13 19 6 20 18 3 -18 16 19 5 19 13 
-18 0 -24 -22 27 9 -3 -2 -20 25 15 25 19 10 16 8 -13 15 -9 2 
25 -8 11 2 8 -3 -17 22 12 21 -5 -15 16 1 12 11 -15 5 -5 -26 
-13 3 0 22 -20 -7 5 -7 22 15 25 5 -1 19 12 27 9 0 9 10 
23 2 1 9 2 25 -10 20 24 1 16 19 27 -18 14 15 24 22 20 -12 
-12 20 22 24 15 14 -18 27 19 16 1 24 20 -10 25 2 9 1 2 23 
10 9 0 9 27 12 19 -1 5 25 15 22 -7 5 -7 -20 22 0 3 -13 
-26 -5 5 -15 11 12 1 16 -15 -5 21 12 22 -17 -3 8 2 11 -8 25 
2 -9 15 -13 8 16 10 19 25 15 25 -20 -2 -3 9 27 -22 -24 0 -18 
13 19 5 19 16 -18 3 18 20 6 19 13 -24 3 16 18 -14 -18 12 7 
-8 6 7 -20 24 15 -10 12 14 23 23 19 -6 1 0 -26 0 2 17 -23 
-18 21 23 19 23 12 7 22 22 -16 26 15 16 20 5 26 6 3 24 6 
5 18 4 20 27 14 27 14 16 18 17 7 23 16 -10 24 -9 27 14 10 
10 14 -4 10 27 -13 25 23 -11 15 -17 -15 -24 26 -9 9 10 17 23 -7 
18 -19 9 22 18 -21 -17 4 -22 12 19 8 5 12 7 19 19 10 9 14 
44
3
2 5
1 5
7 8
17 14
18 14
12 11
18
10 3 10
11 19 8
12 16 14
5 15 16
6 5 9
16 12 12
13 11 16
12 5 15
19 9 16
9 16 10
8 0 8
7 3 14
14 4 16
13 14 9
3 7 12
6 8 16
7 14 15
0 10 16
36
7 12
13 18
15 8
17 1
8 5
9 8
0 4
17 19
16 15
4 14
5 4
14 13
18 5
4 0
1 4
6 13
10 0
11 12
12 7
6 1
4 11
2 18
11 14
10 11
19 15
2 0
3 4
15 5
14 15
5 6
1 14
15 19
18 15
13 6
9 19
8 7
