20 20
9 2 21 12 4 12 11 -2 0 -20 20 7 10 8 0 10 17 8 5 3 
12 -19 14 13 1 -18 4 20 6 20 3 6 -6 -9 5 -21 17 -19 7 17 
-5 0 12 16 18 8 -11 -20 3 -6 -17 6 18 17 7 4 3 14 3 -11 
6 1 21 4 15 -14 15 4 1 18 20 -17 21 9 19 -8 17 13 9 17 
18 16 -10 15 9 17 -20 -2 3 11 10 6 7 20 19 16 13 14 20 6 
-14 2 19 7 -1 14 15 -20 19 8 -19 -2 4 17 7 3 18 12 -3 19 
-11 7 8 -13 19 14 6 2 21 -21 6 13 10 -19 2 -3 -8 -11 -5 13 
-2 -10 18 18 9 0 16 6 10 16 2 -18 2 8 20 19 21 4 2 5 
4 16 17 6 -5 16 20 18 -12 18 4 16 2 -7 20 20 -6 4 -3 2 
20 21 2 -12 11 9 18 8 2 6 11 -3 5 1 15 13 -6 -4 1 2 
2 1 -4 -6 13 15 1 5 -3 11 6 2 8 18 9 11 -12 2 21 20 
2 -3 4 -6 20 20 -7 2 16 4 18 -12 18 20 16 -5 6 17 16 4 
5 2 4 21 19 20 8 2 -18 2 16 10 6 16 0 9 18 18 -10 -2 
13 -5 -11 -8 -3 2 -19 10 13 6 -21 21 2 6 14 19 -13 8 7 -11 
19 -3 12 18 3 7 17 4 -2 -19 8 19 -20 15 14 -1 7 19 2 -14 
6 20 14 13 16 19 20 7 6 10 11 3 -2 -20 17 9 15 -10 16 18 
17 9 13 17 -8 19 9 21 -17 20 18 1 4 15 -14 15 4 21 1 6 
-11 3 14 3 4 7 17 18 6 -17 -6 3 -20 -11 8 18 16 12 0 -5 
17 7 -19 17 -21 5 -9 -6 6 3 20 6 20 4 -18 1 13 14 -19 12 
3 5 8 17 10 0 8 10 7 20 -20 0 -2 11 12 4 12 21 2 9 
46
6
7 11
4 0
17 12
3 9
8 11
16 7
12 8
15 19
2 7
16 10
11 8
3 12
10
1 10 13
2 11 14
19 14 16
3 10 14
18 17 13
18 9 13
17 8 14
0 5 16
16 9 14
1 2 13
28
9 12
10 19
13 15
8 10
4 3
10 15
11 3
11 2
5 7
10 14
11 17
14 15
9 16
0 16
10 7
9 0
6 4
11 9
15 16
9 4
8 16
8 17
14 12
9 5
8 2
5 4
10 3
19 3
