20 20
8 7 9 -5 7 6 11 12 7 10 13 0 7 -4 10 5 12 10 9 10 
10 -13 8 7 1 0 10 9 11 -9 12 -2 3 -12 7 1 1 0 12 4 
12 10 5 -4 2 8 11 9 1 1 8 0 -3 8 0 -10 -4 4 13 -8 
7 -4 -11 0 13 10 -9 5 3 13 -9 8 6 2 5 13 2 3 -5 3 
10 9 6 6 -6 -2 10 7 8 -6 6 2 12 0 12 12 13 -9 12 7 
12 -11 5 13 11 -11 0 2 9 13 6 0 -5 7 8 -1 -9 10 -5 2 
6 -12 -13 7 12 12 1 -7 11 -11 2 2 7 10 12 -11 6 9 3 8 
-6 9 9 9 10 -9 -13 4 10 3 2 11 8 9 11 6 -7 -8 4 0 
-9 7 12 -10 11 11 2 -9 3 -1 -8 -12 2 13 12 1 -7 -7 10 -6 
11 10 -8 13 -10 1 7 5 -1 3 2 12 -11 -12 -2 10 10 -10 10 -5 
-5 10 -10 10 10 -2 -12 -11 12 2 3 -1 5 7 1 -10 13 -8 10 11 
-6 10 -7 -7 1 12 13 2 -12 -8 -1 3 -9 2 11 11 -10 12 7 -9 
0 4 -8 -7 6 11 9 8 11 2 3 10 4 -13 -9 10 9 9 9 -6 
8 3 9 6 -11 12 10 7 2 2 -11 11 -7 1 12 12 7 -13 -12 6 
2 -5 10 -9 -1 8 7 -5 0 6 13 9 2 0 -11 11 13 5 -11 12 
7 12 -9 13 12 12 0 12 2 6 -6 8 7 10 -2 -6 6 6 9 10 
3 -5 3 2 13 5 2 6 8 -9 13 3 5 -9 10 13 0 -11 -4 7 
-8 13 4 -4 -10 0 8 -3 0 8 1 1 9 11 8 2 -4 5 10 12 
4 12 0 1 1 7 -12 3 -2 12 -9 11 9 10 0 1 7 8 -13 10 
10 9 10 12 5 10 -4 7 0 13 10 7 12 11 6 7 -5 9 7 8 
41
7
14 6
2 17
14 12
9 1
16 19
8 7
14 9
5 13
17 2
5 7
10 18
3 0
11 12
5 10
8
7 17 12
13 6 11
7 2 8
17 16 14
12 2 12
6 13 11
12 17 8
2 3 14
34
14 8
15 11
10 1
19 14
14 17
17 18
6 17
11 15
0 17
19 5
4 10
0 15
4 7
18 8
5 14
16 4
12 15
5 11
4 8
9 18
0 5
5 2
2 1
13 2
8 4
19 2
0 14
15 9
19 4
15 12
1 11
14 5
3 15
7 4
