20 20
3 2 1 0 3 2 1 0 3 3 3 2 -2 0 3 -2 3 3 2 1 
1 -1 -3 0 -1 -1 3 3 0 1 0 0 1 1 1 -1 1 3 -2 1 
3 1 3 -3 0 2 0 3 2 3 3 2 1 -3 -2 3 0 2 0 1 
1 -1 2 2 -2 0 3 -3 1 2 -3 0 3 -1 -3 1 1 1 3 1 
3 0 1 2 2 2 -1 3 3 3 1 3 3 3 3 2 3 3 -1 1 
2 -1 3 2 -3 2 2 0 -3 0 2 3 2 3 3 2 0 -3 -2 -3 
0 3 2 3 -2 3 1 -2 -3 3 1 2 3 -2 1 3 2 -3 1 2 
1 3 3 1 1 3 -1 2 0 1 -1 -2 1 3 -3 2 3 3 3 -3 
0 -2 1 3 2 1 0 3 1 3 2 -2 0 2 -3 3 1 1 2 2 
-1 2 -3 1 -2 0 3 1 1 3 -3 2 0 0 3 -3 2 1 -1 1 
1 -1 1 2 -3 3 0 0 2 -3 3 1 1 3 0 -2 1 -3 2 -1 
2 2 1 1 3 -3 2 0 -2 2 3 1 3 0 1 2 3 1 -2 0 
-3 3 3 3 2 -3 3 1 -2 -1 1 0 2 -1 3 1 1 3 3 1 
2 1 -3 2 3 1 -2 3 2 1 3 -3 -2 1 3 -2 3 2 3 0 
-3 -2 -3 0 2 3 3 2 3 2 0 -3 0 2 2 -3 2 3 -1 2 
1 -1 3 3 2 3 3 3 3 1 3 3 3 -1 2 2 2 1 0 3 
1 3 1 1 1 -3 -1 3 0 -3 2 1 -3 3 0 -2 2 2 -1 1 
1 0 2 0 3 -2 -3 1 2 3 3 2 3 0 2 0 -3 3 1 3 
1 -2 3 1 -1 1 1 1 0 0 1 0 3 3 -1 -1 0 -3 -1 1 
1 2 3 3 -2 3 0 -2 2 3 3 3 0 1 2 3 0 1 2 3 
41
7
3 17
19 6
3 9
17 19
17 6
4 2
13 12
16 2
0 13
16 10
2 0
2 13
15 17
6 7
10
11 14 8
7 2 13
14 9 13
18 10 9
7 9 12
8 5 8
12 17 13
5 10 13
1 9 9
12 10 12
26
12 5
14 6
10 1
18 17
9 16
3 5
17 4
2 6
15 14
18 3
2 8
16 11
9 19
7 14
5 13
9 18
1 2
10 3
16 14
2 15
17 13
4 5
1 16
17 11
3 8
10 0
