20 20
17 13 -16 7 15 16 14 18 8 7 5 12 -15 12 -13 14 -16 12 3 5 
-12 -4 11 5 -20 1 -17 -16 13 15 4 6 -16 3 3 8 13 16 -4 16 
2 -13 16 10 15 17 6 -12 1 -9 -7 -14 -6 10 -5 16 17 -9 0 12 
-10 12 3 5 13 1 -2 2 14 2 3 1 5 9 0 -16 12 2 13 3 
20 -15 -19 17 -5 6 6 12 -13 5 0 3 14 -10 -13 20 13 10 12 4 
-20 19 14 14 2 20 17 11 15 10 -6 4 10 17 5 8 0 6 15 4 
12 16 20 18 18 13 -15 1 13 -17 1 -18 -15 3 15 9 4 4 -20 -18 
18 15 14 5 9 -4 -4 20 8 3 17 4 -4 -19 10 11 15 -10 -11 -14 
0 18 -16 -14 5 12 -14 3 -3 5 -13 19 11 1 7 14 -9 20 15 3 
15 17 17 6 12 14 15 -2 6 -15 -17 16 11 10 7 3 -9 16 1 6 
6 1 16 -9 3 7 10 11 16 -17 -15 6 -2 15 14 12 6 17 17 15 
3 15 20 -9 14 7 1 11 19 -13 5 -3 3 -14 12 5 -14 -16 18 0 
-14 -11 -10 15 11 10 -19 -4 4 17 3 8 20 -4 -4 9 5 14 15 18 
-18 -20 4 4 9 15 3 -15 -18 1 -17 13 1 -15 13 18 18 20 16 12 
4 15 6 0 8 5 17 10 4 -6 10 15 11 17 20 2 14 14 19 -20 
4 12 10 13 20 -13 -10 14 3 0 5 -13 12 6 6 -5 17 -19 -15 20 
3 13 2 12 -16 0 9 5 1 3 2 14 2 -2 1 13 5 3 12 -10 
12 0 -9 17 16 -5 10 -6 -14 -7 -9 1 -12 6 17 15 10 16 -13 2 
16 -4 16 13 8 3 3 -16 6 4 15 13 -16 -17 1 -20 5 11 -4 -12 
5 3 12 -16 14 -13 12 -15 12 5 7 8 18 14 16 15 7 -16 13 17 
51
7
15 12
8 1
13 5
7 5
1 9
6 9
16 19
4 7
11 18
6 14
12 14
18 10
13 10
3 0
16
6 10 13
4 5 13
5 12 16
14 18 12
14 10 16
15 6 9
17 3 10
1 15 12
13 9 13
15 14 13
14 7 16
5 1 12
5 9 16
4 13 9
2 16 10
18 4 12
32
9 10
10 15
18 16
0 17
14 1
11 2
6 1
11 9
9 14
4 10
19 3
3 1
6 2
17 9
18 0
15 2
10 9
9 4
1 3
19 2
5 18
8 17
13 18
8 10
10 5
15 9
0 16
16 18
13 17
2 10
1 19
4 17
