20 20
8 10 1 7 -6 0 3 9 4 9 4 3 -8 1 11 11 -6 8 10 8 
4 -5 -3 10 8 11 9 2 4 6 -7 8 9 4 -10 0 1 2 7 -3 
4 12 -4 7 12 -8 8 12 0 1 11 -6 -7 11 -8 8 -12 2 -8 1 
-4 3 5 5 7 -5 1 2 11 -11 11 4 6 5 6 -1 1 8 -6 -4 
-5 9 4 7 11 10 8 10 3 7 11 12 12 8 1 2 12 10 3 -1 
7 2 8 5 -8 5 4 12 12 8 1 6 -4 1 12 -4 10 7 2 10 
8 10 -7 2 -6 3 7 9 0 -2 0 10 7 8 -7 -1 12 7 9 3 
4 10 7 -3 2 12 5 7 12 7 3 1 2 -3 12 6 1 9 10 -8 
8 12 12 6 7 2 6 10 1 12 8 4 -5 6 0 10 9 8 -1 -4 
3 6 11 3 4 -9 2 0 -11 4 6 12 -10 6 7 3 8 9 -1 3 
3 -1 9 8 3 7 6 -10 12 6 4 -11 0 2 -9 4 3 11 6 3 
-4 -1 8 9 10 0 6 -5 4 8 12 1 10 6 2 7 6 12 12 8 
-8 10 9 1 6 12 -3 2 1 3 7 12 7 5 12 2 -3 7 10 4 
3 9 7 12 -1 -7 8 7 10 0 -2 0 9 7 3 -6 2 -7 10 8 
10 2 7 10 -4 12 1 -4 6 1 8 12 12 4 5 -8 5 8 2 7 
-1 3 10 12 2 1 8 12 12 11 7 3 10 8 10 11 7 4 9 -5 
-4 -6 8 1 -1 6 5 6 4 11 -11 11 2 1 -5 7 5 5 3 -4 
1 -8 2 -12 8 -8 11 -7 -6 11 1 0 12 8 -8 12 7 -4 12 4 
-3 7 2 1 0 -10 4 9 8 -7 6 4 2 9 11 8 10 -3 -5 4 
8 10 8 -6 11 11 1 -8 3 4 9 4 9 3 0 -6 7 1 10 8 
41
4
19 13
4 15
12 19
3 13
0 6
15 4
7 0
16 6
8
14 15 13
14 5 13
1 6 13
16 0 8
5 4 13
5 14 13
18 13 13
3 19 8
28
8 0
5 2
8 9
16 2
12 11
10 14
16 13
9 19
4 11
6 16
3 16
2 8
15 19
5 10
11 19
14 17
11 10
3 17
7 8
9 5
3 6
10 0
15 8
13 3
16 3
17 11
4 0
14 9
