20 20
2 1 0 4 2 4 -4 1 3 5 0 1 1 -1 3 5 3 2 5 0 
-2 0 3 1 3 1 2 3 0 1 4 -3 3 4 -3 0 1 -5 2 0 
2 0 5 2 1 5 1 4 1 4 3 4 5 1 1 2 3 5 -1 4 
4 -5 3 3 -2 2 1 -2 4 3 3 4 0 4 5 1 -1 2 4 4 
2 0 -4 -1 5 1 1 3 4 3 5 5 -3 1 4 1 5 -4 1 5 
3 5 3 0 -2 5 -4 2 -3 2 3 -4 5 -3 4 5 -3 3 -4 2 
3 3 5 4 3 3 1 -4 3 2 0 2 -3 5 -5 5 4 0 3 5 
3 1 -1 4 -1 5 2 1 1 0 4 1 -4 3 2 4 5 5 3 5 
5 5 -5 1 5 -3 -1 2 0 1 2 1 0 2 1 -4 3 4 4 3 
-3 4 4 1 0 4 0 -3 5 3 0 -1 2 3 1 3 1 2 1 3 
3 1 2 1 3 1 3 2 -1 0 3 5 -3 0 4 0 1 4 4 -3 
3 4 4 3 -4 1 2 0 1 2 1 0 2 -1 -3 5 1 -5 5 5 
5 3 5 5 4 2 3 -4 1 4 0 1 1 2 5 -1 4 -1 1 3 
5 3 0 4 5 -5 5 -3 2 0 2 3 -4 1 3 3 4 5 3 3 
2 -4 3 -3 5 4 -3 5 -4 3 2 -3 2 -4 5 -2 0 3 5 3 
5 1 -4 5 1 4 1 -3 5 5 3 4 3 1 1 5 -1 -4 0 2 
4 4 2 -1 1 5 4 0 4 3 3 4 -2 1 2 -2 3 3 -5 4 
4 -1 5 3 2 1 1 5 4 3 4 1 4 1 5 1 2 5 0 2 
0 2 -5 1 0 -3 4 3 -3 4 1 0 3 2 1 3 1 3 0 -2 
0 5 2 3 5 3 -1 1 1 0 5 3 1 -4 4 2 4 0 1 2 
60
2
19 16
5 2
0 3
14 17
6
11 9 8
2 12 8
10 9 13
8 10 8
17 7 8
9 10 13
38
19 17
13 14
5 14
0 9
12 6
15 12
9 14
12 14
13 7
4 19
9 8
3 14
3 0
18 16
13 17
7 4
11 1
14 19
1 14
0 2
6 5
14 5
19 10
7 13
4 7
10 5
7 5
6 12
15 0
10 11
16 5
16 19
1 3
6 2
12 15
8 18
5 0
18 5
