20 20
2 6 4 -2 -5 6 3 5 1 -6 3 0 4 5 3 -2 4 3 0 2 
3 -6 4 5 -4 4 4 6 -4 4 -1 3 0 1 6 3 3 -6 5 1 
5 3 4 5 5 4 1 1 -4 2 3 2 5 0 6 6 -3 6 6 6 
4 0 4 4 6 1 1 -5 1 -6 6 4 2 -4 0 2 -4 -4 1 6 
-4 -1 2 4 3 -4 -6 -5 1 3 -1 1 6 6 3 -2 4 3 -2 -4 
-1 -1 3 4 -6 2 4 -1 0 0 3 2 -4 -5 4 6 -5 5 -2 -5 
5 5 5 4 6 6 0 4 1 -3 1 3 3 4 1 2 5 2 2 1 
5 4 -1 4 3 3 2 -3 -3 1 5 4 -1 1 -3 -6 6 1 -6 -1 
5 2 -6 3 -5 6 5 4 -5 3 2 2 6 -2 1 2 -4 4 -4 1 
6 4 4 1 3 1 1 5 3 6 -1 -1 4 -4 3 5 -1 -1 2 1 
1 2 -1 -1 5 3 -4 4 -1 -1 6 3 5 1 1 3 1 4 4 6 
1 -4 4 -4 2 1 -2 6 2 2 3 -5 4 5 6 -5 3 -6 2 5 
-1 -6 1 6 -6 -3 1 -1 4 5 1 -3 -3 2 3 3 4 -1 4 5 
1 2 2 5 2 1 4 3 3 1 -3 1 4 0 6 6 4 5 5 5 
-5 -2 5 -5 6 4 -5 -4 2 3 0 0 -1 4 2 -6 4 3 -1 -1 
-4 -2 3 4 -2 3 6 6 1 -1 3 1 -5 -6 -4 3 4 2 -1 -4 
6 1 -4 -4 2 0 -4 2 4 6 -6 1 -5 1 1 6 4 4 0 4 
6 6 6 -3 6 6 0 5 2 3 2 -4 1 1 4 5 5 4 3 5 
1 5 -6 3 3 6 1 0 3 -1 4 -4 6 4 4 -4 5 4 -6 3 
2 0 3 4 -2 3 5 4 0 3 -6 1 5 3 6 -5 -2 4 6 2 
31
6
0 11
6 14
2 16
5 14
17 12
15 5
19 8
13 5
17 3
14 5
2 7
4 14
18
17 9 11
12 16 8
14 16 8
0 7 8
2 9 13
2 17 8
10 7 11
8 11 10
15 1 8
2 10 11
7 3 8
5 3 8
19 12 8
17 10 13
17 2 8
9 12 11
11 8 10
4 18 8
38
19 14
4 5
15 3
8 10
19 9
8 1
4 19
8 4
7 1
17 1
3 7
18 6
17 11
19 11
12 4
11 10
0 19
13 1
11 1
0 5
15 14
4 16
11 9
0 10
11 18
15 0
11 15
12 18
2 18
16 12
1 13
2 8
0 8
7 15
8 9
19 0
6 18
8 18
