20 20
3 -10 2 -5 3 3 1 8 4 6 9 7 5 10 9 -4 -3 2 2 4 
9 1 10 0 -3 10 3 -1 0 -4 7 0 5 -4 3 -10 -3 0 7 1 
10 1 8 1 7 -4 -6 3 8 9 3 9 7 1 -3 10 -1 2 -3 -4 
2 7 5 10 4 10 1 1 10 -8 1 2 3 -10 10 -3 9 9 1 -10 
10 4 2 5 2 7 10 5 6 5 -4 4 0 -2 -10 -4 2 3 8 10 
8 -10 6 -7 9 2 3 6 2 4 -3 2 4 1 9 10 -2 6 8 -10 
10 6 8 6 1 8 2 8 4 8 -1 -3 3 0 -2 3 8 4 7 6 
10 3 2 6 9 4 5 8 2 7 4 8 0 5 1 -4 1 1 8 -10 
10 5 10 7 8 10 9 5 -1 6 3 1 8 10 9 8 1 7 3 6 
-8 -2 0 -9 5 7 8 6 9 5 -7 2 8 6 8 7 -2 -2 1 3 
3 1 -2 -2 7 8 6 8 2 -7 5 9 6 8 7 5 -9 0 -2 -8 
6 3 7 1 8 9 10 8 1 3 6 -1 5 9 10 8 7 10 5 10 
-10 8 1 1 -4 1 5 0 8 4 7 2 8 5 4 9 6 2 3 10 
6 7 4 8 3 -2 0 3 -3 -1 8 4 8 2 8 1 6 8 6 10 
-10 8 6 -2 10 9 1 4 2 -3 4 2 6 3 2 9 -7 6 -10 8 
10 8 3 2 -4 -10 -2 0 4 -4 5 6 5 10 7 2 5 2 4 10 
-10 1 9 9 -3 10 -10 3 2 1 -8 10 1 1 10 4 10 5 7 2 
-4 -3 2 -1 10 -3 1 7 9 3 9 8 3 -6 -4 7 1 8 1 10 
1 7 0 -3 -10 3 -4 5 0 7 -4 0 -1 3 10 -3 0 10 1 9 
4 2 2 -3 -4 9 10 5 7 9 6 4 8 1 3 3 -5 2 -10 3 
56
7
0 18
12 13
4 10
0 3
19 17
4 11
14 16
19 1
7 6
15 9
19 16
0 2
15 8
5 3
18
12 4 9
0 16 12
17 11 9
8 15 10
17 3 10
3 7 15
2 10 10
12 11 8
0 11 13
7 15 9
19 3 12
2 8 9
11 4 10
2 16 10
16 12 15
17 9 10
7 8 8
19 8 13
32
14 0
5 1
5 7
3 11
7 16
11 9
4 15
16 5
0 10
7 10
18 8
8 2
10 14
19 15
1 3
5 6
5 19
14 18
14 12
16 8
12 3
8 10
15 4
3 14
19 9
12 9
1 11
11 17
9 5
0 4
18 16
14 13
