20 20
15 9 17 4 13 17 15 6 11 20 21 5 8 11 18 21 22 10 18 -19 
18 18 13 22 6 -13 22 -6 -16 12 18 -11 17 22 21 7 13 5 3 -1 
16 -15 21 13 21 -14 -2 13 -12 21 3 13 20 18 20 9 15 -5 16 20 
-14 13 9 17 20 11 21 11 -10 4 20 -12 4 -17 4 11 13 8 -9 2 
-9 11 1 8 9 20 17 -10 -1 20 20 1 8 18 -7 19 5 13 0 21 
20 1 17 9 8 16 1 9 2 10 12 6 13 14 8 17 -17 4 -7 11 
15 16 18 14 9 4 11 16 6 -19 9 -5 -16 15 -13 -17 9 9 7 4 
-13 -20 -7 4 9 5 13 -3 7 3 10 16 9 7 12 9 9 22 21 21 
-22 -12 3 19 2 1 14 18 -1 19 11 12 16 -7 10 6 3 17 22 20 
10 19 16 17 -15 17 6 -3 11 0 15 -2 19 9 7 0 20 -4 3 14 
14 3 -4 20 0 7 9 19 -2 15 0 11 -3 6 17 -15 17 16 19 10 
20 22 17 3 6 10 -7 16 12 11 19 -1 18 14 1 2 19 3 -12 -22 
21 21 22 9 9 12 7 9 16 10 3 7 -3 13 5 9 4 -7 -20 -13 
4 7 9 9 -17 -13 15 -16 -5 9 -19 6 16 11 4 9 14 18 16 15 
11 -7 4 -17 17 8 14 13 6 12 10 2 9 1 16 8 9 17 1 20 
21 0 13 5 19 -7 18 8 1 20 20 -1 -10 17 20 9 8 1 11 -9 
2 -9 8 13 11 4 -17 4 -12 20 4 -10 11 21 11 20 17 9 13 -14 
20 16 -5 15 9 20 18 20 13 3 21 -12 13 -2 -14 21 13 21 -15 16 
-1 3 5 13 7 21 22 17 -11 18 12 -16 -6 22 -13 6 22 13 18 18 
-19 18 10 22 21 18 11 8 5 21 20 11 6 15 17 13 4 17 9 15 
46
6
2 11
10 5
10 16
4 18
11 1
17 14
17 8
9 14
9 3
15 1
8 18
2 5
16
13 4 11
18 12 9
1 16 11
2 12 9
11 12 15
2 6 8
13 2 16
4 2 11
6 15 11
1 7 9
18 3 11
17 7 9
8 7 15
17 13 8
6 17 16
15 17 11
28
13 5
12 0
17 2
15 4
15 10
18 8
18 7
6 10
17 3
13 1
7 8
12 15
8 16
10 2
6 14
7 19
2 17
4 15
4 9
1 11
1 12
13 9
2 16
6 18
12 11
7 4
11 3
9 17
