20 20
2 5 2 4 9 8 3 1 8 1 8 2 -2 2 9 0 6 -9 -5 8 
-8 -8 8 -8 9 1 9 3 3 3 -7 3 6 1 3 2 -1 -7 8 2 
4 3 4 -1 7 9 -9 -7 1 2 9 5 1 0 3 -1 6 9 2 3 
6 -1 1 5 6 -8 2 3 0 2 5 -2 4 2 -6 4 0 -9 -9 8 
9 7 3 2 6 -4 8 2 9 7 2 6 -7 3 -9 -3 -1 7 -3 7 
7 8 -7 6 -4 -9 9 -7 5 -9 2 8 4 -6 2 -8 5 0 -3 -6 
3 6 4 4 -1 6 9 6 0 -7 -6 -6 9 1 -7 3 4 1 1 -7 
8 0 3 2 7 -5 4 -2 2 7 7 -5 7 9 -4 -7 1 6 9 -5 
-4 3 8 -2 7 2 -5 8 7 5 2 2 9 2 6 8 5 6 -4 6 
-7 4 6 8 9 -8 -8 -5 4 6 8 8 9 9 3 -6 5 7 0 -2 
-2 0 7 5 -6 3 9 9 8 8 6 4 -5 -8 -8 9 8 6 4 -7 
6 -4 6 5 8 6 2 9 2 2 5 7 8 -5 2 7 -2 8 3 -4 
-5 9 6 1 -7 -4 9 7 -5 7 7 2 -2 4 -5 7 2 3 0 8 
-7 1 1 4 3 -7 1 9 -6 -6 -7 0 6 9 6 -1 4 4 6 3 
-6 -3 0 5 -8 2 -6 4 8 2 -9 5 -7 9 -9 -4 6 -7 8 7 
7 -3 7 -1 -3 -9 3 -7 6 2 7 9 2 8 -4 6 2 3 7 9 
8 -9 -9 0 4 -6 2 4 -2 5 2 0 3 2 -8 6 5 1 -1 6 
3 2 9 6 -1 3 0 1 5 9 2 1 -7 -9 9 7 -1 4 3 4 
2 8 -7 -1 2 3 1 6 3 -7 3 3 3 9 1 9 -8 8 -8 -8 
8 -5 -9 6 0 9 2 -2 2 8 1 8 1 3 8 9 4 2 5 2 
31
7
1 12
6 5
13 17
18 11
1 15
5 3
15 12
18 7
13 14
6 2
1 8
18 4
14 16
4 7
20
5 14 12
4 11 11
17 6 14
0 7 13
7 11 9
11 13 10
7 16 14
19 5 8
16 15 8
14 2 14
14 5 12
15 8 11
2 13 14
19 12 13
12 8 9
8 6 10
12 3 14
0 14 8
3 4 8
5 17 14
40
14 15
3 1
10 8
19 11
2 7
13 10
11 4
16 8
11 8
7 8
12 1
11 0
18 19
14 3
19 16
1 5
13 8
12 2
15 18
8 17
5 4
16 18
9 11
0 8
17 12
6 9
8 15
3 11
8 11
12 11
7 18
8 19
1 0
5 16
0 3
18 14
6 11
7 17
4 1
11 2
