20 20
-2 -1 4 -6 5 -5 4 1 6 0 -4 1 3 3 2 5 4 4 4 4 
2 -1 4 6 4 2 5 4 4 1 -1 1 6 0 2 4 4 0 2 -5 
5 -4 0 1 5 -2 6 6 1 2 -2 3 6 -2 2 3 1 5 -6 3 
5 4 3 6 2 0 4 4 -6 2 2 6 4 6 6 -6 4 3 1 -5 
0 -2 1 2 2 5 2 3 3 5 3 3 4 1 4 4 6 -6 -2 -6 
5 4 2 1 -6 0 1 4 2 -6 4 -6 1 3 3 6 -3 5 1 1 
2 -2 4 -3 6 5 1 -5 4 4 6 3 6 3 -6 4 6 3 0 4 
6 0 4 1 3 -4 -4 -4 -3 1 1 -5 -3 4 4 6 -5 4 0 6 
0 3 5 0 3 -2 1 5 3 1 -6 -4 3 -5 -6 5 -2 0 4 2 
3 1 3 5 3 1 -2 5 0 3 6 3 4 1 -6 -6 3 -4 1 -4 
-4 1 -4 3 -6 -6 1 4 3 6 3 0 5 -2 1 3 5 3 1 3 
2 4 0 -2 5 -6 -5 3 -4 -6 1 3 5 1 -2 3 0 5 3 0 
6 0 4 -5 6 4 4 -3 -5 1 1 -3 -4 -4 -4 3 1 4 0 6 
4 0 3 6 4 -6 3 6 3 6 4 4 -5 1 5 6 -3 4 -2 2 
1 1 5 -3 6 3 3 1 -6 4 -6 2 4 1 0 -6 1 2 4 5 
-6 -2 -6 6 4 4 1 4 3 3 5 3 3 2 5 2 2 1 -2 0 
-5 1 3 4 -6 6 6 4 6 2 2 -6 4 4 0 2 6 3 4 5 
3 -6 5 1 3 2 -2 6 3 -2 2 1 6 6 -2 5 1 0 -4 5 
-5 2 0 4 4 2 0 6 1 -1 1 4 4 5 2 4 6 4 -1 2 
4 4 4 4 5 2 3 3 1 -4 0 6 1 4 -5 5 -6 4 -1 -2 
33
4
13 7
14 2
8 17
13 1
6 12
5 17
11 2
6 18
18
13 19 12
12 11 9
12 19 14
12 1 9
17 4 9
8 11 15
2 9 13
4 19 13
13 8 12
6 0 12
7 8 9
7 0 14
7 18 9
2 15 9
11 8 15
17 10 13
15 0 13
6 11 12
32
1 19
13 12
17 16
3 5
0 5
4 7
2 17
11 0
8 10
19 11
10 16
18 5
10 9
2 18
18 17
12 7
18 0
6 7
2 3
16 14
19 14
15 12
17 2
8 19
11 9
0 8
9 3
1 14
9 10
17 1
1 2
7 12
