20 20
4 2 7 11 17 2 2 16 5 -12 12 7 2 -21 16 12 17 -4 4 -9 
7 8 8 6 16 1 2 12 13 8 -12 -17 6 17 -15 4 5 21 11 -1 
7 4 10 16 10 0 8 -6 -13 -14 -6 2 11 16 5 -5 10 18 -7 19 
9 0 19 -17 -3 15 1 -8 9 -3 4 4 1 10 7 -12 2 -21 20 5 
3 -6 -17 3 2 21 17 -2 -16 20 15 16 19 4 3 8 4 18 2 2 
4 -19 5 10 16 1 18 14 11 -10 14 18 9 11 12 20 17 18 17 0 
-1 -16 -14 11 -18 17 -20 15 21 -20 8 -9 3 4 9 8 9 6 -2 -12 
1 21 15 0 10 -9 13 15 -2 19 17 7 19 -21 -18 13 13 4 -20 -9 
21 16 2 19 15 6 6 -10 -7 -12 1 -5 15 -19 10 20 -2 -10 17 -21 
14 -19 -4 12 -5 9 2 15 7 10 13 19 -9 13 10 11 -14 10 16 -4 
-4 16 10 -14 11 10 13 -9 19 13 10 7 15 2 9 -5 12 -4 -19 14 
-21 17 -10 -2 20 10 -19 15 -5 1 -12 -7 -10 6 6 15 19 2 16 21 
-9 -20 4 13 13 -18 -21 19 7 17 19 -2 15 13 -9 10 0 15 21 1 
-12 -2 6 9 8 9 4 3 -9 8 -20 21 15 -20 17 -18 11 -14 -16 -1 
0 17 18 17 20 12 11 9 18 14 -10 11 14 18 1 16 10 5 -19 4 
2 2 18 4 8 3 4 19 16 15 20 -16 -2 17 21 2 3 -17 -6 3 
5 20 -21 2 -12 7 10 1 4 4 -3 9 -8 1 15 -3 -17 19 0 9 
19 -7 18 10 -5 5 16 11 2 -6 -14 -13 -6 8 0 10 16 10 4 7 
-1 11 21 5 4 -15 17 6 -17 -12 8 13 12 2 1 16 6 8 8 7 
-9 4 -4 17 12 16 -21 2 7 12 -12 5 16 2 2 17 11 7 2 4 
42
2
15 11
2 15
4 8
17 4
6
13 10 9
12 16 15
0 4 13
6 9 9
7 3 15
19 15 13
34
3 18
3 19
16 17
10 2
4 19
10 14
5 14
9 6
10 1
14 0
7 0
15 1
12 11
16 4
14 3
5 18
14 19
16 1
16 0
3 2
9 17
15 0
9 5
14 5
10 13
9 18
5 19
12 19
4 18
7 8
3 15
5 16
14 1
5 0
