20 20
15 14 20 -11 13 4 -9 -21 5 -5 10 -15 -11 -3 0 18 6 1 5 21 
8 2 9 7 13 8 18 0 -15 3 20 10 -19 13 -17 2 14 16 -5 9 
1 9 14 9 7 -4 -16 -18 8 -20 16 8 7 0 5 6 -4 19 11 -2 
14 17 -21 -17 11 15 4 20 18 2 20 9 9 8 7 -14 13 9 1 21 
6 -14 14 3 13 13 13 17 2 20 -3 19 7 9 4 10 6 9 13 -11 
-16 17 14 12 1 -2 12 -18 1 8 -6 21 14 -15 21 0 12 -17 19 12 
-10 4 12 -4 8 0 19 13 15 -7 -8 16 -18 4 18 5 20 -8 -21 20 
19 9 4 -19 16 17 7 -16 9 11 8 18 -3 13 -2 4 14 18 21 15 
7 17 19 19 19 8 -17 -4 20 5 -21 15 19 8 -20 -14 7 9 2 -7 
20 5 21 -7 13 6 21 4 8 3 16 16 -14 4 2 4 -19 16 13 8 
8 13 16 -19 4 2 4 -14 16 16 3 8 4 21 6 13 -7 21 5 20 
-7 2 9 7 -14 -20 8 19 15 -21 5 20 -4 -17 8 19 19 19 17 7 
15 21 18 14 4 -2 13 -3 18 8 11 9 -16 7 17 16 -19 4 9 19 
20 -21 -8 20 5 18 4 -18 16 -8 -7 15 13 19 0 8 -4 12 4 -10 
12 19 -17 12 0 21 -15 14 21 -6 8 1 -18 12 -2 1 12 14 17 -16 
-11 13 9 6 10 4 9 7 19 -3 20 2 17 13 13 13 3 14 -14 6 
21 1 9 13 -14 7 8 9 9 20 2 18 20 4 15 11 -17 -21 17 14 
-2 11 19 -4 6 5 0 7 8 16 -20 8 -18 -16 -4 7 9 14 9 1 
9 -5 16 14 2 -17 13 -19 10 20 3 -15 0 18 8 13 7 9 2 8 
21 5 1 6 18 0 -3 -11 -15 10 -5 5 -21 -9 4 13 -11 20 14 15 
46
5
15 17
17 6
5 2
8 18
11 9
4 2
2 13
14 17
11 1
8 10
8
5 15 15
6 1 8
0 8 15
13 9 15
14 4 15
13 18 8
19 11 15
6 10 15
36
7 10
1 3
12 15
3 11
12 4
15 4
8 14
13 12
11 6
0 10
3 13
3 6
6 0
9 5
1 7
8 17
16 10
11 8
12 9
18 16
7 4
16 8
7 15
4 15
11 5
6 7
8 13
19 9
16 6
16 13
13 19
10 14
18 12
11 2
3 9
8 11
