20 20
3 -23 10 9 16 18 11 17 25 20 7 -26 12 8 -8 18 1 19 22 2 
19 6 12 -11 -26 17 11 16 15 -13 23 6 8 -4 11 11 4 8 -26 9 
13 23 14 1 7 8 15 3 12 13 6 5 21 -23 -13 4 8 -5 -9 -24 
-26 23 10 18 2 20 9 -8 17 11 20 12 16 1 6 -7 26 -9 -25 23 
14 1 13 21 21 18 8 26 -11 4 5 26 -8 26 22 17 20 20 21 21 
12 24 23 13 2 20 -25 -7 -24 -8 10 12 12 7 -5 14 14 -12 2 13 
-20 -11 14 -24 9 14 3 19 3 2 24 -16 -23 -11 19 14 6 23 22 23 
22 20 25 5 -18 21 3 -20 24 14 26 -17 0 19 -4 -5 10 -8 23 11 
15 -15 -24 15 16 -1 5 24 13 -2 -8 7 3 4 -9 6 19 18 6 12 
6 7 -3 -21 17 16 10 2 -22 -24 1 6 12 4 13 -6 12 14 9 20 
20 9 14 12 -6 13 4 12 6 1 -24 -22 2 10 16 17 -21 -3 7 6 
12 6 18 19 6 -9 4 3 7 -8 -2 13 24 5 -1 16 15 -24 -15 15 
11 23 -8 10 -5 -4 19 0 -17 26 14 24 -20 3 21 -18 5 25 20 22 
23 22 23 6 14 19 -11 -23 -16 24 2 3 19 3 14 9 -24 14 -11 -20 
13 2 -12 14 14 -5 7 12 12 10 -8 -24 -7 -25 20 2 13 23 24 12 
21 21 20 20 17 22 26 -8 26 5 4 -11 26 8 18 21 21 13 1 14 
23 -25 -9 26 -7 6 1 16 12 20 11 17 -8 9 20 2 18 10 23 -26 
-24 -9 -5 8 4 -13 -23 21 5 6 13 12 3 15 8 7 1 14 23 13 
9 -26 8 4 11 11 -4 8 6 23 -13 15 16 11 17 -26 -11 12 6 19 
2 22 19 1 18 -8 8 12 -26 7 20 25 17 11 18 16 9 10 -23 3 
42
7
18 1
18 0
14 17
2 11
18 7
13 18
13 2
1 18
1 19
5 2
17 8
1 12
6 1
6 17
8
1 2 11
0 14 13
19 2 13
6 8 10
18 17 11
19 5 13
0 17 13
13 11 10
30
10 13
14 0
12 9
13 7
2 0
9 14
11 19
3 14
7 14
12 7
19 13
4 19
8 2
1 16
9 18
9 6
5 19
7 10
6 12
17 19
10 5
8 0
16 5
12 5
7 12
0 6
15 0
11 17
18 3
10 1
