20 20
7 21 16 6 4 5 20 17 12 20 -19 15 -17 6 4 -4 10 19 22 8 
18 13 -1 15 20 9 0 -20 20 6 22 14 21 -10 -21 20 4 8 6 17 
-17 13 -17 -21 13 15 22 4 5 -22 1 13 21 -15 -13 -8 12 -4 13 8 
-8 20 20 10 5 18 13 10 4 -12 4 22 8 -18 8 8 15 4 -13 21 
15 14 18 15 13 10 6 17 13 10 4 14 6 1 8 11 2 11 -13 7 
-10 18 11 7 20 8 -1 21 1 20 17 9 -14 -12 3 22 20 15 20 10 
-10 6 15 6 8 -17 1 17 -17 7 5 7 22 -10 8 7 17 -6 22 4 
20 10 18 -6 9 19 8 6 2 14 17 10 9 -4 7 -21 6 14 20 7 
-4 22 12 -2 19 16 -5 6 8 15 -12 13 -17 3 -6 -19 12 19 21 9 
8 6 10 -22 -9 4 -11 8 2 13 1 15 -11 10 7 20 17 -6 12 -9 
-9 12 -6 17 20 7 10 -11 15 1 13 2 8 -11 4 -9 -22 10 6 8 
9 21 19 12 -19 -6 3 -17 13 -12 15 8 6 -5 16 19 -2 12 22 -4 
7 20 14 6 -21 7 -4 9 10 17 14 2 6 8 19 9 -6 18 10 20 
4 22 -6 17 7 8 -10 22 7 5 7 -17 17 1 -17 8 6 15 6 -10 
10 20 15 20 22 3 -12 -14 9 17 20 1 21 -1 8 20 7 11 18 -10 
7 -13 11 2 11 8 1 6 14 4 10 13 17 6 10 13 15 18 14 15 
21 -13 4 15 8 8 -18 8 22 4 -12 4 10 13 18 5 10 20 20 -8 
8 13 -4 12 -8 -13 -15 21 13 1 -22 5 4 22 15 13 -21 -17 13 -17 
17 6 8 4 20 -21 -10 21 14 22 6 20 -20 0 9 20 15 -1 13 18 
8 22 19 10 -4 4 6 -17 15 -19 20 12 17 20 5 4 6 16 21 7 
47
2
9 6
4 10
10 13
15 9
8
19 15 11
5 17 14
13 1 13
11 6 10
0 4 11
14 2 14
6 18 13
8 13 10
32
12 3
0 12
4 18
17 13
12 2
12 15
10 12
11 16
17 18
0 18
10 6
11 18
3 15
2 16
4 8
8 17
7 16
19 7
15 1
2 6
7 17
7 4
9 7
8 3
2 1
19 1
9 13
8 1
16 4
17 3
15 11
11 2
