20 20
5 4 11 -12 9 4 4 13 13 13 1 5 5 -5 9 3 0 5 17 -11 
1 10 0 4 5 7 7 8 -15 12 -9 -16 1 1 1 17 11 1 -6 -1 
8 3 0 13 12 9 -10 13 -3 15 4 10 11 17 7 10 7 5 9 17 
-6 -6 3 11 10 8 -17 0 7 17 6 2 -8 15 -1 7 2 4 -8 1 
11 14 2 1 -16 17 5 7 12 -13 4 -6 3 14 12 8 11 1 8 -7 
16 1 -12 -7 14 17 -17 6 -17 7 -3 12 -16 11 9 5 8 2 3 12 
15 15 5 15 7 6 16 16 16 -17 -17 11 11 11 -12 16 11 -10 4 6 
-14 3 12 15 0 0 5 0 11 9 2 10 16 9 0 2 2 9 6 16 
5 14 17 13 1 -17 0 -6 2 4 6 -11 -7 15 4 -3 -2 10 -2 13 
5 4 10 6 1 12 -2 -2 16 2 3 -11 3 17 7 -12 11 10 -10 9 
9 -10 10 11 -12 7 17 3 -11 3 2 16 -2 -2 12 1 6 10 4 5 
13 -2 10 -2 -3 4 15 -7 -11 6 4 2 -6 0 -17 1 13 17 14 5 
16 6 9 2 2 0 9 16 10 2 9 11 0 5 0 0 15 12 3 -14 
6 4 -10 11 16 -12 11 11 11 -17 -17 16 16 16 6 7 15 5 15 15 
12 3 2 8 5 9 11 -16 12 -3 7 -17 6 -17 17 14 -7 -12 1 16 
-7 8 1 11 8 12 14 3 -6 4 -13 12 7 5 17 -16 1 2 14 11 
1 -8 4 2 7 -1 15 -8 2 6 17 7 0 -17 8 10 11 3 -6 -6 
17 9 5 7 10 7 17 11 10 4 15 -3 13 -10 9 12 13 0 3 8 
-1 -6 1 11 17 1 1 1 -16 -9 12 -15 8 7 7 5 4 0 10 1 
-11 17 5 0 3 9 -5 5 5 1 13 13 13 4 4 9 -12 11 4 5 
47
4
3 13
14 3
0 17
6 3
16 6
5 16
19 2
13 16
18
12 6 15
10 0 10
12 7 12
0 2 12
10 3 9
12 4 12
15 18 12
18 12 14
1 13 16
7 13 15
9 19 10
7 12 12
19 17 12
9 16 9
7 15 12
4 1 12
1 7 14
18 6 16
38
17 12
12 9
12 10
2 18
19 11
0 9
10 9
0 18
3 10
2 16
1 9
19 14
13 5
9 17
0 19
4 12
9 11
8 13
4 5
2 7
7 10
7 9
17 1
0 8
19 10
9 10
19 1
16 9
17 3
18 10
0 5
6 14
10 2
19 0
15 7
10 8
11 6
15 14
