20 20
9 6 2 16 10 12 8 10 4 9 21 -14 9 15 -9 -8 -20 7 -19 6 
12 1 -11 12 -19 -11 17 -7 1 -11 -18 1 16 12 -21 3 0 2 7 14 
4 -11 -20 -9 11 17 6 16 -20 -9 5 2 8 14 -19 0 11 14 14 4 
11 17 6 6 1 -12 7 15 6 10 4 20 20 -1 14 -3 18 4 4 2 
-14 3 -20 21 -8 14 -12 1 17 5 2 7 -8 13 6 8 5 1 13 18 
11 8 13 -6 8 -6 -1 12 10 9 21 2 11 12 14 -1 20 13 18 14 
12 4 -3 17 0 21 0 13 16 19 -11 0 19 15 9 5 11 15 -20 13 
18 4 -9 6 7 17 9 21 20 9 21 4 -15 20 15 14 7 -16 18 15 
11 -7 19 9 0 18 5 -18 11 -12 4 -13 4 -19 -21 -7 -9 0 14 21 
19 -3 9 12 12 8 -1 21 -21 -12 14 -9 -14 19 14 -12 14 9 15 13 
13 15 9 14 -12 14 19 -14 -9 14 -12 -21 21 -1 8 12 12 9 -3 19 
21 14 0 -9 -7 -21 -19 4 -13 4 -12 11 -18 5 18 0 9 19 -7 11 
15 18 -16 7 14 15 20 -15 4 21 9 20 21 9 17 7 6 -9 4 18 
13 -20 15 11 5 9 15 19 0 -11 19 16 13 0 21 0 17 -3 4 12 
14 18 13 20 -1 14 12 11 2 21 9 10 12 -1 -6 8 -6 13 8 11 
18 13 1 5 8 6 13 -8 7 2 5 17 1 -12 14 -8 21 -20 3 -14 
2 4 4 18 -3 14 -1 20 20 4 10 6 15 7 -12 1 6 6 17 11 
4 14 14 11 0 -19 14 8 2 5 -9 -20 16 6 17 11 -9 -20 -11 4 
14 7 2 0 3 -21 12 16 1 -18 -11 1 -7 17 -11 -19 12 -11 1 12 
6 -19 7 -20 -8 -9 15 9 -14 21 9 4 10 8 12 10 16 2 6 9 
43
3
17 19
15 5
1 8
2 0
4 14
18 11
18
1 2 14
11 14 8
4 0 12
14 15 11
2 5 12
16 13 14
2 8 10
8 10 15
9 10 12
18 17 14
8 5 8
15 19 12
5 4 11
17 14 12
3 6 14
17 11 10
11 9 15
10 9 12
30
6 15
19 14
11 13
8 2
6 19
7 10
19 5
3 2
13 3
10 6
0 19
15 12
10 1
0 15
3 13
13 4
0 5
8 6
11 17
13 0
12 9
0 14
16 17
6 16
9 13
19 0
4 7
9 18
19 4
16 6
