20 20
1 0 3 1 2 0 2 2 2 1 2 0 -1 0 1 3 3 1 2 1 
2 2 1 2 -3 3 1 2 0 -1 0 2 -1 -3 2 2 -2 -3 2 3 
1 0 2 2 -1 1 2 -2 -3 2 2 2 0 -2 0 1 1 -3 2 2 
2 1 1 1 -2 -1 -1 2 2 3 1 1 -2 1 -1 3 1 -3 1 3 
0 -1 0 -1 3 3 2 3 -3 2 1 3 -3 2 0 -2 2 1 -3 3 
-1 2 -3 1 1 -1 1 2 -2 3 -1 2 -3 -2 3 2 3 0 1 1 
-1 2 -2 -1 0 0 1 2 1 -3 1 2 -2 -1 1 0 -2 2 0 3 
0 2 -1 0 3 1 1 2 2 2 -1 -1 1 1 3 3 3 2 1 2 
1 1 -2 -3 1 3 3 3 3 -1 3 -1 1 1 3 3 2 0 0 1 
3 -1 3 1 2 1 1 3 0 -2 -1 2 -1 -1 0 -3 1 0 -3 1 
1 -3 0 1 -3 0 -1 -1 2 -1 -2 0 3 1 1 2 1 3 -1 3 
1 0 0 2 3 3 1 1 -1 3 -1 3 3 3 3 1 -3 -2 1 1 
2 1 2 3 3 3 1 1 -1 -1 2 2 2 1 1 3 0 -1 2 0 
3 0 2 -2 0 1 -1 -2 2 1 -3 1 2 1 0 0 -1 -2 2 -1 
1 1 0 3 2 3 -2 -3 2 -1 3 -2 2 1 -1 1 1 -3 2 -1 
3 -3 1 2 -2 0 2 -3 3 1 2 -3 3 2 3 3 -1 0 -1 0 
3 1 -3 1 3 -1 1 -2 1 1 3 2 2 -1 -1 -2 1 1 1 2 
2 2 -3 1 1 0 -2 0 2 2 2 -3 -2 2 1 -1 2 2 0 1 
3 2 -3 -2 2 2 -3 -1 2 0 -1 0 2 1 3 -3 2 1 2 2 
1 2 1 3 3 1 0 -1 0 2 1 2 2 2 0 2 1 3 0 1 
52
2
8 10
18 16
11 9
1 3
16
4 19 9
14 9 12
12 6 12
2 5 10
0 19 11
18 13 8
9 18 11
2 13 8
15 0 9
5 10 12
7 13 12
17 14 10
19 0 11
1 6 8
10 1 11
17 6 8
36
1 19
14 18
16 10
1 11
11 19
19 8
14 2
11 7
18 19
7 1
11 10
10 11
12 11
2 16
3 11
5 8
15 18
10 15
18 0
5 1
3 9
18 8
8 0
0 11
5 17
8 12
1 0
12 18
8 9
9 8
7 8
17 3
16 8
14 11
4 1
9 4
