20 20
7 -2 7 9 -1 12 16 14 7 19 23 0 21 12 9 5 12 5 6 -3 
16 20 -17 -23 16 4 17 7 -22 -2 8 21 8 14 5 9 -12 24 9 18 
1 -19 20 15 6 21 17 -4 -19 19 16 19 12 -13 15 12 1 17 5 14 
8 10 6 14 18 7 -4 19 12 -4 3 22 -8 18 17 -23 14 0 -8 16 
-11 19 14 -14 2 21 13 13 4 15 13 13 -7 17 19 15 21 6 2 1 
9 14 12 15 17 23 14 20 -5 8 3 17 21 1 -9 8 4 11 21 18 
24 1 10 24 21 3 14 -5 11 4 -14 12 17 5 16 1 8 6 -17 16 
-6 -18 5 -7 -22 -15 24 -9 15 23 8 -19 24 3 17 -1 11 -15 6 23 
10 10 0 -16 17 19 13 13 -14 16 11 -18 2 10 -22 -14 4 17 23 21 
-22 -3 6 -8 9 3 20 -10 3 18 -9 -9 14 19 18 22 11 22 1 -6 
-6 1 22 11 22 18 19 14 -9 -9 18 3 -10 20 3 9 -8 6 -3 -22 
21 23 17 4 -14 -22 10 2 -18 11 16 -14 13 13 19 17 -16 0 10 10 
23 6 -15 11 -1 17 3 24 -19 8 23 15 -9 24 -15 -22 -7 5 -18 -6 
16 -17 6 8 1 16 5 17 12 -14 4 11 -5 14 3 21 24 10 1 24 
18 21 11 4 8 -9 1 21 17 3 8 -5 20 14 23 17 15 12 14 9 
1 2 6 21 15 19 17 -7 13 13 15 4 13 13 21 2 -14 14 19 -11 
16 -8 0 14 -23 17 18 -8 22 3 -4 12 19 -4 7 18 14 6 10 8 
14 5 17 1 12 15 -13 12 19 16 19 -19 -4 17 21 6 15 20 -19 1 
18 9 24 -12 9 5 14 8 21 8 -2 -22 7 17 4 16 -23 -17 20 16 
-3 6 5 12 5 9 12 21 0 23 19 7 14 16 12 -1 9 7 -2 7 
30
2
3 13
13 3
16 6
6 16
6
19 11 15
16 7 10
13 10 8
0 8 15
3 12 10
6 9 8
26
15 19
2 13
18 2
3 5
15 18
12 8
8 3
15 7
6 14
1 11
14 11
0 1
4 15
4 0
17 6
1 17
16 14
4 1
7 11
11 16
4 12
13 5
18 8
5 8
19 18
15 4
