20 20
4 1 6 5 0 3 6 6 6 2 3 6 3 0 -4 4 3 1 3 3 
-6 0 2 3 -3 4 1 2 -6 -4 5 -6 0 -1 -2 6 3 1 1 5 
4 -2 -4 -4 4 3 1 3 -5 5 6 0 6 2 5 -2 1 1 -2 0 
6 3 3 -4 0 1 1 -6 5 4 2 3 5 4 0 5 4 0 4 -1 
-2 -4 3 1 6 -1 -1 -4 6 6 0 4 3 -1 -1 3 1 3 0 -6 
2 -2 1 -4 2 4 5 0 0 2 3 -5 1 -5 2 -6 3 1 5 -6 
2 -1 3 -5 0 -1 3 -4 6 1 1 5 6 -6 -1 4 0 -4 0 4 
3 -6 2 3 -6 -1 5 1 5 5 3 5 2 3 2 4 2 -6 -2 6 
-5 1 -5 4 6 1 1 5 -5 4 5 6 1 5 0 -1 6 0 3 5 
-4 2 3 3 4 -3 6 3 -2 4 0 -2 -1 3 0 1 4 6 3 1 
1 3 6 4 1 0 3 -1 -2 0 4 -2 3 6 -3 4 3 3 2 -4 
5 3 0 6 -1 0 5 1 6 5 4 -5 5 1 1 6 4 -5 1 -5 
6 -2 -6 2 4 2 3 2 5 3 5 5 1 5 -1 -6 3 2 -6 3 
4 0 -4 0 4 -1 -6 6 5 1 1 6 -4 3 -1 0 -5 3 -1 2 
-6 5 1 3 -6 2 -5 1 -5 3 2 0 0 5 4 2 -4 1 -2 2 
-6 0 3 1 3 -1 -1 3 4 0 6 6 -4 -1 -1 6 1 3 -4 -2 
-1 4 0 4 5 0 4 5 3 2 4 5 -6 1 1 0 -4 3 3 6 
0 -2 1 1 -2 5 2 6 0 6 5 -5 3 1 3 4 -4 -4 -2 4 
5 1 1 3 6 -2 -1 0 -6 5 -4 -6 2 1 4 -3 3 2 0 -6 
3 3 1 3 4 -4 0 3 6 3 2 6 6 6 3 0 5 6 1 4 
57
5
0 15
15 18
10 0
11 9
6 7
19 4
4 1
9 19
8 10
13 12
12
11 15 16
7 2 11
16 12 13
19 0 15
13 9 11
15 8 9
8 4 16
12 17 11
3 7 13
0 19 15
6 10 11
4 11 9
26
2 14
5 3
15 11
18 5
12 6
9 10
16 3
14 15
19 12
2 18
12 9
12 18
2 17
17 5
14 16
4 8
1 14
7 13
10 9
3 16
5 4
0 7
17 1
7 10
7 1
17 2
