20 20
2 1 0 4 -6 5 2 3 6 3 4 5 1 0 -3 3 0 5 1 2 
4 5 -2 -6 3 5 -1 -4 2 1 -6 -3 2 1 6 1 3 6 1 4 
4 6 4 -6 -2 2 2 1 -3 3 6 2 3 -6 3 -6 2 -3 5 4 
1 -4 4 0 -4 1 2 3 3 -1 6 2 3 -3 -3 1 1 6 -5 5 
6 1 -5 1 -5 5 4 -1 4 -5 -4 5 0 -5 3 5 2 -6 6 0 
6 3 2 -6 4 3 6 3 4 2 2 1 0 0 2 4 3 5 5 6 
6 0 -3 -1 5 0 -2 4 4 -4 -3 4 6 3 3 6 -5 1 -6 -3 
4 2 6 1 -2 3 1 -5 4 5 4 3 5 2 0 4 1 -4 -5 3 
6 -6 2 1 1 4 5 3 5 -1 5 6 -1 3 1 1 6 6 3 4 
6 -6 5 1 6 1 -6 3 3 1 3 -4 3 0 6 0 4 6 4 -4 
-4 4 6 4 0 6 0 3 -4 3 1 3 3 -6 1 6 1 5 -6 6 
4 3 6 6 1 1 3 -1 6 5 -1 5 3 5 4 1 1 2 -6 6 
3 -5 -4 1 4 0 2 5 3 4 5 4 -5 1 3 -2 1 6 2 4 
-3 -6 1 -5 6 3 3 6 4 -3 -4 4 4 -2 0 5 -1 -3 0 6 
6 5 5 3 4 2 0 0 1 2 2 4 3 6 3 4 -6 2 3 6 
0 6 -6 2 5 3 -5 0 5 -4 -5 4 -1 4 5 -5 1 -5 1 6 
5 -5 6 1 1 -3 -3 3 2 6 -1 3 3 2 1 -4 0 4 -4 1 
4 5 -3 2 -6 3 -6 3 2 6 3 -3 1 2 2 -2 -6 4 6 4 
4 1 6 3 1 6 1 2 -3 -6 1 2 -4 -1 5 3 -6 -2 5 4 
2 1 5 0 3 -3 0 1 5 4 3 6 3 2 5 -6 4 0 1 2 
38
3
3 15
17 14
11 13
16 4
2 5
8 6
8
1 18 12
10 11 14
14 11 8
7 17 15
18 1 12
9 8 14
5 8 8
12 2 15
36
5 13
10 6
8 19
0 9
17 0
8 2
13 2
0 18
19 14
9 14
10 16
13 10
16 0
5 4
2 17
3 18
14 3
5 3
14 6
9 13
11 0
19 10
2 19
11 17
6 17
19 1
0 5
10 5
9 3
6 9
3 19
14 15
17 2
16 1
5 16
14 16
