20 20
2 5 -4 2 -1 -5 9 -4 4 7 -6 1 10 8 4 3 5 5 4 0 
8 9 5 7 2 -10 2 2 3 6 5 5 1 5 8 8 10 10 0 1 
-1 9 3 10 2 -6 -2 2 2 10 1 -9 4 -7 6 3 1 -1 -10 2 
-7 -4 5 10 -7 10 10 6 6 8 9 -5 7 -10 4 9 1 -5 -2 -3 
7 7 8 0 1 1 9 -9 -4 -5 -2 -5 4 -4 7 9 6 4 7 5 
-6 3 -7 -3 3 8 10 2 7 -7 -6 1 -3 -10 -2 3 -3 6 -9 -6 
-3 8 2 6 -6 7 -9 3 3 10 2 -10 9 4 4 6 -2 -1 2 5 
7 5 2 9 3 -8 -6 -1 8 -4 -8 4 7 4 10 6 6 -6 -1 5 
1 2 -9 1 7 6 6 3 0 -4 9 5 3 -6 2 9 0 6 7 3 
4 4 8 6 2 6 4 2 7 4 8 7 5 4 9 9 3 7 2 -1 
-1 2 7 3 9 9 4 5 7 8 4 7 2 4 6 2 6 8 4 4 
3 7 6 0 9 2 -6 3 5 9 -4 0 3 6 6 7 1 -9 2 1 
5 -1 -6 6 6 10 4 7 4 -8 -4 8 -1 -6 -8 3 9 2 5 7 
5 2 -1 -2 6 4 4 9 -10 2 10 3 3 -9 7 -6 6 2 8 -3 
-6 -9 6 -3 3 -2 -10 -3 1 -6 -7 7 2 10 8 3 -3 -7 3 -6 
5 7 4 6 9 7 -4 4 -5 -2 -5 -4 -9 9 1 1 0 8 7 7 
-3 -2 -5 1 9 4 -10 7 -5 9 8 6 6 10 10 -7 10 5 -4 -7 
2 -10 -1 1 3 6 -7 4 -9 1 10 2 2 -2 -6 2 10 3 9 -1 
1 0 10 10 8 8 5 1 5 5 6 3 2 2 -10 2 7 5 9 8 
0 4 5 5 3 4 8 10 1 -6 7 4 -4 9 -5 -1 2 -4 5 2 
42
7
14 16
8 11
16 17
0 16
9 0
16 18
13 5
5 3
11 8
3 2
19 3
10 19
3 1
6 14
12
11 9 11
16 11 11
3 10 14
15 19 13
8 7 15
14 4 16
8 10 11
3 8 11
16 9 14
4 0 13
11 12 15
5 15 16
34
0 14
16 12
7 11
3 18
7 3
17 9
10 1
13 18
6 2
4 16
11 4
4 19
5 6
13 0
2 0
18 16
4 12
19 5
3 7
12 8
16 1
12 16
2 10
9 18
6 1
13 17
15 3
8 15
15 0
14 13
6 19
17 19
1 3
15 7
