20 20
16 4 11 5 13 3 7 7 15 -14 8 2 -2 3 9 5 2 -1 11 7 
8 16 6 8 -2 4 -13 7 -9 15 7 4 -2 13 1 8 12 2 3 -13 
0 5 -14 2 15 9 9 7 6 2 14 3 8 12 12 6 16 6 2 16 
1 5 3 11 -1 3 2 -5 14 10 8 15 -10 5 15 -2 9 -1 -15 12 
2 6 3 8 5 15 2 12 13 8 -7 2 -6 5 -14 -2 12 5 14 -6 
4 7 3 12 4 -10 -12 16 -12 6 1 -14 3 7 16 -3 -1 1 15 9 
8 2 6 16 4 0 -2 16 14 8 4 10 13 3 0 7 15 12 4 -16 
12 5 14 2 -11 1 14 3 16 0 12 15 0 -4 8 5 -15 2 6 15 
9 2 3 16 -10 15 -5 6 -10 -10 3 1 -5 -6 13 5 6 2 16 7 
10 11 15 -6 11 7 16 -5 -14 2 6 -14 -13 4 5 4 -7 13 14 4 
4 14 13 -7 4 5 4 -13 -14 6 2 -14 -5 16 7 11 -6 15 11 10 
7 16 2 6 5 13 -6 -5 1 3 -10 -10 6 -5 15 -10 16 3 2 9 
15 6 2 -15 5 8 -4 0 15 12 0 16 3 14 1 -11 2 14 5 12 
-16 4 12 15 7 0 3 13 10 4 8 14 16 -2 0 4 16 6 2 8 
9 15 1 -1 -3 16 7 3 -14 1 6 -12 16 -12 -10 4 12 3 7 4 
-6 14 5 12 -2 -14 5 -6 2 -7 8 13 12 2 15 5 8 3 6 2 
12 -15 -1 9 -2 15 5 -10 15 8 10 14 -5 2 3 -1 11 3 5 1 
16 2 6 16 6 12 12 8 3 14 2 6 7 9 9 15 2 -14 5 0 
-13 3 2 12 8 1 13 -2 4 7 15 -9 7 -13 4 -2 8 6 16 8 
7 11 -1 2 5 9 3 -2 2 8 -14 15 7 7 3 13 5 11 4 16 
44
3
10 15
0 11
18 14
9 4
19 8
1 5
6
0 14 13
19 1 10
19 6 13
19 5 13
0 18 10
0 13 13
38
4 19
19 16
10 18
12 18
16 8
13 0
15 13
16 4
0 9
10 11
15 2
2 5
10 17
3 10
10 8
14 4
7 19
6 12
8 0
15 0
0 3
9 1
7 1
3 11
6 19
4 6
3 15
19 10
9 8
4 17
17 14
9 2
16 9
9 11
5 15
12 0
13 7
11 19
