20 20
2 5 7 -3 -4 -2 3 6 1 -5 8 6 -3 2 4 1 6 4 7 -1 
-5 1 5 7 0 6 5 1 6 6 3 1 1 7 0 3 -7 1 1 8 
-5 -7 0 6 5 -5 -6 -5 8 5 4 5 8 2 8 6 5 4 6 1 
3 7 2 6 -8 1 2 -1 4 8 5 7 8 3 2 8 -7 0 -6 4 
3 4 4 7 -1 -8 5 8 2 4 6 1 2 5 3 0 7 1 -7 -7 
-4 5 6 1 5 5 2 -5 4 -5 4 -7 -7 -6 4 4 1 8 8 1 
5 1 4 -4 -6 -2 8 -5 -7 -6 4 8 4 -2 -2 6 -3 5 8 -4 
5 6 7 5 3 0 0 -3 4 3 3 -7 2 -1 7 3 3 -7 4 8 
3 5 6 7 6 6 7 8 4 5 -4 5 -6 8 -7 6 6 -7 4 6 
6 8 -2 5 6 -6 0 6 0 8 8 -5 -8 -6 5 1 0 4 7 -8 
-8 7 4 0 1 5 -6 -8 -5 8 8 0 6 0 -6 6 5 -2 8 6 
6 4 -7 6 6 -7 8 -6 5 -4 5 4 8 7 6 6 7 6 5 3 
8 4 -7 3 3 7 -1 2 -7 3 3 4 -3 0 0 3 5 7 6 5 
-4 8 5 -3 6 -2 -2 4 8 4 -6 -7 -5 8 -2 -6 -4 4 1 5 
1 8 8 1 4 4 -6 -7 -7 4 -5 4 -5 2 5 5 1 6 5 -4 
-7 -7 1 7 0 3 5 2 1 6 4 2 8 5 -8 -1 7 4 4 3 
4 -6 0 -7 8 2 3 8 7 5 8 4 -1 2 1 -8 6 2 7 3 
1 6 4 5 6 8 2 8 5 4 5 8 -5 -6 -5 5 6 0 -7 -5 
8 1 1 -7 3 0 7 1 1 3 6 6 1 5 6 0 7 5 1 -5 
-1 7 4 6 1 4 2 -3 6 8 -5 1 6 3 -2 -4 -3 7 5 2 
31
7
5 8
18 1
13 14
0 14
11 7
5 18
0 1
14 11
1 18
6 5
19 5
8 12
14 1
19 18
16
6 15 13
19 7 11
12 16 10
7 8 10
1 15 11
7 5 11
4 19 13
1 8 12
13 4 13
0 12 11
7 3 10
12 11 10
18 4 11
12 14 11
15 0 13
18 11 12
26
11 19
10 14
17 3
0 15
8 13
15 18
3 17
17 0
13 19
6 3
15 6
13 9
5 19
8 0
9 5
2 16
19 4
11 6
4 1
16 2
2 19
6 0
13 16
4 13
6 10
14 0
