20 20
-6 11 -4 4 -15 1 13 6 5 -5 -11 13 11 15 2 2 -14 10 8 -6 
13 13 1 3 8 13 10 14 6 -4 9 -13 15 -13 8 -10 6 13 14 2 
5 15 -15 -10 -15 9 5 -13 4 14 -2 1 10 -2 0 9 4 9 12 13 
13 6 -4 13 4 4 14 -7 11 14 6 5 8 4 7 -9 2 15 -2 9 
2 13 12 3 3 5 14 -3 6 2 -10 8 -2 3 14 5 4 3 -13 -1 
0 -6 3 1 15 2 5 6 12 -3 5 6 -12 -8 -11 14 -11 2 15 5 
-4 12 11 6 5 3 -5 0 1 12 13 -15 -8 -9 6 9 15 13 2 1 
13 3 3 -13 9 7 10 10 5 1 15 1 1 0 5 1 1 1 3 3 
-14 4 -14 5 -6 2 15 7 12 4 5 14 12 0 7 5 4 8 -8 2 
-12 4 -14 11 7 3 12 7 -13 6 8 12 11 8 8 12 0 2 -14 12 
12 -14 2 0 12 8 8 11 12 8 6 -13 7 12 3 7 11 -14 4 -12 
2 -8 8 4 5 7 0 12 14 5 4 12 7 15 2 -6 5 -14 4 -14 
3 3 1 1 1 5 0 1 1 15 1 5 10 10 7 9 -13 3 3 13 
1 2 13 15 9 6 -9 -8 -15 13 12 1 0 -5 3 5 6 11 12 -4 
5 15 2 -11 14 -11 -8 -12 6 5 -3 12 6 5 2 15 1 3 -6 0 
-1 -13 3 4 5 14 3 -2 8 -10 2 6 -3 14 5 3 3 12 13 2 
9 -2 15 2 -9 7 4 8 5 6 14 11 -7 14 4 4 13 -4 6 13 
13 12 9 4 9 0 -2 10 1 -2 14 4 -13 5 9 -15 -10 -15 15 5 
2 14 13 6 -10 8 -13 15 -13 9 -4 6 14 10 13 8 3 1 13 13 
-6 8 10 -14 2 2 15 11 13 -11 -5 5 6 13 1 -15 4 -4 11 -6 
57
7
13 1
16 1
12 14
9 12
4 8
14 10
8 14
6 18
3 18
7 5
10 7
15 11
5 9
11 5
14
5 11 13
12 15 9
16 4 12
12 8 16
1 2 13
1 14 10
19 14 14
14 8 13
7 4 9
3 15 12
7 11 16
18 17 13
18 5 10
0 5 14
34
12 10
8 19
8 13
8 11
15 18
11 4
1 9
14 1
8 3
15 2
1 11
0 18
15 3
14 11
9 2
0 3
18 16
7 9
11 0
11 6
11 8
4 1
8 15
18 10
5 18
11 16
4 17
18 8
19 1
4 16
5 8
10 17
19 16
1 3
