20 20
15 17 25 0 6 9 24 9 16 4 11 25 11 0 1 24 13 0 11 20 
4 12 0 16 10 -9 -23 3 7 4 -14 19 1 19 19 10 1 -22 25 15 
2 5 -21 15 19 22 22 3 15 18 1 11 20 14 7 13 1 1 2 6 
21 14 2 13 3 24 17 20 2 8 16 -17 -13 1 5 -17 15 16 21 -16 
-9 23 -14 12 22 3 24 3 6 14 14 -3 9 13 19 10 7 24 22 4 
4 25 2 -6 5 19 0 2 12 8 16 -3 19 11 18 12 -13 5 21 25 
6 20 2 -7 7 -18 18 8 7 -13 2 1 -9 8 17 23 7 12 10 -21 
-15 17 7 15 25 -22 15 4 4 5 -6 0 3 -24 22 -18 -20 -25 8 7 
19 14 12 14 -11 5 1 7 18 16 5 9 0 25 -10 23 12 -15 -6 -16 
25 25 -25 19 19 6 3 4 -18 17 -11 4 4 13 9 21 -3 1 25 18 
18 25 1 -3 21 9 13 4 4 -11 17 -18 4 3 6 19 19 -25 25 25 
-16 -6 -15 12 23 -10 25 0 9 5 16 18 7 1 5 -11 14 12 14 19 
7 8 -25 -20 -18 22 -24 3 0 -6 5 4 4 15 -22 25 15 7 17 -15 
-21 10 12 7 23 17 8 -9 1 2 -13 7 8 18 -18 7 -7 2 20 6 
25 21 5 -13 12 18 11 19 -3 16 8 12 2 0 19 5 -6 2 25 4 
4 22 24 7 10 19 13 9 -3 14 14 6 3 24 3 22 12 -14 23 -9 
-16 21 16 15 -17 5 1 -13 -17 16 8 2 20 17 24 3 13 2 14 21 
6 2 1 1 13 7 14 20 11 1 18 15 3 22 22 19 15 -21 5 2 
15 25 -22 1 10 19 19 1 19 -14 4 7 3 -23 -9 10 16 0 12 4 
20 11 0 13 24 1 0 11 25 11 4 16 9 24 9 6 0 25 17 15 
40
6
3 4
5 1
5 7
8 0
7 14
3 6
16 15
14 18
14 12
11 19
12 5
16 13
10
9 1 9
2 7 12
0 1 13
0 6 15
14 10 16
10 18 9
17 12 12
19 18 13
19 13 15
5 9 16
32
10 14
17 6
8 6
16 8
11 17
10 1
10 11
4 7
1 4
16 7
12 16
15 10
1 10
18 12
14 5
17 15
9 5
2 13
11 13
3 11
8 2
9 18
9 8
15 12
18 15
3 12
7 3
4 9
18 9
1 7
5 14
2 4
