20 20
2 7 7 -3 5 0 4 8 1 -9 6 -6 -7 -5 8 2 -3 9 -5 -1 
3 2 -9 6 3 6 5 3 7 2 7 -9 3 4 6 -4 5 -5 6 -9 
7 4 8 -9 9 4 4 -7 3 9 1 4 5 7 -4 -2 1 7 7 1 
5 8 -9 -9 6 7 3 2 -9 2 1 1 0 3 -1 9 8 -2 -3 -7 
6 1 6 9 1 7 2 6 3 6 8 1 5 3 4 -3 3 7 7 4 
7 -3 3 -4 -1 8 7 8 5 0 0 4 7 8 9 8 -7 6 6 -3 
9 6 -3 6 5 1 1 5 3 3 -9 6 -2 3 5 -2 0 0 -6 2 
2 -9 3 4 6 2 3 8 3 1 1 2 2 4 3 7 0 2 6 -4 
0 0 -1 3 8 0 1 -4 1 1 -7 5 -4 -2 8 -9 4 2 4 3 
1 9 5 3 -5 1 2 -3 8 5 -4 -3 9 0 -7 3 0 3 4 -3 
-3 4 3 0 3 -7 0 9 -3 -4 5 8 -3 2 1 -5 3 5 9 1 
3 4 2 4 -9 8 -2 -4 5 -7 1 1 -4 1 0 8 3 -1 0 0 
-4 6 2 0 7 3 4 2 2 1 1 3 8 3 2 6 4 3 -9 2 
2 -6 0 0 -2 5 3 -2 6 -9 3 3 5 1 1 5 6 -3 6 9 
-3 6 6 -7 8 9 8 7 4 0 0 5 8 7 8 -1 -4 3 -3 7 
4 7 7 3 -3 4 3 5 1 8 6 3 6 2 7 1 9 6 1 6 
-7 -3 -2 8 9 -1 3 0 1 1 2 -9 2 3 7 6 -9 -9 8 5 
1 7 7 1 -2 -4 7 5 4 1 9 3 -7 4 4 9 -9 8 4 7 
-9 6 -5 5 -4 6 4 3 -9 7 2 7 3 5 6 3 6 -9 2 3 
-1 -5 9 -3 2 8 -5 -7 -6 6 -9 1 8 4 0 5 -3 7 7 2 
32
5
19 17
18 9
8 16
7 4
5 14
0 2
1 10
11 3
12 15
14 5
16
8 10 15
19 6 11
3 18 13
19 9 11
16 12 10
14 7 8
8 19 14
6 5 15
11 9 15
0 13 11
16 1 13
0 10 11
3 7 10
5 12 8
11 0 14
13 14 15
36
17 0
3 13
19 1
4 1
4 2
8 7
17 7
19 10
11 17
19 15
13 6
7 19
10 7
12 1
16 14
8 13
5 13
3 1
2 19
16 6
0 18
15 18
15 17
11 12
2 12
0 9
8 2
0 4
6 13
12 0
9 12
7 18
3 5
11 6
14 6
16 18
