20 20
7 6 6 -9 2 7 6 4 7 10 7 -1 1 10 0 6 2 7 4 1 
10 3 -1 -4 7 1 3 5 0 -1 9 5 1 -4 -8 -10 11 6 9 8 
5 9 5 3 -6 3 -9 0 -10 10 1 1 4 -4 5 11 11 5 10 9 
-1 7 3 3 1 4 1 6 4 8 2 11 0 -4 10 2 5 10 0 10 
1 -1 -6 2 11 -9 -4 8 8 8 6 7 11 0 9 -6 2 -5 7 11 
5 6 5 10 2 8 11 5 9 -3 -7 5 4 6 -5 -5 4 7 8 -8 
-7 3 4 7 7 -9 -8 2 10 -10 9 6 8 1 4 0 0 5 5 11 
4 3 9 -8 -11 -6 9 11 -9 10 -3 6 -3 10 2 4 -2 2 7 2 
11 -2 -7 9 7 8 4 6 -2 5 1 3 1 0 -11 0 10 -10 7 2 
6 9 7 11 6 5 7 10 2 4 11 6 5 10 1 8 5 6 -3 -3 
-3 -3 6 5 8 1 10 5 6 11 4 2 10 7 5 6 11 7 9 6 
2 7 -10 10 0 -11 0 1 3 1 5 -2 6 4 8 7 9 -7 -2 11 
2 7 2 -2 4 2 10 -3 6 -3 10 -9 11 9 -6 -11 -8 9 3 4 
11 5 5 0 0 4 1 8 6 9 -10 10 2 -8 -9 7 7 4 3 -7 
-8 8 7 4 -5 -5 6 4 5 -7 -3 9 5 11 8 2 10 5 6 5 
11 7 -5 2 -6 9 0 11 7 6 8 8 8 -4 -9 11 2 -6 -1 1 
10 0 10 5 2 10 -4 0 11 2 8 4 6 1 4 1 3 3 7 -1 
9 10 5 11 11 5 -4 4 1 1 10 -10 0 -9 3 -6 3 5 9 5 
8 9 6 11 -10 -8 -4 1 5 9 -1 0 5 3 1 7 -4 -1 3 10 
1 4 7 2 6 0 10 1 -1 7 10 7 4 6 7 2 -9 6 6 7 
40
5
1 18
10 17
0 17
18 6
1 4
18 1
9 2
19 2
1 13
18 15
12
3 14 13
19 1 16
10 0 12
5 14 15
12 18 15
10 9 14
16 5 13
0 18 16
9 19 12
14 5 15
7 1 15
9 10 14
38
9 18
7 19
3 19
7 8
13 9
15 19
0 11
14 19
11 16
3 8
16 9
6 16
1 10
17 6
12 6
2 8
12 13
15 1
18 7
10 1
12 0
16 0
12 11
6 10
4 0
19 8
5 0
8 3
16 11
3 10
13 3
18 9
2 13
7 13
17 11
7 6
4 18
1 12
