20 20
-7 -27 4 16 22 -17 19 26 14 -19 17 -11 16 18 28 8 27 -7 8 1 
10 13 -6 17 10 9 25 -9 -18 5 14 4 -16 23 18 8 17 16 -10 18 
20 -6 6 6 26 24 11 26 -13 3 18 7 8 14 13 27 6 9 -26 -6 
18 4 -3 15 5 20 1 1 12 -23 -20 -21 -18 24 7 16 28 22 8 11 
21 -18 7 25 17 21 4 0 27 18 6 10 26 -3 8 24 -25 15 2 0 
-24 0 3 14 -20 23 7 -22 -16 22 1 -21 6 2 24 3 15 1 24 6 
-21 25 -12 -5 24 -12 21 28 -5 7 -8 20 14 16 22 4 15 15 22 23 
27 27 0 21 0 -6 27 5 8 19 17 10 7 5 21 4 26 15 13 -18 
2 16 -18 23 22 -23 17 -17 -27 -12 17 -14 7 9 -24 6 4 21 13 11 
11 28 24 28 -7 27 21 8 27 13 -26 5 14 3 1 -7 1 4 17 11 
11 17 4 1 -7 1 3 14 5 -26 13 27 8 21 27 -7 28 24 28 11 
11 13 21 4 6 -24 9 7 -14 17 -12 -27 -17 17 -23 22 23 -18 16 2 
-18 13 15 26 4 21 5 7 10 17 19 8 5 27 -6 0 21 0 27 27 
23 22 15 15 4 22 16 14 20 -8 7 -5 28 21 -12 24 -5 -12 25 -21 
6 24 1 15 3 24 2 6 -21 1 22 -16 -22 7 23 -20 14 3 0 -24 
0 2 15 -25 24 8 -3 26 10 6 18 27 0 4 21 17 25 7 -18 21 
11 8 22 28 16 7 24 -18 -21 -20 -23 12 1 1 20 5 15 -3 4 18 
-6 -26 9 6 27 13 14 8 7 18 3 -13 26 11 24 26 6 6 -6 20 
18 -10 16 17 8 18 23 -16 4 14 5 -18 -9 25 9 10 17 -6 13 10 
1 8 -7 27 8 28 18 16 -11 17 -19 14 26 19 -17 22 16 4 -27 -7 
52
8
17 7
4 18
10 9
0 1
1 5
1 8
6 16
14 10
2 12
15 1
9 10
19 18
18 14
18 11
13 3
5 9
8
8 3 12
1 19 15
19 6 11
19 9 10
11 16 12
18 0 15
0 13 11
0 10 10
32
10 12
16 6
2 8
6 2
17 3
1 12
16 18
18 12
6 1
8 0
16 13
11 14
8 1
15 8
16 1
3 7
9 7
3 13
17 11
13 17
2 16
18 7
3 1
1 7
13 18
11 19
3 6
8 5
11 18
4 11
3 18
16 12
