20 20
2 -3 -13 21 11 9 17 -17 12 15 -10 6 -19 -18 19 20 7 21 -24 -6 
7 -20 -12 22 21 -7 10 26 8 -6 -14 -27 -12 10 13 17 -8 -18 -3 -25 
1 2 21 15 13 -17 4 16 11 -19 10 26 24 -13 26 20 -27 5 16 1 
1 20 11 24 24 25 12 27 13 4 23 -25 8 12 2 26 21 -27 27 8 
3 13 -8 11 -9 20 -9 -24 23 -16 18 19 3 2 24 5 16 7 -3 0 
5 4 2 3 8 2 12 13 16 25 8 9 25 -22 23 -1 11 11 -5 -19 
11 17 1 23 23 -17 -3 16 2 -16 22 25 6 -21 5 -1 6 21 1 -4 
4 16 25 16 7 4 -19 12 26 8 23 13 17 19 25 23 14 -18 3 19 
-7 -6 -18 27 -11 14 7 26 7 20 12 15 1 -11 -9 22 5 14 22 10 
6 4 27 14 20 8 13 15 17 18 -15 26 -7 26 -22 8 6 23 21 13 
13 21 23 6 8 -22 26 -7 26 -15 18 17 15 13 8 20 14 27 4 6 
10 22 14 5 22 -9 -11 1 15 12 20 7 26 7 14 -11 27 -18 -6 -7 
19 3 -18 14 23 25 19 17 13 23 8 26 12 -19 4 7 16 25 16 4 
-4 1 21 6 -1 5 -21 6 25 22 -16 2 16 -3 -17 23 23 1 17 11 
-19 -5 11 11 -1 23 -22 25 9 8 25 16 13 12 2 8 3 2 4 5 
0 -3 7 16 5 24 2 3 19 18 -16 23 -24 -9 20 -9 11 -8 13 3 
8 27 -27 21 26 2 12 8 -25 23 4 13 27 12 25 24 24 11 20 1 
1 16 5 -27 20 26 -13 24 26 10 -19 11 16 4 -17 13 15 21 2 1 
-25 -3 -18 -8 17 13 10 -12 -27 -14 -6 8 26 10 -7 21 22 -12 -20 7 
-6 -24 21 7 20 19 -18 -19 6 -10 15 12 -17 17 9 11 21 -13 -3 2 
45
7
16 14
4 15
1 4
18 1
17 18
12 13
17 4
3 5
15 4
18 15
1 18
2 1
7 6
2 15
12
19 14 8
13 2 14
11 1 11
10 7 15
1 7 11
19 6 12
0 5 8
6 17 14
8 18 11
9 12 15
18 12 11
0 13 12
34
1 16
7 1
15 6
12 4
0 19
10 6
14 17
5 7
17 13
16 11
8 5
19 15
9 19
12 9
16 18
10 12
6 13
18 3
12 18
4 13
7 15
19 0
9 13
5 2
14 12
2 6
3 8
11 14
0 4
10 0
7 10
3 1
9 7
13 6
