20 20
7 4 11 9 -11 16 -11 6 14 -6 -17 8 17 13 6 9 13 10 4 6 
8 9 2 1 11 -3 9 1 4 -14 9 9 6 12 15 -12 12 7 5 11 
5 -11 10 -13 -3 12 8 12 10 16 -3 12 9 -16 10 -15 13 7 13 -7 
-2 14 9 8 8 -7 13 9 6 -5 10 2 17 10 -15 -9 -1 13 14 -1 
9 10 13 0 11 8 8 3 -8 -1 -8 4 12 2 17 -1 0 10 12 5 
-8 3 3 10 -9 5 10 -16 10 -17 16 14 1 8 14 13 15 8 -14 4 
16 12 17 8 -7 6 -8 -17 13 3 -14 15 -4 11 0 0 -15 14 5 -17 
9 6 15 -2 14 10 11 13 0 10 3 2 8 13 2 10 -2 9 16 15 
12 6 2 14 9 -13 -15 14 9 8 13 5 8 7 -2 -2 10 5 5 11 
-12 -13 9 15 -3 4 15 6 4 1 1 3 2 3 5 4 9 3 3 10 
10 3 3 9 4 5 3 2 3 1 1 4 6 15 4 -3 15 9 -13 -12 
11 5 5 10 -2 -2 7 8 5 13 8 9 14 -15 -13 9 14 2 6 12 
15 16 9 -2 10 2 13 8 2 3 10 0 13 11 10 14 -2 15 6 9 
-17 5 14 -15 0 0 11 -4 15 -14 3 13 -17 -8 6 -7 8 17 12 16 
4 -14 8 15 13 14 8 1 14 16 -17 10 -16 10 5 -9 10 3 3 -8 
5 12 10 0 -1 17 2 12 4 -8 -1 -8 3 8 8 11 0 13 10 9 
-1 14 13 -1 -9 -15 10 17 2 10 -5 6 9 13 -7 8 8 9 14 -2 
-7 13 7 13 -15 10 -16 9 12 -3 16 10 12 8 12 -3 -13 10 -11 5 
11 5 7 12 -12 15 12 6 9 9 -14 4 1 9 -3 11 1 2 9 8 
6 4 10 13 9 6 13 17 8 -17 -6 14 6 -11 16 -11 9 11 4 7 
32
2
13 6
8 9
6 13
11 10
10
19 3 10
14 2 14
15 3 12
18 3 10
3 9 13
0 16 10
5 17 14
4 16 12
1 16 10
16 10 13
32
15 10
6 16
16 15
10 16
3 8
16 2
10 0
0 14
11 13
5 1
7 1
7 14
6 8
18 13
17 14
14 11
4 9
13 3
3 4
9 3
16 11
3 17
9 19
19 5
8 6
14 18
12 18
12 5
13 11
1 6
2 5
5 8
