20 20
17 -8 13 24 -21 23 25 16 6 1 -10 24 -22 22 12 1 -23 -13 -4 12 
-19 10 -25 6 -25 23 14 -20 19 -16 -15 2 3 23 -17 3 -1 23 25 6 
15 18 18 8 19 24 10 3 8 15 17 13 -1 16 10 7 -18 23 2 -5 
21 -13 20 24 18 21 12 15 9 5 21 16 -13 -25 25 15 -10 -22 5 -26 
9 4 6 5 12 20 -4 16 -2 -13 3 1 10 17 9 6 -22 -16 26 24 
-21 -8 14 15 20 21 3 15 13 10 26 -22 -26 13 4 10 8 20 -15 19 
23 12 14 10 4 16 17 17 -11 -24 25 8 19 0 24 5 14 10 -22 -26 
7 -6 -20 25 -11 -10 -21 -2 25 0 26 25 16 -13 -2 -4 17 8 17 -1 
22 4 12 4 6 19 15 -20 11 5 22 13 -16 -12 -12 -20 6 23 21 -20 
8 26 13 20 4 6 1 5 17 -15 -26 -14 15 12 15 16 12 22 26 8 
8 26 22 12 16 15 12 15 -14 -26 -15 17 5 1 6 4 20 13 26 8 
-20 21 23 6 -20 -12 -12 -16 13 22 5 11 -20 15 19 6 4 12 4 22 
-1 17 8 17 -4 -2 -13 16 25 26 0 25 -2 -21 -10 -11 25 -20 -6 7 
-26 -22 10 14 5 24 0 19 8 25 -24 -11 17 17 16 4 10 14 12 23 
19 -15 20 8 10 4 13 -26 -22 26 10 13 15 3 21 20 15 14 -8 -21 
24 26 -16 -22 6 9 17 10 1 3 -13 -2 16 -4 20 12 5 6 4 9 
-26 5 -22 -10 15 25 -25 -13 16 21 5 9 15 12 21 18 24 20 -13 21 
-5 2 23 -18 7 10 16 -1 13 17 15 8 3 10 24 19 8 18 18 15 
6 25 23 -1 3 -17 23 3 2 -15 -16 19 -20 14 23 -25 6 -25 10 -19 
12 -4 -13 -23 1 12 22 -22 24 -10 1 6 16 25 23 -21 24 13 -8 17 
47
7
3 10
3 14
1 9
15 1
0 8
0 7
12 6
16 9
16 5
18 10
4 18
19 11
19 12
7 13
16
14 7 15
15 19 14
11 17 14
14 3 15
0 16 15
9 14 13
7 17 15
4 1 10
5 12 15
4 0 14
8 2 14
5 16 15
19 3 15
10 5 13
12 2 15
15 18 10
40
2 5
13 18
11 2
11 1
9 7
3 13
1 2
1 13
18 7
11 5
11 15
14 13
10 17
2 9
15 14
4 2
1 18
8 6
6 17
2 1
17 14
6 1
8 17
8 18
10 12
16 6
18 17
18 6
1 12
8 14
8 4
5 6
9 2
17 10
4 5
15 17
18 1
11 13
13 2
17 18
