20 20
-14 15 16 18 -23 15 -10 24 3 17 8 9 -16 -23 12 -15 2 7 4 12 
23 22 3 20 -17 17 -23 3 22 11 9 14 21 23 -6 1 11 -21 19 -16 
5 0 16 21 -18 7 20 20 -5 19 -3 -8 4 14 9 22 0 -7 7 13 
11 1 -24 19 11 -17 0 17 10 18 2 11 13 3 12 3 16 1 13 18 
-23 6 8 15 8 -20 6 11 3 7 -10 -24 23 7 9 23 8 9 23 7 
10 4 14 15 9 2 -1 -20 3 7 -16 0 19 4 14 16 20 15 7 7 
-7 -5 24 12 -19 15 -17 14 -15 6 1 5 23 16 23 10 -4 13 24 21 
12 -10 8 11 6 -21 13 8 -21 -11 21 11 -19 20 -1 -2 10 -16 16 6 
4 14 22 -21 18 -19 12 -22 -4 7 12 1 2 2 19 -17 14 20 -2 12 
3 6 -6 1 2 20 -18 10 3 14 0 4 3 18 -7 20 6 -14 10 21 
21 10 -14 6 20 -7 18 3 4 0 14 3 10 -18 20 2 1 -6 6 3 
12 -2 20 14 -17 19 2 2 1 12 7 -4 -22 12 -19 18 -21 22 14 4 
6 16 -16 10 -2 -1 20 -19 11 21 -11 -21 8 13 -21 6 11 8 -10 12 
21 24 13 -4 10 23 16 23 5 1 6 -15 14 -17 15 -19 12 24 -5 -7 
7 7 15 20 16 14 4 19 0 -16 7 3 -20 -1 2 9 15 14 4 10 
7 23 9 8 23 9 7 23 -24 -10 7 3 11 6 -20 8 15 8 6 -23 
18 13 1 16 3 12 3 13 11 2 18 10 17 0 -17 11 19 -24 1 11 
13 7 -7 0 22 9 14 4 -8 -3 19 -5 20 20 7 -18 21 16 0 5 
-16 19 -21 11 1 -6 23 21 14 9 11 22 3 -23 17 -17 20 3 22 23 
12 4 7 2 -15 12 -23 -16 9 8 17 3 24 -10 15 -23 18 16 15 -14 
36
4
0 12
9 2
11 4
7 6
19 7
10 17
8 15
12 13
16
8 0 14
2 13 16
1 18 16
12 2 11
9 16 8
18 19 14
10 7 14
5 2 14
11 19 14
17 6 16
18 1 16
7 17 11
10 3 8
1 0 14
9 12 14
14 17 14
34
6 13
10 9
10 1
6 1
9 11
16 18
6 16
4 9
8 1
17 3
17 4
17 7
2 5
10 15
0 14
9 1
19 9
13 6
9 10
9 18
13 18
10 8
3 1
13 3
15 10
11 18
2 16
2 15
2 12
17 14
9 4
19 5
10 18
0 10
