20 20
4 4 6 8 7 4 -2 6 4 8 -18 -1 6 24 10 3 8 4 -23 0 
-4 8 24 14 17 19 15 14 20 3 15 20 11 9 -13 4 12 2 11 3 
16 18 12 14 10 4 16 9 24 8 14 23 19 21 24 -6 19 1 10 22 
-18 14 17 -12 15 22 15 19 22 11 3 9 2 24 3 9 23 -9 15 11 
23 21 15 7 -12 8 19 8 10 -1 2 12 14 19 -15 13 20 21 20 -12 
1 7 9 10 10 -14 12 21 20 16 1 -19 -10 9 -12 3 17 -20 12 -9 
7 10 7 10 8 23 9 6 23 11 22 22 21 5 -16 -14 -17 24 22 14 
8 21 -13 10 9 -8 4 13 -13 9 13 3 18 8 19 7 1 -19 -8 -24 
5 2 1 -1 15 1 -21 22 20 9 -2 13 1 8 -19 12 -10 4 20 2 
12 8 10 14 -9 4 18 9 -11 7 20 -22 7 -20 15 8 13 18 16 -14 
-14 16 18 13 8 15 -20 7 -22 20 7 -11 9 18 4 -9 14 10 8 12 
2 20 4 -10 12 -19 8 1 13 -2 9 20 22 -21 1 15 -1 1 2 5 
-24 -8 -19 1 7 19 8 18 3 13 9 -13 13 4 -8 9 10 -13 21 8 
14 22 24 -17 -14 -16 5 21 22 22 11 23 6 9 23 8 10 7 10 7 
-9 12 -20 17 3 -12 9 -10 -19 1 16 20 21 12 -14 10 10 9 7 1 
-12 20 21 20 13 -15 19 14 12 2 -1 10 8 19 8 -12 7 15 21 23 
11 15 -9 23 9 3 24 2 9 3 11 22 19 15 22 15 -12 17 14 -18 
22 10 1 19 -6 24 21 19 23 14 8 24 9 16 4 10 14 12 18 16 
3 11 2 12 4 -13 9 11 20 15 3 20 14 15 19 17 14 24 8 -4 
0 -23 4 8 3 10 24 6 -1 -18 8 4 6 -2 4 7 8 6 4 4 
44
6
4 14
12 0
2 6
3 18
19 3
7 15
15 5
7 19
17 13
16 1
0 16
12 4
12
19 7 8
10 2 10
14 6 11
5 17 10
11 5 11
8 18 8
0 12 8
9 17 10
5 13 11
14 2 10
8 14 11
11 1 8
40
5 12
1 4
0 13
14 16
16 0
12 14
12 6
6 7
18 8
13 9
15 8
8 11
7 6
9 6
17 8
16 19
7 16
1 8
19 0
12 15
14 7
18 15
19 6
5 3
3 19
7 5
7 13
13 12
1 11
6 10
4 11
11 8
12 13
10 13
2 11
3 0
12 3
18 11
0 19
7 4
