20 20
10 0 12 11 19 8 11 9 5 -1 14 12 13 -1 20 6 3 14 3 6 
7 3 21 17 -2 -15 13 9 -21 8 3 -13 19 11 5 13 5 22 3 17 
9 -2 16 19 -17 2 -16 4 17 20 0 15 -12 -19 19 15 4 14 5 10 
15 22 21 6 18 21 15 -17 -13 -4 10 -6 6 9 4 -11 17 -17 20 -21 
-16 10 3 16 4 15 19 4 22 -9 15 16 -18 20 -16 16 10 15 13 9 
20 14 5 15 -21 3 6 -21 2 21 22 13 -13 -7 -9 7 5 15 7 22 
-21 9 13 22 -7 -6 2 11 2 14 16 -11 -4 -19 14 -10 -10 10 1 13 
-13 14 16 2 16 2 18 -16 17 -8 19 20 13 10 18 7 21 10 19 17 
7 14 12 17 -22 19 -17 -22 -4 12 20 -16 -1 1 7 -5 20 14 7 4 
10 -11 15 8 13 -9 -7 -1 -1 -18 10 5 22 14 16 17 16 17 8 18 
18 8 17 16 17 16 14 22 5 10 -18 -1 -1 -7 -9 13 8 15 -11 10 
4 7 14 20 -5 7 1 -1 -16 20 12 -4 -22 -17 19 -22 17 12 14 7 
17 19 10 21 7 18 10 13 20 19 -8 17 -16 18 2 16 2 16 14 -13 
13 1 10 -10 -10 14 -19 -4 -11 16 14 2 11 2 -6 -7 22 13 9 -21 
22 7 15 5 7 -9 -7 -13 13 22 21 2 -21 6 3 -21 15 5 14 20 
9 13 15 10 16 -16 20 -18 16 15 -9 22 4 19 15 4 16 3 10 -16 
-21 20 -17 17 -11 4 9 6 -6 10 -4 -13 -17 15 21 18 6 21 22 15 
10 5 14 4 15 19 -19 -12 15 0 20 17 4 -16 2 -17 19 16 -2 9 
17 3 22 5 13 5 11 19 -13 3 8 -21 9 13 -15 -2 17 21 3 7 
6 3 14 3 6 20 -1 13 12 14 -1 5 9 11 8 19 11 12 0 10 
50
2
14 0
0 2
5 19
19 17
18
4 1 11
10 15 13
4 12 14
6 19 12
5 18 14
13 16 9
11 2 16
3 16 10
5 2 8
15 18 11
9 4 13
15 7 14
13 0 12
14 1 14
6 3 9
8 17 16
16 3 10
14 17 8
26
2 7
16 7
4 18
5 11
8 16
18 7
4 10
11 6
10 8
19 4
7 18
3 0
9 15
17 12
3 12
15 1
14 8
11 3
1 12
15 9
8 13
9 11
0 15
12 1
16 19
10 4
