20 20
8 -21 29 6 1 28 22 14 27 -28 19 -18 -6 9 -29 20 -14 2 26 29 
26 17 10 2 23 -15 15 21 -3 23 -19 17 28 2 1 1 15 14 15 17 
17 -4 11 18 28 11 14 0 -14 26 22 17 4 -14 18 16 11 -14 10 -27 
26 2 29 22 24 7 -17 10 9 3 -22 12 3 -8 27 16 8 19 -22 -1 
2 1 25 19 27 3 21 19 25 28 28 1 -17 19 4 12 9 -27 20 29 
-19 -4 4 16 13 6 3 3 3 18 13 15 -14 -19 7 -1 -29 1 -7 19 
3 24 27 22 10 24 25 12 21 24 29 -18 0 5 1 10 26 18 20 18 
28 20 -7 23 22 8 7 6 6 3 5 4 18 1 14 3 7 -3 -23 3 
-11 9 10 10 24 3 7 -3 -21 -6 16 -9 19 -11 17 9 11 -4 24 15 
-19 27 -18 -1 19 29 13 9 -14 17 10 -25 5 -28 -28 11 -18 -26 20 23 
23 20 -26 -18 11 -28 -28 5 -25 10 17 -14 9 13 29 19 -1 -18 27 -19 
15 24 -4 11 9 17 -11 19 -9 16 -6 -21 -3 7 3 24 10 10 9 -11 
3 -23 -3 7 3 14 1 18 4 5 3 6 6 7 8 22 23 -7 20 28 
18 20 18 26 10 1 5 0 -18 29 24 21 12 25 24 10 22 27 24 3 
19 -7 1 -29 -1 7 -19 -14 15 13 18 3 3 3 6 13 16 4 -4 -19 
29 20 -27 9 12 4 19 -17 1 28 28 25 19 21 3 27 19 25 1 2 
-1 -22 19 8 16 27 -8 3 12 -22 3 9 10 -17 7 24 22 29 2 26 
-27 10 -14 11 16 18 -14 4 17 22 26 -14 0 14 11 28 18 11 -4 17 
17 15 14 15 1 1 2 28 17 -19 23 -3 21 15 -15 23 2 10 17 26 
29 26 2 -14 20 -29 9 -6 -18 19 -28 27 14 22 28 1 6 29 -21 8 
44
3
5 12
17 1
2 12
14 7
2 18
17 7
14
1 5 8
4 17 10
3 11 11
10 17 15
12 8 13
4 16 14
13 12 14
18 14 8
15 2 10
16 8 11
9 2 15
7 11 13
15 3 14
6 7 14
30
12 7
8 11
0 8
1 4
15 14
12 2
1 17
11 9
15 5
16 6
8 6
17 16
17 0
5 3
17 9
7 12
11 8
19 11
18 15
4 5
7 17
18 2
8 10
4 14
3 13
11 13
2 3
2 19
14 16
2 10
