20 20
14 9 16 -20 -16 16 20 3 14 -6 10 1 -11 22 23 10 8 -23 17 21 
9 1 11 4 9 -20 -22 20 2 17 13 9 -18 9 -19 12 20 -7 7 -13 
2 -23 1 -8 12 2 11 22 1 15 13 22 3 14 12 3 20 22 10 12 
20 0 10 10 13 17 1 -20 15 -15 22 -4 7 6 18 -22 21 5 22 22 
17 8 11 20 1 -5 11 7 5 20 6 -1 20 23 18 11 -7 15 21 3 
3 14 12 23 20 21 3 11 10 6 12 22 23 16 13 -15 5 9 -21 11 
-11 2 3 0 23 8 5 15 13 0 2 14 8 15 17 1 17 4 16 -6 
10 14 1 9 3 19 -7 -15 10 3 9 -12 13 16 7 22 -3 -19 12 7 
-16 20 22 2 9 -5 13 20 -11 14 8 8 -15 19 6 -19 -13 -5 2 7 
-13 -15 13 16 3 13 9 0 -14 -17 5 11 21 13 5 18 13 15 18 14 
14 18 15 13 18 5 13 21 11 5 -17 -14 0 9 13 3 16 13 -15 -13 
7 2 -5 -13 -19 6 19 -15 8 8 14 -11 20 13 -5 9 2 22 20 -16 
7 12 -19 -3 22 7 16 13 -12 9 3 10 -15 -7 19 3 9 1 14 10 
-6 16 4 17 1 17 15 8 14 2 0 13 15 5 8 23 0 3 2 -11 
11 -21 9 5 -15 13 16 23 22 12 6 10 11 3 21 20 23 12 14 3 
3 21 15 -7 11 18 23 20 -1 6 20 5 7 11 -5 1 20 11 8 17 
22 22 5 21 -22 18 6 7 -4 22 -15 15 -20 1 17 13 10 10 0 20 
12 10 22 20 3 12 14 3 22 13 15 1 22 11 2 12 -8 1 -23 2 
-13 7 -7 20 12 -19 9 -18 9 13 17 2 20 -22 -20 9 4 11 1 9 
21 17 -23 8 10 23 22 -11 1 10 -6 14 3 20 16 -16 -20 16 9 14 
48
3
5 19
9 8
11 1
14 0
10 11
8 18
18
2 19 14
13 19 13
2 0 13
1 8 8
5 0 9
16 2 11
13 0 9
1 9 13
9 19 16
17 0 14
6 0 13
17 19 13
18 11 8
14 19 9
3 17 11
6 19 9
18 10 13
10 0 16
40
17 7
4 6
15 11
5 15
14 17
13 11
7 15
6 7
19 1
1 0
9 7
13 16
14 1
19 0
19 13
18 4
18 6
16 1
5 6
5 11
2 12
15 13
4 8
14 4
5 2
6 8
12 4
13 12
0 18
18 19
10 12
6 3
5 18
0 19
0 6
1 15
1 13
3 18
14 13
14 8
