20 20
9 2 9 -5 4 9 7 7 6 1 8 13 1 12 -9 10 11 7 13 -11 
4 12 3 6 4 6 3 -3 10 -5 10 0 7 7 -6 -4 -9 -6 8 8 
3 3 1 -12 4 3 5 -1 1 2 -11 9 0 -11 8 -4 12 12 -1 7 
6 10 9 -11 -1 10 -8 10 4 -5 1 4 4 8 12 0 9 -2 4 13 
0 12 -8 13 9 4 -5 -12 1 8 -9 -4 9 13 -5 -12 -10 2 -11 9 
7 -10 8 5 5 -8 4 -3 0 10 0 12 1 12 8 9 13 12 -8 -13 
5 4 13 13 -7 12 4 11 -3 4 4 0 -3 -8 4 2 11 -13 8 -1 
12 3 13 2 -5 10 8 8 -1 1 12 -11 -13 -3 -3 8 -7 6 -9 -11 
11 6 0 3 11 3 9 3 -7 8 3 11 0 10 -13 -7 0 8 -5 1 
-5 7 6 1 -6 0 -13 1 -8 8 6 6 -8 8 2 2 1 -3 -13 7 
7 -13 -3 1 2 2 8 -8 6 6 8 -8 1 -13 0 -6 1 6 7 -5 
1 -5 8 0 -7 -13 10 0 11 3 8 -7 3 9 3 11 3 0 6 11 
-11 -9 6 -7 8 -3 -3 -13 -11 12 1 -1 8 8 10 -5 2 13 3 12 
-1 8 -13 11 2 4 -8 -3 0 4 4 -3 11 4 12 -7 13 13 4 5 
-13 -8 12 13 9 8 12 1 12 0 10 0 -3 4 -8 5 5 8 -10 7 
9 -11 2 -10 -12 -5 13 9 -4 -9 8 1 -12 -5 4 9 13 -8 12 0 
13 4 -2 9 0 12 8 4 4 1 -5 4 10 -8 10 -1 -11 9 10 6 
7 -1 12 12 -4 8 -11 0 9 -11 2 1 -1 5 3 4 -12 1 3 3 
8 8 -6 -9 -4 -6 7 7 0 10 -5 10 -3 3 6 4 6 3 12 4 
-11 13 7 11 10 -9 12 1 13 8 1 6 7 7 9 4 -5 9 2 9 
54
7
5 9
6 12
2 3
0 12
18 8
12 18
19 8
14 10
13 7
17 16
19 7
1 11
7 1
0 11
10
12 1 16
9 10 10
12 11 9
15 0 13
4 17 14
7 18 16
10 9 10
7 8 9
4 19 13
15 2 14
32
16 9
14 19
13 9
4 15
10 8
19 6
5 8
15 3
11 17
18 9
17 15
8 9
3 4
0 1
5 4
10 6
3 10
5 0
6 10
15 4
9 11
0 13
14 11
4 16
8 2
1 10
2 4
11 10
16 15
19 18
14 15
9 13
