20 20
9 11 5 21 -22 12 14 2 -24 18 8 12 23 25 -20 20 12 20 2 -4 
-14 -15 16 7 15 16 10 21 25 -18 5 10 -19 20 15 21 -1 2 -23 15 
9 4 23 14 -25 6 -11 5 -3 1 -13 17 23 22 6 9 -8 -24 10 -15 
25 1 -20 25 -9 6 6 26 26 -26 -6 23 -17 24 21 -23 -4 10 12 15 
19 9 10 5 18 6 11 20 -23 6 0 13 5 -8 15 -10 22 5 23 9 
12 9 -6 5 21 7 19 -6 7 22 13 5 20 -7 20 17 4 3 -1 -4 
-2 0 13 14 -4 -17 26 7 7 15 13 -17 -1 12 2 24 -3 1 12 3 
-19 -19 -12 10 1 19 5 13 17 24 3 13 25 24 18 10 17 9 19 13 
18 3 19 15 1 24 4 24 10 -23 24 14 -11 22 17 17 12 15 5 20 
12 5 -10 7 19 25 -8 9 -10 5 -14 13 13 12 -20 15 -22 21 8 23 
23 8 21 -22 15 -20 12 13 13 -14 5 -10 9 -8 25 19 7 -10 5 12 
20 5 15 12 17 17 22 -11 14 24 -23 10 24 4 24 1 15 19 3 18 
13 19 9 17 10 18 24 25 13 3 24 17 13 5 19 1 10 -12 -19 -19 
3 12 1 -3 24 2 12 -1 -17 13 15 7 7 26 -17 -4 14 13 0 -2 
-4 -1 3 4 17 20 -7 20 5 13 22 7 -6 19 7 21 5 -6 9 12 
9 23 5 22 -10 15 -8 5 13 0 6 -23 20 11 6 18 5 10 9 19 
15 12 10 -4 -23 21 24 -17 23 -6 -26 26 26 6 6 -9 25 -20 1 25 
-15 10 -24 -8 9 6 22 23 17 -13 1 -3 5 -11 6 -25 14 23 4 9 
15 -23 2 -1 21 15 20 -19 10 5 -18 25 21 10 16 15 7 16 -15 -14 
-4 2 20 12 20 -20 25 23 12 8 18 -24 2 14 12 -22 21 5 11 9 
33
4
14 17
16 17
17 3
19 7
5 2
3 2
2 16
0 12
14
17 2 10
14 4 14
3 13 14
10 19 16
8 9 15
19 10 8
19 15 12
2 17 10
5 15 14
16 6 14
9 0 16
11 10 15
0 9 8
0 4 12
32
15 0
15 5
14 16
19 13
8 12
0 2
19 9
17 13
18 13
2 9
19 16
11 2
10 5
11 1
6 16
5 13
4 19
4 14
5 3
0 6
11 7
19 17
0 10
2 6
1 6
17 10
0 3
8 17
9 14
8 18
13 3
14 6
