20 20
-4 -1 -2 3 -5 1 3 3 1 -1 -5 5 5 -3 -1 2 3 -1 5 3 
0 -3 0 5 3 0 5 -1 -3 5 1 3 0 -2 1 0 4 2 -5 0 
-4 0 1 -5 1 3 4 -4 0 -3 0 0 3 1 3 3 2 1 -1 3 
2 0 1 4 -5 1 5 4 2 1 -4 0 2 4 3 -2 -3 1 2 3 
0 -3 -4 1 3 3 -4 1 0 -5 2 4 1 1 4 -2 0 -2 3 3 
1 1 3 4 2 4 3 -3 1 2 3 5 2 4 -5 3 3 2 5 -1 
1 0 3 2 5 2 0 3 2 -2 5 -3 4 3 -5 1 3 1 0 4 
5 2 5 4 5 5 2 2 1 2 5 2 4 -5 -5 2 0 -2 1 -1 
2 5 4 -5 2 4 1 4 0 5 2 0 0 0 0 5 -2 -3 3 -2 
3 2 4 0 3 4 4 5 4 0 4 2 1 4 -4 -4 3 5 3 -5 
-5 3 5 3 -4 -4 4 1 2 4 0 4 5 4 4 3 0 4 2 3 
-2 3 -3 -2 5 0 0 0 0 2 5 0 4 1 4 2 -5 4 5 2 
-1 1 -2 0 2 -5 -5 4 2 5 2 1 2 2 5 5 4 5 2 5 
4 0 1 3 1 -5 3 4 -3 5 -2 2 3 0 2 5 2 3 0 1 
-1 5 2 3 3 -5 4 2 5 3 2 1 -3 3 4 2 4 3 1 1 
3 3 -2 0 -2 4 1 1 4 2 -5 0 1 -4 3 3 1 -4 -3 0 
3 2 1 -3 -2 3 4 2 0 -4 1 2 4 5 1 -5 4 1 0 2 
3 -1 1 2 3 3 1 3 0 0 -3 0 -4 4 3 1 -5 1 0 -4 
0 -5 2 4 0 1 -2 0 3 1 5 -3 -1 5 0 3 5 0 -3 0 
3 5 -1 3 2 -1 -3 5 5 -5 -1 1 3 3 1 -5 3 -2 -1 -4 
41
3
6 3
9 14
19 17
13 16
10 5
0 2
12
10 4 13
14 5 15
19 2 10
14 12 15
11 10 10
11 7 16
9 15 13
5 14 15
0 17 10
5 7 15
8 9 10
8 12 16
30
11 4
15 14
13 8
10 13
16 13
2 15
5 0
15 12
15 6
10 12
5 6
17 10
1 3
17 3
15 18
8 15
4 5
6 11
9 6
3 6
17 4
14 19
4 7
4 13
9 7
14 13
2 9
18 16
2 16
4 1
