20 20
3 20 12 14 -6 19 7 -13 1 19 8 13 22 11 6 21 6 5 7 -20 
7 23 19 -7 -3 9 -19 14 -5 -7 7 7 24 22 13 19 24 1 -15 6 
11 23 -22 23 13 -3 3 4 2 0 20 21 -16 17 18 -2 17 10 2 21 
-11 5 14 19 9 15 -13 21 22 -20 24 -1 14 14 4 -22 23 8 5 14 
-20 16 22 6 -20 11 15 -17 23 8 -13 -3 10 11 3 -13 15 -22 3 0 
24 18 11 20 23 -8 -1 2 3 -2 19 4 -5 -17 16 21 16 -16 -2 2 
3 -2 8 12 11 2 8 -10 11 10 -18 5 8 19 19 9 1 24 18 22 
12 22 9 2 7 6 6 7 14 14 -19 24 5 20 15 9 11 15 -16 8 
13 0 11 -8 -17 -21 7 10 -9 15 14 22 11 15 -24 22 -3 11 -8 -22 
-17 -9 13 24 9 1 9 10 -21 18 5 1 15 4 23 5 18 10 -4 19 
19 -4 10 18 5 23 4 15 1 5 18 -21 10 9 1 9 24 13 -9 -17 
-22 -8 11 -3 22 -24 15 11 22 14 15 -9 10 7 -21 -17 -8 11 0 13 
8 -16 15 11 9 15 20 5 24 -19 14 14 7 6 6 7 2 9 22 12 
22 18 24 1 9 19 19 8 5 -18 10 11 -10 8 2 11 12 8 -2 3 
2 -2 -16 16 21 16 -17 -5 4 19 -2 3 2 -1 -8 23 20 11 18 24 
0 3 -22 15 -13 3 11 10 -3 -13 8 23 -17 15 11 -20 6 22 16 -20 
14 5 8 23 -22 4 14 14 -1 24 -20 22 21 -13 15 9 19 14 5 -11 
21 2 10 17 -2 18 17 -16 21 20 0 2 4 3 -3 13 23 -22 23 11 
6 -15 1 24 19 13 22 24 7 7 -7 -5 14 -19 9 -3 -7 19 23 7 
-20 7 5 6 21 6 11 22 13 8 19 1 -13 7 19 -6 14 12 20 3 
42
2
12 0
3 11
7 19
16 8
10
8 5 10
8 9 16
1 16 13
18 15 14
6 11 9
11 14 10
11 10 16
18 3 13
1 4 14
13 8 9
30
9 19
16 12
15 18
4 0
19 11
2 0
10 9
8 16
13 19
11 19
9 16
19 18
10 6
6 9
5 11
10 0
3 7
4 1
15 19
0 8
17 19
9 10
11 3
6 0
8 0
10 3
0 1
9 13
13 10
14 8
