20 20
8 6 8 6 12 7 16 1 7 2 15 -3 0 -17 16 7 2 14 0 18 
11 -4 14 8 9 18 11 5 8 4 7 6 8 -14 18 1 8 2 -8 -16 
11 -10 10 14 8 13 15 0 8 15 -18 4 -1 12 13 17 -18 7 1 14 
2 7 2 -5 15 6 17 1 -4 9 3 8 18 15 11 10 6 -14 10 1 
2 12 -2 3 1 -18 2 4 -4 0 -3 9 8 18 2 7 7 10 -18 6 
17 -17 -15 12 2 -14 10 4 7 5 17 12 -10 4 13 -4 -15 4 -10 15 
9 13 -11 14 8 14 -2 9 -6 7 1 -18 -4 9 2 -4 -12 7 14 14 
2 -15 14 2 3 12 13 15 7 4 17 5 15 9 -13 13 2 12 -2 9 
12 13 8 9 5 2 10 10 12 0 -9 2 -9 -10 10 5 1 5 18 1 
-18 8 17 10 3 9 7 0 14 -15 -16 5 -6 2 -18 16 1 14 -15 17 
17 -15 14 1 16 -18 2 -6 5 -16 -15 14 0 7 9 3 10 17 8 -18 
1 18 5 1 5 10 -10 -9 2 -9 0 12 10 10 2 5 9 8 13 12 
9 -2 12 2 13 -13 9 15 5 17 4 7 15 13 12 3 2 14 -15 2 
14 14 7 -12 -4 2 9 -4 -18 1 7 -6 9 -2 14 8 14 -11 13 9 
15 -10 4 -15 -4 13 4 -10 12 17 5 7 4 10 -14 2 12 -15 -17 17 
6 -18 10 7 7 2 18 8 9 -3 0 -4 4 2 -18 1 3 -2 12 2 
1 10 -14 6 10 11 15 18 8 3 9 -4 1 17 6 15 -5 2 7 2 
14 1 7 -18 17 13 12 -1 4 -18 15 8 0 15 13 8 14 10 -10 11 
-16 -8 2 8 1 18 -14 8 6 7 4 8 5 11 18 9 8 14 -4 11 
18 0 14 2 7 16 -17 0 -3 15 2 7 1 16 7 12 6 8 6 8 
49
2
5 6
16 15
14 13
3 4
6
17 7 10
12 5 14
18 7 9
2 12 10
7 14 14
1 12 9
32
19 16
10 11
13 2
4 12
1 19
18 16
7 19
18 3
3 1
3 11
0 16
16 4
0 10
4 16
15 13
15 6
0 3
9 8
6 17
15 7
18 0
1 3
12 0
1 16
16 18
16 8
19 3
3 15
19 9
15 3
4 6
4 13
