20 20
19 -19 20 0 20 15 -17 21 19 17 14 10 8 3 12 -3 -3 1 4 6 
5 12 12 15 2 3 10 4 0 3 15 8 2 -3 4 4 -1 -15 15 9 
1 -4 18 13 7 12 8 19 5 -4 11 15 -20 14 2 -15 -1 12 17 21 
-19 3 14 15 20 4 9 7 -14 20 13 5 -7 3 14 14 8 -9 19 11 
-11 9 13 -12 5 13 -21 -17 4 20 -5 -17 -18 16 -2 8 10 10 2 21 
11 -6 -20 3 11 -16 4 -7 6 -12 -8 19 10 -8 -2 5 1 21 9 11 
7 8 -5 -19 8 5 13 2 19 7 -21 21 4 21 -21 -3 1 15 21 2 
14 -10 19 13 -17 -2 20 5 10 7 -19 3 9 3 20 20 0 8 11 1 
10 0 12 -8 3 21 16 0 12 18 13 21 18 9 12 -3 5 15 16 18 
9 17 -2 0 12 3 17 2 0 9 7 10 5 -7 -13 16 20 19 4 12 
12 4 19 20 16 -13 -7 5 10 7 9 0 2 17 3 12 0 -2 17 9 
18 16 15 5 -3 12 9 18 21 13 18 12 0 16 21 3 -8 12 0 10 
1 11 8 0 20 20 3 9 3 -19 7 10 5 20 -2 -17 13 19 -10 14 
2 21 15 1 -3 -21 21 4 21 -21 7 19 2 13 5 8 -19 -5 8 7 
11 9 21 1 5 -2 -8 10 19 -8 -12 6 -7 4 -16 11 3 -20 -6 11 
21 2 10 10 8 -2 16 -18 -17 -5 20 4 -17 -21 13 5 -12 13 9 -11 
11 19 -9 8 14 14 3 -7 5 13 20 -14 7 9 4 20 15 14 3 -19 
21 17 12 -1 -15 2 14 -20 15 11 -4 5 19 8 12 7 13 18 -4 1 
9 15 -15 -1 4 4 -3 2 8 15 3 0 4 10 3 2 15 12 12 5 
6 4 1 -3 -3 12 3 8 10 14 17 19 21 -17 15 20 0 20 -19 19 
44
8
0 18
9 3
2 18
2 8
12 15
9 7
3 19
7 13
19 1
10 16
17 1
17 11
7 4
10 12
16 0
12 6
16
0 3 16
12 16 15
6 9 10
5 4 10
12 5 16
10 15 8
17 4 11
9 0 8
19 16 16
7 3 15
13 10 10
14 15 10
7 14 16
9 4 8
2 15 11
10 19 8
26
3 6
17 7
1 14
10 6
14 1
6 4
15 4
5 19
0 1
2 0
11 17
1 5
9 19
16 13
2 12
18 5
9 13
5 18
13 15
4 15
14 0
19 18
17 19
8 2
18 14
10 0
