20 20
13 0 8 22 -24 23 -12 -20 17 -9 15 23 6 13 7 10 28 -6 -1 -18 
0 8 6 10 16 5 -26 11 5 24 2 -12 28 11 24 -1 12 11 22 12 
16 24 4 17 24 -27 13 26 -8 7 -13 3 -24 26 0 -9 4 11 -15 -7 
3 4 2 -10 1 -24 9 -19 -7 -18 28 -23 -24 6 22 9 -13 -3 3 26 
16 -26 -10 -26 7 -9 18 10 16 -27 1 2 16 11 12 18 28 -25 17 -20 
16 -16 13 16 -18 -14 2 0 4 21 8 1 13 18 3 25 1 13 21 20 
8 -10 13 10 24 4 7 -26 7 12 28 14 25 -3 -15 22 4 2 23 20 
13 8 -3 -27 22 6 23 -23 3 2 -16 24 4 8 -16 -26 18 19 -21 -27 
17 22 -22 -21 -3 0 18 3 21 23 -16 23 -21 24 5 2 13 16 -24 7 
14 13 -27 -28 24 6 24 22 18 -8 13 2 18 4 9 10 19 26 12 -28 
-28 12 26 19 10 9 4 18 2 13 -8 18 22 24 6 24 -28 -27 13 14 
7 -24 16 13 2 5 24 -21 23 -16 23 21 3 18 0 -3 -21 -22 22 17 
-27 -21 19 18 -26 -16 8 4 24 -16 2 3 -23 23 6 22 -27 -3 8 13 
20 23 2 4 22 -15 -3 25 14 28 12 7 -26 7 4 24 10 13 -10 8 
20 21 13 1 25 3 18 13 1 8 21 4 0 2 -14 -18 16 13 -16 16 
-20 17 -25 28 18 12 11 16 2 1 -27 16 10 18 -9 7 -26 -10 -26 16 
26 3 -3 -13 9 22 6 -24 -23 28 -18 -7 -19 9 -24 1 -10 2 4 3 
-7 -15 11 4 -9 0 26 -24 3 -13 7 -8 26 13 -27 24 17 4 24 16 
12 22 11 12 -1 24 11 28 -12 2 24 5 11 -26 5 16 10 6 8 0 
-18 -1 -6 28 10 7 13 6 23 15 -9 17 -20 -12 23 -24 22 8 0 13 
38
8
13 11
12 19
17 13
7 10
16 8
0 10
8 13
4 13
6 8
7 0
2 6
12 9
3 11
19 9
11 6
15 6
6
16 14 14
6 2 9
18 5 15
3 5 14
13 17 9
1 14 15
36
11 1
8 19
15 10
11 3
13 0
4 11
0 5
7 13
5 11
0 4
18 4
0 12
16 0
1 17
9 2
5 9
0 16
3 6
8 18
11 0
4 9
8 16
6 19
15 8
19 14
12 6
14 8
19 15
1 15
19 7
3 19
18 2
10 17
14 10
19 3
16 13
