20 20
-10 7 2 -11 4 7 7 10 12 6 5 4 1 -9 3 1 5 0 -12 6 
7 6 4 2 6 -12 2 1 12 5 0 -11 -1 7 1 -2 -9 2 8 9 
10 -1 4 -11 11 -12 4 -10 -5 -3 4 6 -2 -1 10 10 11 -6 -1 12 
3 -2 2 -3 -9 11 -3 8 8 5 9 4 -2 4 9 4 2 -7 -3 7 
0 12 7 8 7 12 3 1 12 12 -3 5 4 -9 1 0 -1 7 5 -8 
1 9 12 8 0 9 0 7 5 -5 4 8 7 7 3 -6 3 3 -6 4 
2 7 -12 0 0 3 11 10 -8 9 4 4 0 -6 -5 -5 6 -4 7 -10 
-12 -11 -7 2 -8 11 7 0 6 10 0 -12 -4 12 -7 8 -6 8 8 12 
10 5 -4 -11 -4 -6 9 4 -7 8 8 7 7 -8 1 7 3 -4 11 4 
8 10 9 0 2 6 10 -1 10 11 -1 -11 1 10 7 12 8 -3 10 -11 
-11 10 -3 8 12 7 10 1 -11 -1 11 10 -1 10 6 2 0 9 10 8 
4 11 -4 3 7 1 -8 7 7 8 8 -7 4 9 -6 -4 -11 -4 5 10 
12 8 8 -6 8 -7 12 -4 -12 0 10 6 0 7 11 -8 2 -7 -11 -12 
-10 7 -4 6 -5 -5 -6 0 4 4 9 -8 10 11 3 0 0 -12 7 2 
4 -6 3 3 -6 3 7 7 8 4 -5 5 7 0 9 0 8 12 9 1 
-8 5 7 -1 0 1 -9 4 5 -3 12 12 1 3 12 7 8 7 12 0 
7 -3 -7 2 4 9 4 -2 4 9 5 8 8 -3 11 -9 -3 2 -2 3 
12 -1 -6 11 10 10 -1 -2 6 4 -3 -5 -10 4 -12 11 -11 4 -1 10 
9 8 2 -9 -2 1 7 -1 -11 0 5 12 1 2 -12 6 2 4 6 7 
6 -12 0 5 1 3 -9 1 4 5 6 12 10 7 7 4 -11 2 7 -10 
48
4
4 16
16 4
17 8
16 19
15 3
3 15
2 11
3 0
12
2 9 12
10 5 11
2 10 11
1 3 13
4 12 11
8 7 15
17 10 12
9 14 11
17 9 11
18 16 13
15 7 11
11 12 15
34
17 19
19 1
14 3
16 17
2 19
8 9
8 1
9 16
16 3
16 11
12 6
7 0
13 11
9 17
10 1
5 18
18 4
2 0
0 18
5 16
3 2
17 0
11 10
11 18
10 3
3 16
3 8
7 13
12 19
6 8
10 2
9 18
14 1
1 15
