20 20
4 0 6 5 -1 8 -6 3 1 3 5 8 5 7 3 2 2 -1 4 4 
2 1 0 6 1 8 5 -4 -3 6 7 3 6 8 5 8 8 7 5 8 
8 5 5 2 4 6 2 -3 2 3 5 7 -1 8 8 8 -2 4 2 4 
8 1 5 -7 4 5 4 4 -7 3 8 -6 0 6 6 2 6 8 -6 -8 
-2 6 -2 1 3 0 3 -4 -3 4 3 -6 5 5 8 2 4 -1 6 -8 
6 5 -6 -2 5 7 -4 2 2 6 0 6 1 -4 2 4 1 -5 7 7 
6 -7 4 8 -3 5 2 2 4 5 -5 7 6 2 3 4 3 5 8 6 
1 1 2 5 8 8 2 5 3 5 -2 3 6 8 3 4 -3 6 4 1 
0 2 8 -8 5 1 -2 4 4 -6 7 3 4 5 5 5 3 -2 2 -7 
6 8 8 3 6 0 -8 4 3 4 7 6 -2 5 0 8 3 1 6 5 
5 6 1 3 8 0 5 -2 6 7 4 3 4 -8 0 6 3 8 8 6 
-7 2 -2 3 5 5 5 4 3 7 -6 4 4 -2 1 5 -8 8 2 0 
1 4 6 -3 4 3 8 6 3 -2 5 3 5 2 8 8 5 2 1 1 
6 8 5 3 4 3 2 6 7 -5 5 4 2 2 5 -3 8 4 -7 6 
7 7 -5 1 4 2 -4 1 6 0 6 2 2 -4 7 5 -2 -6 5 6 
-8 6 -1 4 2 8 5 5 -6 3 4 -3 -4 3 0 3 1 -2 6 -2 
-8 -6 8 6 2 6 6 0 -6 8 3 -7 4 4 5 4 -7 5 1 8 
4 2 4 -2 8 8 8 -1 7 5 3 2 -3 2 6 4 2 5 5 8 
8 5 7 8 8 5 8 6 3 7 6 -3 -4 5 8 1 6 0 1 2 
4 4 -1 2 2 3 7 5 8 5 3 1 3 -6 8 -1 5 6 0 4 
36
5
11 6
9 16
11 19
13 17
10 11
8 13
10 3
8 0
6 2
9 8
8
14 0 14
13 16 8
15 18 14
9 0 11
5 19 14
6 3 8
4 1 14
10 19 11
32
18 12
5 9
12 6
5 1
4 14
18 8
18 1
7 14
16 15
5 18
8 10
12 4
6 10
17 15
15 19
7 19
1 7
14 10
7 13
14 18
15 5
1 11
1 18
12 5
3 4
14 1
11 9
7 15
13 9
2 4
4 0
12 0
