20 20
14 5 2 5 -14 -10 -13 -15 14 13 11 11 -14 -8 14 -11 15 -6 11 11 
-10 1 6 7 8 6 -15 -14 3 1 8 -1 4 -5 7 14 -2 12 10 1 
10 -9 5 13 6 10 15 5 15 6 -3 10 9 -12 -6 9 1 4 3 6 
8 11 -14 11 9 11 6 0 12 1 11 4 4 13 8 13 14 2 8 7 
-13 7 7 10 3 9 0 0 -8 4 9 9 12 6 2 11 11 -10 12 8 
-10 14 13 8 1 0 10 15 8 11 13 9 -12 15 1 12 -14 1 -11 5 
11 2 2 10 7 5 14 -12 0 -7 5 14 15 13 9 -3 10 -7 -12 -2 
15 1 13 3 -14 3 11 10 -15 14 7 -8 8 7 1 12 1 11 5 2 
10 -12 -13 8 2 11 1 15 -1 4 13 7 -7 6 9 15 3 14 11 5 
11 8 9 -8 3 2 5 3 1 9 7 8 -5 6 -10 7 7 -12 4 10 
10 4 -12 7 7 -10 6 -5 8 7 9 1 3 5 2 3 -8 9 8 11 
5 11 14 3 15 9 6 -7 7 13 4 -1 15 1 11 2 8 -13 -12 10 
2 5 11 1 12 1 7 8 -8 7 14 -15 10 11 3 -14 3 13 1 15 
-2 -12 -7 10 -3 9 13 15 14 5 -7 0 -12 14 5 7 10 2 2 11 
5 -11 1 -14 12 1 15 -12 9 13 11 8 15 10 0 1 8 13 14 -10 
8 12 -10 11 11 2 6 12 9 9 4 -8 0 0 9 3 10 7 7 -13 
7 8 2 14 13 8 13 4 4 11 1 12 0 6 11 9 11 -14 11 8 
6 3 4 1 9 -6 -12 9 10 -3 6 15 5 15 10 6 13 5 -9 10 
1 10 12 -2 14 7 -5 4 -1 8 1 3 -14 -15 6 8 7 6 1 -10 
11 11 -6 15 -11 14 -8 -14 11 11 13 14 -15 -13 -10 -14 5 2 5 14 
44
2
15 8
14 12
4 11
5 7
6
3 5 13
0 10 9
3 17 9
16 14 13
19 9 9
16 2 9
36
14 7
0 2
10 13
16 19
15 10
17 0
3 7
7 19
10 3
5 1
11 8
9 11
9 0
17 3
18 9
19 10
14 0
15 6
5 12
19 17
9 6
3 0
4 9
2 19
16 12
12 0
9 16
14 18
8 11
10 8
10 19
2 16
1 10
0 9
5 19
4 13
