20 20
0 12 10 7 13 16 12 12 0 8 11 -9 -3 13 15 8 5 -1 10 1 
7 5 6 -7 7 3 16 1 4 10 10 6 14 6 3 3 5 -9 10 -8 
-4 -6 13 12 11 0 -15 -14 13 -8 9 10 2 0 -5 11 -6 2 1 -5 
9 2 15 12 4 6 14 2 -5 -6 6 8 1 -6 15 11 0 6 15 2 
16 5 8 9 -13 16 13 10 7 -7 10 5 13 9 10 15 1 16 -3 -15 
-7 4 9 16 -7 11 9 -1 3 9 -2 14 8 -15 8 8 1 -6 14 7 
-14 -12 11 12 15 -11 10 14 16 -13 8 -13 16 14 3 6 8 -14 15 -11 
7 -5 15 7 9 11 -16 -11 9 6 9 3 12 12 -5 13 5 10 2 5 
14 7 4 6 15 16 0 -9 -9 -11 2 -14 -8 13 14 3 8 10 16 -15 
-4 7 -1 3 8 11 2 -3 12 2 -2 13 12 15 -5 -4 9 -2 3 2 
2 3 -2 9 -4 -5 15 12 13 -2 2 12 -3 2 11 8 3 -1 7 -4 
-15 16 10 8 3 14 13 -8 -14 2 -11 -9 -9 0 16 15 6 4 7 14 
5 2 10 5 13 -5 12 12 3 9 6 9 -11 -16 11 9 7 15 -5 7 
-11 15 -14 8 6 3 14 16 -13 8 -13 16 14 10 -11 15 12 11 -12 -14 
7 14 -6 1 8 8 -15 8 14 -2 9 3 -1 9 11 -7 16 9 4 -7 
-15 -3 16 1 15 10 9 13 5 10 -7 7 10 13 16 -13 9 8 5 16 
2 15 6 0 11 15 -6 1 8 6 -6 -5 2 14 6 4 12 15 2 9 
-5 1 2 -6 11 -5 0 2 10 9 -8 13 -14 -15 0 11 12 13 -6 -4 
-8 10 -9 5 3 3 6 14 6 10 10 4 1 16 3 7 -7 6 5 7 
1 10 -1 5 8 15 13 -3 -9 11 8 0 12 12 16 13 7 10 12 0 
31
3
14 7
19 9
12 5
5 12
0 10
7 14
14
19 10 15
15 1 13
15 9 14
15 18 10
0 19 15
14 4 15
16 14 12
0 9 15
4 18 13
4 10 14
4 1 10
19 0 15
5 15 15
3 5 12
38
13 18
11 12
1 15
6 15
18 16
19 15
11 14
8 15
4 9
4 16
4 15
8 2
0 16
1 6
0 3
1 18
2 12
2 3
17 5
6 1
8 7
18 4
13 4
1 3
0 4
8 5
11 4
15 10
15 3
15 4
11 17
19 3
18 13
19 16
18 1
17 7
17 16
2 14
