20 20
9 12 8 -6 5 -13 5 9 -11 -8 5 2 1 -1 -2 -12 6 4 11 13 
4 1 -10 7 6 11 -6 -8 5 2 5 2 -2 12 4 -9 12 7 8 10 
2 8 6 8 9 11 -6 1 9 13 8 9 5 12 10 13 7 -9 -13 9 
12 12 10 3 3 8 -6 -12 7 4 0 4 9 12 6 8 2 7 13 12 
12 4 5 4 13 3 -3 7 11 10 2 5 -5 10 -8 3 6 7 3 11 
12 12 6 10 2 12 10 2 13 -6 5 5 -7 10 -10 8 9 5 3 9 
2 -1 -9 11 6 5 12 7 13 5 3 10 7 4 10 4 4 9 13 12 
10 13 -6 -5 7 12 -8 10 8 5 5 -2 13 6 6 1 7 6 13 3 
-1 -6 -6 6 5 12 8 -7 3 6 0 10 8 12 10 2 13 8 5 10 
0 -13 11 -13 12 -3 -9 8 10 5 1 -2 5 2 4 9 4 11 5 -10 
-10 5 11 4 9 4 2 5 -2 1 5 10 8 -9 -3 12 -13 11 -13 0 
10 5 8 13 2 10 12 8 10 0 6 3 -7 8 12 5 6 -6 -6 -1 
3 13 6 7 1 6 6 13 -2 5 5 8 10 -8 12 7 -5 -6 13 10 
12 13 9 4 4 10 4 7 10 3 5 13 7 12 5 6 11 -9 -1 2 
9 3 5 9 8 -10 10 -7 5 5 -6 13 2 10 12 2 10 6 12 12 
11 3 7 6 3 -8 10 -5 5 2 10 11 7 -3 3 13 4 5 4 12 
12 13 7 2 8 6 12 9 4 0 4 7 -12 -6 8 3 3 10 12 12 
9 -13 -9 7 13 10 12 5 9 8 13 9 1 -6 11 9 8 6 8 2 
10 8 7 12 -9 4 12 -2 2 5 2 5 -8 -6 11 6 7 -10 1 4 
13 11 4 6 -12 -2 -1 1 2 5 -8 -11 9 5 -13 5 -6 8 12 9 
56
8
15 12
8 17
18 7
1 9
8 4
4 9
7 11
9 8
4 7
11 2
1 12
18 10
11 15
15 10
12 8
10 11
12
19 2 16
16 15 14
0 10 9
1 3 12
0 16 12
7 1 12
0 17 16
3 4 14
19 9 9
18 16 12
19 3 12
12 18 12
38
17 10
4 14
15 14
6 2
17 6
17 15
7 19
15 17
12 13
14 5
17 4
2 16
1 19
16 7
19 18
16 14
16 6
17 0
2 6
2 9
15 5
4 5
13 17
2 13
2 4
12 0
4 2
7 6
5 14
2 15
17 3
18 0
3 12
0 1
3 5
3 13
2 19
17 13
