20 20
15 -19 -18 23 16 1 17 18 20 -13 17 -11 6 2 -22 17 -17 1 7 2 
-21 8 6 7 11 -1 7 4 21 -19 20 15 -12 22 -8 4 -23 1 3 21 
10 19 -14 6 14 23 15 12 8 23 -5 23 6 -21 15 0 -9 0 23 11 
20 -6 22 23 -5 10 21 6 19 17 7 18 -19 -22 8 23 23 -15 14 22 
3 19 -15 -17 10 13 1 1 6 20 7 16 19 11 20 11 10 -11 -16 22 
18 19 7 0 15 3 0 2 23 1 8 7 -6 20 19 -18 0 5 12 1 
12 -4 17 13 -9 -8 -21 -23 1 10 17 3 6 15 0 17 23 10 22 -9 
8 6 13 6 19 16 10 12 3 10 8 16 -7 13 -12 -5 -9 4 2 18 
9 5 13 21 12 18 7 5 4 22 20 16 -22 -10 -14 9 -8 15 0 11 
12 -9 11 17 -4 -16 2 8 -17 -15 -7 -4 20 -9 1 23 22 4 0 -3 
-3 0 4 22 23 1 -9 20 -4 -7 -15 -17 8 2 -16 -4 17 11 -9 12 
11 0 15 -8 9 -14 -10 -22 16 20 22 4 5 7 18 12 21 13 5 9 
18 2 4 -9 -5 -12 13 -7 16 8 10 3 12 10 16 19 6 13 6 8 
-9 22 10 23 17 0 15 6 3 17 10 1 -23 -21 -8 -9 13 17 -4 12 
1 12 5 0 -18 19 20 -6 7 8 1 23 2 0 3 15 0 7 19 18 
22 -16 -11 10 11 20 11 19 16 7 20 6 1 1 13 10 -17 -15 19 3 
22 14 -15 23 23 8 -22 -19 18 7 17 19 6 21 10 -5 23 22 -6 20 
11 23 0 -9 0 15 -21 6 23 -5 23 8 12 15 23 14 6 -14 19 10 
21 3 1 -23 4 -8 22 -12 15 20 -19 21 4 7 -1 11 7 6 8 -21 
2 7 1 -17 17 -22 2 6 -11 17 -13 20 18 17 1 16 23 -18 -19 15 
31
8
7 0
0 17
10 18
19 16
18 9
9 18
10 2
5 15
12 19
19 2
9 1
0 3
1 10
10 1
9 17
14 4
14
11 13 11
15 2 13
2 4 9
13 2 11
9 15 14
6 1 15
9 8 8
8 6 11
4 17 13
17 15 9
6 17 11
10 4 14
13 18 15
10 11 8
34
12 4
18 1
9 2
1 3
15 10
18 6
15 17
16 0
14 10
8 3
13 4
17 9
13 8
7 1
16 8
9 5
8 5
7 15
1 18
10 17
18 16
4 9
1 13
4 2
3 19
5 9
11 16
6 15
2 10
6 11
12 18
3 11
10 14
11 14
