20 20
9 3 4 1 7 6 1 5 5 12 3 3 9 15 -13 7 3 10 -11 5 
5 17 2 10 -13 -15 3 9 -10 2 7 11 -6 7 -5 12 6 6 9 17 
-14 3 1 13 2 15 7 9 11 7 6 13 4 -9 -12 11 0 -2 7 -6 
11 4 11 5 4 -14 17 15 17 5 10 9 5 13 -2 -9 8 14 5 4 
11 3 4 16 12 17 17 9 17 0 17 1 17 -7 10 -11 -3 4 8 9 
14 0 1 -12 8 -16 10 9 3 10 17 5 -17 0 6 8 6 17 12 14 
3 -13 16 15 13 11 -10 8 16 5 -1 9 16 12 6 -11 7 13 8 -12 
1 2 -9 15 12 17 13 -9 -6 -12 5 -12 6 -15 9 13 6 -7 14 -7 
-14 -6 10 9 8 1 -6 10 5 11 7 11 8 12 8 -4 17 8 1 -15 
-14 16 15 5 -5 13 14 3 14 11 -6 5 2 13 -4 17 17 8 -10 7 
7 -10 8 17 17 -4 13 2 5 -6 11 14 3 14 13 -5 5 15 16 -14 
-15 1 8 17 -4 8 12 8 11 7 11 5 10 -6 1 8 9 10 -6 -14 
-7 14 -7 6 13 9 -15 6 -12 5 -12 -6 -9 13 17 12 15 -9 2 1 
-12 8 13 7 -11 6 12 16 9 -1 5 16 8 -10 11 13 15 16 -13 3 
14 12 17 6 8 6 0 -17 5 17 10 3 9 10 -16 8 -12 1 0 14 
9 8 4 -3 -11 10 -7 17 1 17 0 17 9 17 17 12 16 4 3 11 
4 5 14 8 -9 -2 13 5 9 10 5 17 15 17 -14 4 5 11 4 11 
-6 7 -2 0 11 -12 -9 4 13 6 7 11 9 7 15 2 13 1 3 -14 
17 9 6 6 12 -5 7 -6 11 7 2 -10 9 3 -15 -13 10 2 17 5 
5 -11 10 3 7 -13 15 9 3 3 12 5 5 1 6 7 1 4 3 9 
32
6
6 12
8 11
17 4
17 8
2 19
14 17
13 7
11 8
2 15
2 11
17 0
5 2
20
9 4 14
14 13 8
19 18 9
3 19 14
0 9 14
0 14 13
17 19 11
1 16 9
10 16 11
18 14 14
10 15 14
5 6 8
0 1 9
16 0 14
19 10 14
19 5 13
2 0 11
18 3 9
9 3 11
1 5 14
32
2 17
19 4
19 8
11 18
8 5
14 12
13 0
17 14
5 11
7 5
12 15
16 2
6 2
14 5
3 14
4 9
17 2
0 15
0 11
8 1
11 14
5 7
6 19
2 5
14 8
12 14
7 4
3 17
13 17
5 14
16 5
15 10
