20 20
10 3 1 0 -1 4 6 0 1 1 3 4 6 7 1 5 2 9 4 -6 
3 3 10 8 8 6 8 8 1 4 6 -1 6 7 6 -4 9 7 -5 6 
5 2 7 6 1 8 -10 -3 9 -2 6 -9 1 8 6 6 9 5 4 -1 
4 3 7 9 3 3 -5 4 -3 2 0 -1 3 1 4 -9 -9 1 10 4 
1 -7 -7 2 -6 10 1 5 1 3 -1 7 4 4 2 2 4 -3 1 3 
6 8 -8 10 5 3 7 5 -9 2 5 2 -1 0 10 9 6 0 1 1 
-6 10 6 -2 6 3 9 4 7 -8 -4 10 1 5 -4 1 -2 4 9 8 
1 7 -6 10 6 0 -2 1 10 4 -1 1 1 2 3 3 8 4 9 -8 
7 0 -9 5 2 2 8 0 -3 3 6 2 8 -9 8 9 -3 -7 9 5 
3 7 5 7 -8 9 4 -9 -1 5 4 -6 9 5 -3 1 5 0 1 4 
4 1 0 5 1 -3 5 9 -6 4 5 -1 -9 4 9 -8 7 5 7 3 
5 9 -7 -3 9 8 -9 8 2 6 3 -3 0 8 2 2 5 -9 0 7 
-8 9 4 8 3 3 2 1 1 -1 4 10 1 -2 0 6 10 -6 7 1 
8 9 4 -2 1 -4 5 1 10 -4 -8 7 4 9 3 6 -2 6 10 -6 
1 1 0 6 9 10 0 -1 2 5 2 -9 5 7 3 5 10 -8 8 6 
3 1 -3 4 2 2 4 4 7 -1 3 1 5 1 10 -6 2 -7 -7 1 
4 10 1 -9 -9 4 1 3 -1 0 2 -3 4 -5 3 3 9 7 3 4 
-1 4 5 9 6 6 8 1 -9 6 -2 9 -3 -10 8 1 6 7 2 5 
6 -5 7 9 -4 6 7 6 -1 6 4 1 8 8 6 8 8 10 3 3 
-6 4 9 2 5 1 7 6 4 3 1 1 0 6 4 -1 0 1 3 10 
48
7
17 19
18 2
2 9
6 7
17 14
11 2
12 16
2 0
1 17
17 10
13 12
2 5
8 17
7 3
18
5 6 15
19 12 13
14 17 12
8 7 14
10 2 15
15 19 13
10 6 13
9 0 15
10 3 9
14 13 15
0 7 13
5 2 12
11 12 14
9 17 15
4 0 13
9 13 13
10 19 15
9 16 9
34
0 3
17 2
16 12
10 14
3 2
4 10
14 18
4 1
9 3
0 19
17 1
11 15
6 13
3 14
5 9
6 19
9 14
19 16
2 17
3 7
9 5
16 17
15 9
5 1
15 18
10 16
19 0
2 18
8 4
13 6
16 5
14 10
13 0
10 5
