20 20
1 0 -3 -2 0 1 2 -4 3 2 -4 1 2 1 3 2 3 -4 2 4 
3 3 0 4 2 4 2 4 3 -3 0 1 3 1 1 0 4 4 1 4 
-3 3 -1 -1 2 -4 -1 2 -1 0 0 4 3 3 0 0 4 4 4 0 
2 -2 0 1 2 0 -4 2 2 0 4 3 1 0 2 1 0 2 -1 1 
-3 1 0 4 2 1 3 3 1 3 4 1 1 1 3 -2 -1 0 -1 -3 
0 4 -3 4 4 3 3 3 3 -4 3 1 1 1 2 3 -3 0 1 -2 
-1 2 3 -3 4 -3 3 -4 4 2 2 2 0 -2 2 1 3 2 4 3 
-1 1 2 3 4 4 -2 3 3 2 3 4 2 4 4 2 -2 1 -3 1 
2 2 4 3 2 0 0 4 2 1 3 3 1 1 -1 0 -3 4 4 1 
2 0 1 2 4 2 -3 -3 4 2 3 3 4 -3 0 1 1 -1 4 1 
1 4 -1 1 1 0 -3 4 3 3 2 4 -3 -3 2 4 2 1 0 2 
1 4 4 -3 0 -1 1 1 3 3 1 2 4 0 0 2 3 4 2 2 
1 -3 1 -2 2 4 4 2 4 3 2 3 3 -2 4 4 3 2 1 -1 
3 4 2 3 1 2 -2 0 2 2 2 4 -4 3 -3 4 -3 3 2 -1 
-2 1 0 -3 3 2 1 1 1 3 -4 3 3 3 3 4 4 -3 4 0 
-3 -1 0 -1 -2 3 1 1 1 4 3 1 3 3 1 2 4 0 1 -3 
1 -1 2 0 1 2 0 1 3 4 0 2 2 -4 0 2 1 0 -2 2 
0 4 4 4 0 0 3 3 4 0 0 -1 2 -1 -4 2 -1 -1 3 -3 
4 1 4 4 0 1 1 3 1 0 -3 3 4 2 4 2 4 0 3 3 
4 2 -4 3 2 3 1 2 1 -4 2 3 -4 2 1 0 -2 -3 0 1 
60
3
10 2
5 11
19 5
9 17
14 8
0 14
16
17 4 11
0 12 11
17 14 10
3 12 8
10 16 13
19 1 12
4 8 11
3 15 13
2 15 11
19 7 11
2 5 10
16 7 8
9 3 13
0 18 12
15 11 11
16 4 13
30
12 4
11 14
9 10
4 3
10 6
8 4
12 5
11 17
18 11
3 10
3 19
19 8
1 14
14 0
5 18
7 15
8 5
10 9
15 16
9 13
11 15
7 14
8 2
1 8
16 9
16 0
0 11
18 5
5 19
14 1
