20 20
4 -2 0 4 -4 0 3 -2 1 -2 4 0 3 -1 4 2 -4 4 2 2 
4 4 -1 0 -1 4 1 3 3 1 0 4 1 2 -1 4 2 4 2 3 
2 0 4 2 -1 -2 3 1 2 1 2 1 3 -1 3 -4 -3 1 4 1 
2 2 1 2 1 3 -4 2 3 0 2 -4 3 3 -4 1 -4 2 3 3 
1 0 0 2 -4 4 0 -3 2 2 0 1 1 3 1 1 4 0 3 4 
1 1 0 0 1 -4 4 1 -1 0 4 4 4 -4 3 4 3 3 0 3 
-4 1 3 -3 1 4 1 -4 -2 3 -1 -2 0 4 4 -1 2 -1 1 1 
-2 3 4 2 4 1 -2 3 2 1 2 4 1 2 2 3 4 1 -4 3 
1 2 1 3 0 1 1 4 2 2 3 4 -3 2 1 -1 0 4 2 1 
1 3 3 4 1 0 1 0 2 0 -1 4 -4 -4 4 1 1 4 2 3 
3 2 4 1 1 4 -4 -4 4 -1 0 2 0 1 0 1 4 3 3 1 
1 2 4 0 -1 1 2 -3 4 3 2 2 4 1 1 0 3 1 2 1 
3 -4 1 4 3 2 2 1 4 2 1 2 3 -2 1 4 2 4 3 -2 
1 1 -1 2 -1 4 4 0 -2 -1 3 -2 -4 1 4 1 -3 3 1 -4 
3 0 3 3 4 3 -4 4 4 4 0 -1 1 4 -4 1 0 0 1 1 
4 3 0 4 1 1 3 1 1 0 2 2 -3 0 4 -4 2 0 0 1 
3 3 2 -4 1 -4 3 3 -4 2 0 3 2 -4 3 1 2 1 2 2 
1 4 1 -3 -4 3 -1 3 1 2 1 2 1 3 -2 -1 2 4 0 2 
3 2 4 2 4 -1 2 1 4 0 1 3 3 1 4 -1 0 -1 4 4 
2 2 4 -4 2 4 -1 3 0 4 -2 1 -2 3 0 -4 4 0 -2 4 
59
7
12 8
5 6
9 17
18 6
19 9
3 9
7 16
7 11
14 13
10 2
1 13
0 10
16 10
12 3
16
9 15 11
6 17 13
6 10 8
13 3 8
7 4 15
13 10 12
14 9 10
17 13 13
10 4 11
13 2 13
13 9 8
6 16 8
12 15 15
6 9 12
5 10 10
2 6 13
38
1 10
9 10
5 7
7 14
11 9
0 17
9 5
13 1
3 4
14 17
10 6
8 5
12 6
3 2
12 13
17 19
14 7
16 8
18 11
18 9
10 9
14 12
12 5
8 10
19 2
10 14
6 18
16 15
5 2
9 13
11 14
7 13
16 17
7 6
2 0
5 12
3 11
1 8
