20 20
-21 25 23 8 8 10 11 1 13 23 12 18 21 0 14 -7 21 15 17 13 
3 -20 24 13 12 -8 2 21 19 18 21 10 14 -22 18 8 23 -5 -23 21 
8 22 9 14 5 2 4 -24 6 -7 -20 -12 -6 9 8 -21 7 -11 14 7 
-15 18 20 21 1 1 9 8 7 25 6 -4 -20 -14 15 -5 23 -18 20 6 
8 18 17 6 20 6 6 23 7 -16 -4 24 24 9 16 19 7 -15 14 23 
-18 24 17 24 -15 0 -3 24 14 -20 5 -21 -24 8 0 8 -23 21 24 11 
12 6 7 3 23 7 21 6 -25 5 20 -3 18 16 19 6 7 1 -14 12 
-21 -16 -10 4 2 11 -13 10 15 25 12 22 24 8 21 16 6 -11 0 18 
5 8 5 4 -5 14 1 23 -19 -7 20 14 -16 -15 2 -15 13 8 19 15 
2 0 19 7 18 -2 1 23 0 6 -7 24 1 13 20 7 6 -22 1 -9 
-9 1 -22 6 7 20 13 1 24 -7 6 0 23 1 -2 18 7 19 0 2 
15 19 8 13 -15 2 -15 -16 14 20 -7 -19 23 1 14 -5 4 5 8 5 
18 0 -11 6 16 21 8 24 22 12 25 15 10 -13 11 2 4 -10 -16 -21 
12 -14 1 7 6 19 16 18 -3 20 5 -25 6 21 7 23 3 7 6 12 
11 24 21 -23 8 0 8 -24 -21 5 -20 14 24 -3 0 -15 24 17 24 -18 
23 14 -15 7 19 16 9 24 24 -4 -16 7 23 6 6 20 6 17 18 8 
6 20 -18 23 -5 15 -14 -20 -4 6 25 7 8 9 1 1 21 20 18 -15 
7 14 -11 7 -21 8 9 -6 -12 -20 -7 6 -24 4 2 5 14 9 22 8 
21 -23 -5 23 8 18 -22 14 10 21 18 19 21 2 -8 12 13 24 -20 3 
13 17 15 21 -7 14 0 21 18 12 23 13 1 11 10 8 8 23 25 -21 
32
8
0 1
7 8
2 4
7 1
11 16
0 6
2 18
3 19
19 18
12 11
17 15
12 18
8 3
19 13
17 1
16 0
16
16 11 8
7 16 12
19 4 10
18 9 13
0 11 9
13 11 12
17 5 8
7 17 10
3 8 8
12 3 12
0 15 10
1 10 13
19 8 9
6 8 12
2 14 8
12 2 10
28
2 3
13 14
7 11
8 4
17 10
13 1
17 13
7 10
4 5
12 19
15 3
8 13
15 12
9 16
17 16
6 5
12 8
11 15
2 9
6 18
2 6
12 9
15 14
7 0
4 16
11 6
4 7
10 3
