20 20
-4 24 19 4 25 5 9 3 -28 1 11 12 2 22 9 17 6 3 -19 22 
-15 5 6 11 -21 -9 20 -22 6 12 13 6 -20 -15 28 10 15 15 7 22 
-27 13 14 1 24 -6 -25 20 -11 18 10 -4 12 -25 14 3 15 1 -4 -28 
2 25 -14 15 27 15 -3 25 22 1 3 9 23 25 21 -21 17 24 4 -2 
11 26 7 7 23 9 2 -12 12 12 18 28 -19 14 17 16 18 21 -1 4 
-6 6 25 8 -22 -25 0 -1 22 20 18 -10 9 3 17 17 18 -9 -12 1 
1 10 25 3 23 15 28 6 23 -14 -28 8 16 19 3 3 19 21 -2 10 
21 12 14 -4 -23 13 13 3 20 -27 8 28 8 -5 17 5 26 18 2 4 
25 24 13 3 6 13 18 -7 21 5 8 6 6 2 -20 23 26 5 8 25 
13 -23 -28 22 27 17 -13 28 -10 23 -16 -16 8 -4 6 28 7 28 -26 24 
24 -26 28 7 28 6 -4 8 -16 -16 23 -10 28 -13 17 27 22 -28 -23 13 
25 8 5 26 23 -20 2 6 6 8 5 21 -7 18 13 6 3 13 24 25 
4 2 18 26 5 17 -5 8 28 8 -27 20 3 13 13 -23 -4 14 12 21 
10 -2 21 19 3 3 19 16 8 -28 -14 23 6 28 15 23 3 25 10 1 
1 -12 -9 18 17 17 3 9 -10 18 20 22 -1 0 -25 -22 8 25 6 -6 
4 -1 21 18 16 17 14 -19 28 18 12 12 -12 2 9 23 7 7 26 11 
-2 4 24 17 -21 21 25 23 9 3 1 22 25 -3 15 27 15 -14 25 2 
-28 -4 1 15 3 14 -25 12 -4 10 18 -11 20 -25 -6 24 1 14 13 -27 
22 7 15 15 10 28 -15 -20 6 13 12 6 -22 20 -9 -21 11 6 5 -15 
22 -19 3 6 17 9 22 2 12 11 1 -28 3 9 5 25 4 19 24 -4 
51
8
9 15
7 15
0 12
13 10
7 6
17 16
17 4
1 14
10 4
12 4
19 7
6 9
12 13
2 3
2 15
18 5
18
8 6 14
4 14 16
9 19 8
0 2 16
3 14 12
9 7 11
19 12 9
14 8 11
8 7 12
11 13 14
15 5 16
10 0 8
19 17 16
16 5 12
10 12 11
0 7 9
5 11 11
11 12 12
34
7 16
17 0
18 16
17 10
19 1
5 10
11 2
8 10
5 16
16 8
6 5
10 11
14 6
2 13
10 2
6 16
4 1
12 3
2 19
1 3
2 9
0 18
14 9
8 17
11 9
14 3
3 11
13 14
9 8
5 13
17 6
9 17
13 3
15 18
