20 20
14 14 8 8 -12 -6 3 -8 3 4 -3 11 6 3 13 -9 -5 -4 10 8 
14 13 -5 -4 7 3 -13 11 -10 8 7 2 6 0 -2 11 10 3 10 8 
2 2 12 -11 11 0 6 7 7 2 1 0 14 10 0 13 9 2 9 2 
0 -8 -6 2 1 10 9 8 -7 10 1 -3 12 -11 1 11 2 1 10 1 
6 5 4 -7 12 3 2 12 10 7 11 1 12 2 -10 0 12 9 14 14 
-3 2 7 11 4 -4 -9 -13 3 -1 12 12 2 5 0 5 10 7 5 9 
9 13 12 14 -6 -7 3 3 10 12 -13 9 -3 0 -1 -8 -11 12 -5 10 
13 4 10 11 2 7 5 3 12 12 10 10 1 6 14 -7 13 -12 8 12 
2 11 13 7 9 -14 2 5 2 7 12 8 3 -14 3 11 1 2 -3 10 
6 -10 3 6 -5 -8 12 12 0 -8 2 3 6 3 -5 0 4 5 9 1 
1 9 5 4 0 -5 3 6 3 2 -8 0 12 12 -8 -5 6 3 -10 6 
10 -3 2 1 11 3 -14 3 8 12 7 2 5 2 -14 9 7 13 11 2 
12 8 -12 13 -7 14 6 1 10 10 12 12 3 5 7 2 11 10 4 13 
10 -5 12 -11 -8 -1 0 -3 9 -13 12 10 3 3 -7 -6 14 12 13 9 
9 5 7 10 5 0 5 2 12 12 -1 3 -13 -9 -4 4 11 7 2 -3 
14 14 9 12 0 -10 2 12 1 11 7 10 12 2 3 12 -7 4 5 6 
1 10 1 2 11 1 -11 12 -3 1 10 -7 8 9 10 1 2 -6 -8 0 
2 9 2 9 13 0 10 14 0 1 2 7 7 6 0 11 -11 12 2 2 
8 10 3 10 11 -2 0 6 2 7 8 -10 11 -13 3 7 -4 -5 13 14 
8 10 -4 -5 -9 13 3 6 11 -3 4 3 -8 3 -6 -12 8 8 14 14 
34
3
19 11
14 5
15 17
0 8
5 14
4 2
6
8 1 9
6 8 12
2 12 12
11 18 9
13 11 12
17 7 12
26
19 8
2 16
12 8
3 9
8 9
8 12
5 6
0 4
6 0
16 0
5 4
4 19
6 7
0 11
17 3
7 11
16 10
11 10
11 7
14 13
19 15
13 19
3 19
14 15
15 0
13 12
