20 20
13 14 8 -7 8 11 -1 8 3 1 3 4 14 1 11 14 4 16 3 10 
6 15 10 0 14 5 4 15 -15 0 -12 5 15 7 -3 10 7 -14 -8 3 
-5 9 13 12 -13 1 14 16 -9 8 3 11 14 12 10 1 10 7 -5 16 
5 10 16 -4 -1 12 -13 11 10 9 10 8 0 13 2 12 16 11 14 -12 
12 4 -8 8 3 -12 1 3 -4 11 6 -3 4 11 6 12 8 -2 -12 9 
6 -9 7 15 2 11 -16 -14 2 -2 12 10 3 -15 9 5 2 3 6 -2 
-7 9 7 -4 12 8 -12 -11 13 11 2 6 6 4 -6 16 7 9 12 16 
-4 -2 -9 -2 9 7 14 -3 -6 15 3 4 -11 5 7 16 -7 7 15 11 
1 15 6 -11 8 10 16 -1 4 15 14 2 16 0 12 -8 -13 12 -11 10 
7 4 -16 2 2 -9 2 13 -13 -9 7 10 -14 11 13 10 -14 14 9 8 
8 9 14 -14 10 13 11 -14 10 7 -9 -13 13 2 -9 2 2 -16 4 7 
10 -11 12 -13 -8 12 0 16 2 14 15 4 -1 16 10 8 -11 6 15 1 
11 15 7 -7 16 7 5 -11 4 3 15 -6 -3 14 7 9 -2 -9 -2 -4 
16 12 9 7 16 -6 4 6 6 2 11 13 -11 -12 8 12 -4 7 9 -7 
-2 6 3 2 5 9 -15 3 10 12 -2 2 -14 -16 11 2 15 7 -9 6 
9 -12 -2 8 12 6 11 4 -3 6 11 -4 3 1 -12 3 8 -8 4 12 
-12 14 11 16 12 2 13 0 8 10 9 10 11 -13 12 -1 -4 16 10 5 
16 -5 7 10 1 10 12 14 11 3 8 -9 16 14 1 -13 12 13 9 -5 
3 -8 -14 7 10 -3 7 15 5 -12 0 -15 15 4 5 14 0 10 15 6 
10 3 16 4 14 11 1 14 4 3 1 3 8 -1 11 8 -7 8 14 13 
31
7
4 14
14 1
8 0
14 17
0 1
12 18
19 17
15 5
5 18
11 19
5 2
19 18
7 1
0 2
20
9 1 16
11 1 10
3 6 13
5 9 13
16 9 11
14 2 13
4 18 16
2 1 13
16 5 8
6 0 13
10 18 16
8 18 10
16 13 13
14 10 13
3 10 11
5 17 13
15 1 16
17 18 13
3 14 8
13 19 13
38
9 18
2 19
8 4
7 12
10 19
7 16
1 6
2 8
8 15
15 2
15 16
16 19
12 1
1 15
5 13
13 7
3 19
16 7
0 19
10 1
17 0
11 15
12 7
9 0
12 3
18 13
17 11
11 4
4 17
4 3
3 0
7 18
18 4
14 6
6 12
16 0
3 12
19 0
