20 20
1 -25 15 -2 16 23 -10 12 7 12 -20 19 -27 13 27 -7 13 1 16 2 
-25 18 20 19 12 14 -22 25 19 0 4 13 -13 6 19 23 -21 1 8 25 
5 13 5 0 -5 -18 27 -14 -12 22 21 23 14 12 21 24 4 21 20 12 
-10 5 11 -20 21 -14 5 5 15 27 20 -14 18 9 -23 3 20 25 17 -24 
16 9 11 -7 5 -13 21 10 5 13 -15 7 0 21 -14 15 15 27 5 21 
19 16 7 -24 -10 14 20 16 2 5 27 13 13 -7 -22 -21 -14 27 6 4 
24 5 -19 13 6 1 1 4 0 -27 11 0 -15 21 18 27 14 18 3 6 
12 20 26 3 18 3 26 0 -11 8 3 15 -21 0 23 13 -20 -22 23 -9 
19 1 8 16 27 24 19 -9 -8 11 21 14 -24 -17 5 17 1 -18 -22 -4 
3 -15 -9 7 4 17 22 26 19 16 23 11 1 0 7 16 11 -9 6 13 
13 6 -9 11 16 7 0 1 11 23 16 19 26 22 17 4 7 -9 -15 3 
-4 -22 -18 1 17 5 -17 -24 14 21 11 -8 -9 19 24 27 16 8 1 19 
-9 23 -22 -20 13 23 0 -21 15 3 8 -11 0 26 3 18 3 26 20 12 
6 3 18 14 27 18 21 -15 0 11 -27 0 4 1 1 6 13 -19 5 24 
4 6 27 -14 -21 -22 -7 13 13 27 5 2 16 20 14 -10 -24 7 16 19 
21 5 27 15 15 -14 21 0 7 -15 13 5 10 21 -13 5 -7 11 9 16 
-24 17 25 20 3 -23 9 18 -14 20 27 15 5 5 -14 21 -20 11 5 -10 
12 20 21 4 24 21 12 14 23 21 22 -12 -14 27 -18 -5 0 5 13 5 
25 8 1 -21 23 19 6 -13 13 4 0 19 25 -22 14 12 19 20 18 -25 
2 16 1 13 -7 27 13 -27 19 -20 12 7 12 -10 23 16 -2 15 -25 1 
47
5
5 4
2 14
16 6
18 5
4 3
14 15
17 5
3 13
1 14
15 16
8
17 11 14
4 11 10
4 2 9
18 15 8
2 8 14
15 8 10
15 17 9
1 4 8
34
18 14
16 5
13 10
8 12
17 16
12 2
7 18
3 19
6 11
3 11
8 16
2 5
15 3
3 15
12 11
15 14
12 16
1 5
3 14
6 9
11 7
2 3
7 17
12 1
16 0
13 8
16 8
11 3
17 14
4 16
16 4
7 8
4 5
7 3
