20 20
-7 6 3 2 -3 4 1 -10 7 4 9 10 -3 0 1 -1 10 8 1 6 
5 4 -9 0 -10 7 10 2 9 4 4 -2 9 3 3 8 4 9 9 -10 
3 -4 5 9 2 4 3 8 9 0 -9 1 1 -6 3 10 9 1 4 -10 
-4 2 5 7 5 6 2 -10 3 3 5 2 6 1 9 7 5 7 5 -3 
2 -9 5 7 10 -7 -9 6 10 2 -9 9 10 -8 5 3 1 2 -5 -3 
3 2 -8 0 4 0 -4 7 9 7 1 -2 -3 2 5 -1 5 3 -9 10 
3 -7 -4 3 8 10 10 8 10 8 6 -4 -7 10 2 -1 5 9 9 -5 
-5 -10 -3 8 -4 7 4 8 -8 -8 7 6 -3 1 6 9 8 0 4 9 
-5 -10 4 7 -7 2 8 6 7 6 2 6 1 7 3 9 7 8 5 8 
-10 2 6 5 9 0 5 8 0 3 10 8 6 6 6 -8 -2 -4 8 -3 
-3 8 -4 -2 -8 6 6 6 8 10 3 0 8 5 0 9 5 6 2 -10 
8 5 8 7 9 3 7 1 6 2 6 7 6 8 2 -7 7 4 -10 -5 
9 4 0 8 9 6 1 -3 6 7 -8 -8 8 4 7 -4 8 -3 -10 -5 
-5 9 9 5 -1 2 10 -7 -4 6 8 10 8 10 10 8 3 -4 -7 3 
10 -9 3 5 -1 5 2 -3 -2 1 7 9 7 -4 0 4 0 -8 2 3 
-3 -5 2 1 3 5 -8 10 9 -9 2 10 6 -9 -7 10 7 5 -9 2 
-3 5 7 5 7 9 1 6 2 5 3 3 -10 2 6 5 7 5 2 -4 
-10 4 1 9 10 3 -6 1 1 -9 0 9 8 3 4 2 9 5 -4 3 
-10 9 9 4 8 3 3 9 -2 4 4 9 2 10 7 -10 0 -9 4 5 
6 1 8 10 -1 1 0 -3 10 9 4 7 -10 1 4 -3 2 3 6 -7 
38
2
18 12
19 17
1 7
0 2
14
12 18 10
1 3 14
3 8 16
15 3 9
2 4 14
15 1 12
5 7 8
7 1 10
18 16 14
16 11 16
4 16 9
17 15 14
4 18 12
14 12 8
36
2 18
17 5
1 13
17 3
19 0
8 9
12 17
1 9
14 5
8 19
13 18
19 9
4 15
8 12
8 18
8 11
17 7
8 13
17 1
2 14
18 6
2 16
0 19
11 10
7 2
18 10
5 14
11 0
6 1
0 10
15 4
11 7
11 1
11 8
2 12
11 6
