20 20
-6 9 5 15 14 16 1 18 11 6 16 10 13 14 8 -16 15 -4 -8 4 
9 6 5 1 13 5 16 7 12 15 17 -13 -1 4 5 -1 17 5 -13 10 
14 -2 4 9 15 18 -9 -13 17 6 14 16 0 16 -3 11 -6 16 4 2 
18 13 7 12 16 17 1 13 9 10 1 4 9 -18 -1 -4 16 9 -8 9 
18 -1 -8 17 10 0 2 3 0 -5 5 11 1 9 16 1 -13 5 1 17 
8 -16 -3 8 -5 -7 10 10 5 -18 -9 -16 18 2 -13 14 18 18 -11 2 
-15 16 16 18 -16 7 18 1 12 2 -8 3 -17 3 -1 5 4 18 12 0 
-13 8 9 8 2 6 16 -8 5 8 -11 -18 8 8 -2 6 -11 1 -6 10 
1 -15 4 9 7 -5 4 1 10 2 1 11 17 -11 -16 -7 3 9 17 -18 
4 -8 11 11 -4 18 16 17 11 -10 -7 -7 0 16 8 10 12 -15 -12 -5 
-5 -12 -15 12 10 8 16 0 -7 -7 -10 11 17 16 18 -4 11 11 -8 4 
-18 17 9 3 -7 -16 -11 17 11 1 2 10 1 4 -5 7 9 4 -15 1 
10 -6 1 -11 6 -2 8 8 -18 -11 8 5 -8 16 6 2 8 9 8 -13 
0 12 18 4 5 -1 3 -17 3 -8 2 12 1 18 7 -16 18 16 16 -15 
2 -11 18 18 14 -13 2 18 -16 -9 -18 5 10 10 -7 -5 8 -3 -16 8 
17 1 5 -13 1 16 9 1 11 5 -5 0 3 2 0 10 17 -8 -1 18 
9 -8 9 16 -4 -1 -18 9 4 1 10 9 13 1 17 16 12 7 13 18 
2 4 16 -6 11 -3 16 0 16 14 6 17 -13 -9 18 15 9 4 -2 14 
10 -13 5 17 -1 5 4 -1 -13 17 15 12 7 16 5 13 1 5 6 9 
4 -8 -4 15 -16 8 14 13 10 16 6 11 18 1 16 14 15 5 9 -6 
57
2
15 12
11 7
4 7
8 12
16
6 19 16
4 2 12
4 12 13
13 16 9
4 11 11
10 5 16
8 2 11
0 3 12
13 0 16
15 17 12
15 7 13
6 3 9
15 8 11
9 14 16
11 17 11
19 16 12
38
16 5
4 13
1 12
19 12
16 3
15 13
18 17
6 16
5 6
12 2
15 11
12 9
2 12
4 14
5 8
14 18
10 17
13 9
12 8
3 14
15 6
18 7
0 7
3 16
4 6
1 2
13 3
14 13
7 17
4 8
7 10
17 7
15 5
14 11
5 1
9 2
6 10
7 11
