20 20
4 2 8 -1 10 -9 8 -4 9 11 5 -4 0 4 8 6 -7 1 9 8 
3 2 2 10 -8 -8 10 8 1 -9 0 2 -1 2 2 1 3 -6 1 7 
7 11 -8 0 10 11 4 5 11 1 -10 6 1 1 1 3 4 -8 8 5 
4 -11 11 -3 -10 2 4 5 1 9 -9 -10 9 -8 6 4 8 -6 7 3 
10 6 -5 3 10 -2 -5 -2 8 1 -2 7 9 -10 2 9 -3 11 10 -7 
8 -1 10 4 3 4 4 6 8 7 -1 10 7 1 0 -1 2 11 5 -4 
8 11 0 11 -10 8 11 -2 4 8 4 -5 3 1 11 9 -10 2 2 1 
9 -8 5 2 8 9 3 0 10 9 9 5 1 2 1 4 11 5 7 3 
6 -9 -1 6 -6 1 11 10 -8 -3 -11 5 2 -1 8 7 -4 11 9 2 
-5 -4 3 -3 8 3 -7 -7 6 5 9 -10 1 8 11 -3 5 10 3 6 
6 3 10 5 -3 11 8 1 -10 9 5 6 -7 -7 3 8 -3 3 -4 -5 
2 9 11 -4 7 8 -1 2 5 -11 -3 -8 10 11 1 -6 6 -1 -9 6 
3 7 5 11 4 1 2 1 5 9 9 10 0 3 9 8 2 5 -8 9 
1 2 2 -10 9 11 1 3 -5 4 8 4 -2 11 8 -10 11 0 11 8 
-4 5 11 2 -1 0 1 7 10 -1 7 8 6 4 4 3 4 10 -1 8 
-7 10 11 -3 9 2 -10 9 7 -2 1 8 -2 -5 -2 10 3 -5 6 10 
3 7 -6 8 4 6 -8 9 -10 -9 9 1 5 4 2 -10 -3 11 -11 4 
5 8 -8 4 3 1 1 1 6 -10 1 11 5 4 11 10 0 -8 11 7 
7 1 -6 3 1 2 2 -1 2 0 -9 1 8 10 -8 -8 10 2 2 3 
8 9 1 -7 6 8 4 0 -4 5 11 9 -4 8 -9 10 -1 8 2 4 
37
8
16 13
9 6
13 9
2 9
4 15
13 18
16 10
15 17
3 6
10 13
6 10
17 10
15 4
6 1
3 9
4 2
20
1 8 13
12 15 11
6 9 15
3 1 8
1 3 14
10 18 16
13 15 15
2 19 11
4 8 12
9 0 13
18 11 13
7 4 11
13 10 15
16 18 8
18 16 14
9 1 16
6 4 15
17 0 11
15 11 12
10 19 13
26
16 17
12 3
16 12
17 8
3 15
18 0
12 19
13 16
0 14
17 14
9 14
2 16
9 8
3 2
7 16
3 7
2 11
16 4
1 19
7 0
6 3
19 5
2 5
10 5
17 3
10 11
