20 20
-3 3 1 1 2 4 0 -2 1 2 3 1 -4 -4 1 -4 3 -2 -4 4 
2 -2 -1 0 3 -2 4 2 1 2 1 0 -2 0 0 2 1 3 3 0 
3 4 1 0 -2 -2 -3 1 4 -3 2 4 -3 4 4 4 2 -2 3 4 
1 1 -3 4 4 4 3 -4 4 1 4 0 4 1 1 1 3 3 3 2 
2 -2 -4 1 2 3 3 2 3 0 -2 -1 0 3 4 2 4 0 4 3 
4 1 -3 4 0 0 1 0 4 -4 4 0 0 3 3 3 -3 3 3 1 
-1 -3 4 2 1 4 2 2 -2 3 4 1 4 -4 1 2 0 -4 3 4 
3 -1 2 4 0 1 2 2 1 2 3 3 3 2 3 3 4 4 -1 3 
2 3 1 4 4 4 -1 4 4 -2 2 -1 3 1 0 -2 -2 3 1 2 
0 4 -2 3 2 2 3 2 2 3 -1 2 -2 2 3 1 -1 2 2 4 
4 2 2 -1 1 3 2 -2 2 -1 3 2 2 3 2 2 3 -2 4 0 
2 1 3 -2 -2 0 1 3 -1 2 -2 4 4 -1 4 4 4 1 3 2 
3 -1 4 4 3 3 2 3 3 3 2 1 2 2 1 0 4 2 -1 3 
4 3 -4 0 2 1 -4 4 1 4 3 -2 2 2 4 1 2 4 -3 -1 
1 3 3 -3 3 3 3 0 0 4 -4 4 0 1 0 0 4 -3 1 4 
3 4 0 4 2 4 3 0 -1 -2 0 3 2 3 3 2 1 -4 -2 2 
2 3 3 3 1 1 1 4 0 4 1 4 -4 3 4 4 4 -3 1 1 
4 3 -2 2 4 4 4 -3 4 2 -3 4 1 -3 -2 -2 0 1 4 3 
0 3 3 1 2 0 0 -2 0 1 2 1 2 4 -2 3 0 -1 -2 2 
4 -4 -2 3 -4 1 -4 -4 1 3 2 1 -2 0 4 2 1 1 3 -3 
53
7
16 3
1 13
2 4
18 12
14 15
19 13
7 19
3 16
18 6
17 15
1 7
5 4
0 6
12 0
8
0 9 9
8 4 15
19 6 8
18 7 12
19 10 9
11 15 15
0 13 8
1 12 12
30
1 17
4 5
10 2
16 1
4 6
15 1
19 9
4 19
0 15
12 9
10 15
2 14
10 3
2 7
6 4
18 2
15 14
9 17
3 18
15 13
4 18
0 10
15 0
19 4
7 10
9 4
17 5
9 16
17 12
13 15
