20 20
10 15 15 -9 9 10 14 10 11 8 2 15 3 -16 0 11 4 16 11 -11 
6 16 0 6 -1 4 12 10 15 0 5 7 16 2 -8 5 8 -16 -12 8 
1 13 9 8 11 12 15 9 3 4 8 15 9 6 15 12 -14 -4 6 -5 
8 5 -1 6 4 -12 10 8 4 12 0 -9 10 2 8 -14 11 7 5 14 
12 5 13 -15 14 6 15 8 -6 -14 -3 14 1 5 6 1 10 11 4 -8 
2 3 2 -15 10 -7 13 1 6 12 -6 -16 15 -16 14 10 16 1 11 4 
-11 4 8 10 15 4 -3 14 -9 -3 3 -12 15 1 -5 15 12 1 1 10 
4 15 13 -10 15 2 -7 14 15 14 13 -5 14 4 7 16 0 14 9 9 
7 4 5 2 9 -8 6 16 -1 -13 3 2 10 10 13 4 -12 -12 3 13 
9 -4 15 1 8 10 3 5 8 -2 9 11 6 14 14 8 9 12 10 0 
0 10 12 9 8 14 14 6 11 9 -2 8 5 3 10 8 1 15 -4 9 
13 3 -12 -12 4 13 10 10 2 3 -13 -1 16 6 -8 9 2 5 4 7 
9 9 14 0 16 7 4 14 -5 13 14 15 14 -7 2 15 -10 13 15 4 
10 1 1 12 15 -5 1 15 -12 3 -3 -9 14 -3 4 15 10 8 4 -11 
4 11 1 16 10 14 -16 15 -16 -6 12 6 1 13 -7 10 -15 2 3 2 
-8 4 11 10 1 6 5 1 14 -3 -14 -6 8 15 6 14 -15 13 5 12 
14 5 7 11 -14 8 2 10 -9 0 12 4 8 10 -12 4 6 -1 5 8 
-5 6 -4 -14 12 15 6 9 15 8 4 3 9 15 12 11 8 9 13 1 
8 -12 -16 8 5 -8 2 16 7 5 0 15 10 12 4 -1 6 0 16 6 
-11 11 16 4 11 0 -16 3 15 2 8 11 10 14 10 9 -9 15 15 10 
41
4
12 19
16 0
15 10
10 7
7 0
3 19
4 9
9 12
6
17 1 13
3 15 14
9 0 15
2 18 13
16 4 14
10 19 15
40
18 17
9 15
18 9
16 2
12 3
16 19
10 12
5 6
15 5
19 7
17 7
15 19
17 9
6 19
7 17
18 5
17 5
14 9
19 9
5 17
1 2
10 4
1 10
3 17
7 16
3 0
9 7
14 13
4 14
0 12
2 12
4 0
2 10
13 0
12 2
1 14
2 14
5 10
0 10
14 2
