20 20
3 4 4 5 5 5 3 -5 4 0 6 2 1 -3 -5 0 1 -1 2 1 
3 2 6 5 -5 5 6 3 -4 1 -5 -4 -3 -2 3 -2 -3 5 -4 -1 
0 1 6 0 5 3 3 5 -5 5 -3 2 0 5 4 6 -4 3 5 3 
6 4 2 -6 4 5 1 4 2 2 -5 1 -3 2 5 5 -1 3 5 2 
-4 2 3 -3 2 5 5 -2 6 -4 0 0 -1 -2 -4 3 -5 6 -6 3 
5 0 4 4 6 6 -3 6 -3 5 6 4 2 2 -2 0 5 -4 4 5 
4 1 1 1 4 -3 4 3 1 -5 -3 3 2 3 6 2 2 3 0 2 
2 5 2 6 -1 -6 3 2 6 5 2 1 -4 6 3 5 6 -5 3 1 
5 3 6 -5 1 4 -1 6 1 -3 -2 4 1 1 0 -4 5 -3 2 5 
6 2 1 -5 5 -4 2 -2 3 -4 1 6 3 -4 -3 4 -4 -3 -3 -2 
-2 -3 -3 -4 4 -3 -4 3 6 1 -4 3 -2 2 -4 5 -5 1 2 6 
5 2 -3 5 -4 0 1 1 4 -2 -3 1 6 -1 4 1 -5 6 3 5 
1 3 -5 6 5 3 6 -4 1 2 5 6 2 3 -6 -1 6 2 5 2 
2 0 3 2 2 6 3 2 3 -3 -5 1 3 4 -3 4 1 1 1 4 
5 4 -4 5 0 -2 2 2 4 6 5 -3 6 -3 6 6 4 4 0 5 
3 -6 6 -5 3 -4 -2 -1 0 0 -4 6 -2 5 5 2 -3 3 2 -4 
2 5 3 -1 5 5 2 -3 1 -5 2 2 4 1 5 4 -6 2 4 6 
3 5 3 -4 6 4 5 0 2 -3 5 -5 5 3 3 5 0 6 1 0 
-1 -4 5 -3 -2 3 -2 -3 -4 -5 1 -4 3 6 5 -5 5 6 2 3 
1 2 -1 1 0 -5 -3 1 2 6 0 4 -5 3 5 5 5 4 4 3 
54
5
9 6
3 12
11 14
12 5
8 0
10 13
16 7
8 5
7 14
11 19
16
6 4 15
7 8 14
11 1 11
8 3 10
13 6 8
16 9 9
5 1 15
14 1 13
13 15 15
12 11 14
8 18 11
11 16 10
6 13 8
3 10 9
14 18 15
5 18 13
36
0 13
9 14
13 8
5 8
6 0
15 9
13 3
8 11
1 0
5 6
5 2
10 15
14 19
14 7
2 5
14 8
8 17
16 1
19 6
10 5
6 11
14 11
13 19
4 10
6 16
11 8
18 19
14 13
14 17
9 4
5 0
5 12
17 14
5 11
11 2
3 18
