20 20
9 13 27 5 9 4 -4 28 20 7 -28 -4 9 25 26 -28 10 -13 24 10 
-23 3 -25 19 23 15 20 5 7 5 27 -5 3 15 18 7 24 17 14 29 
9 -24 26 14 11 3 6 -15 10 14 21 7 5 14 2 7 3 18 -25 10 
16 1 13 27 19 12 5 -3 -5 -14 29 23 23 -11 14 27 4 25 22 -18 
19 6 22 21 0 27 27 -5 25 -8 28 13 -19 -7 9 0 8 17 7 20 
17 6 23 -2 14 -13 17 20 -8 -27 -22 4 12 -11 14 -18 20 19 27 19 
17 6 20 28 11 29 27 3 -9 22 -25 16 3 1 29 29 -27 17 9 -18 
29 18 14 13 29 -23 -20 1 14 24 17 16 -24 19 18 -16 20 4 -21 0 
21 -13 3 -10 -29 13 22 7 26 13 18 10 20 22 3 13 -15 17 -29 1 
5 27 16 1 6 1 14 25 10 18 -18 -25 22 17 16 -2 -6 23 -9 -8 
-8 -9 23 -6 -2 16 17 22 -25 -18 18 10 25 14 1 6 1 16 27 5 
1 -29 17 -15 13 3 22 20 10 18 13 26 7 22 13 -29 -10 3 -13 21 
0 -21 4 20 -16 18 19 -24 16 17 24 14 1 -20 -23 29 13 14 18 29 
-18 9 17 -27 29 29 1 3 16 -25 22 -9 3 27 29 11 28 20 6 17 
19 27 19 20 -18 14 -11 12 4 -22 -27 -8 20 17 -13 14 -2 23 6 17 
20 7 17 8 0 9 -7 -19 13 28 -8 25 -5 27 27 0 21 22 6 19 
-18 22 25 4 27 14 -11 23 23 29 -14 -5 -3 5 12 19 27 13 1 16 
10 -25 18 3 7 2 14 5 7 21 14 10 -15 6 3 11 14 26 -24 9 
29 14 17 24 7 18 15 3 -5 27 5 7 5 20 15 23 19 -25 3 -23 
10 24 -13 10 -28 26 25 9 -4 -28 7 20 28 -4 4 9 5 27 13 9 
59
4
5 14
9 2
17 2
9 10
14 5
10 17
2 17
10 9
10
18 8 14
19 18 16
14 1 14
18 7 15
8 13 10
1 11 14
0 1 16
5 18 14
1 12 15
11 6 10
32
19 12
0 5
1 18
4 18
18 9
12 18
9 13
2 11
14 8
8 11
15 10
12 2
15 19
8 19
18 11
18 16
0 7
19 14
18 1
15 1
1 10
7 1
10 6
17 8
5 11
11 8
4 9
7 17
4 0
11 0
1 8
1 3
