20 20
5 8 21 14 17 -6 10 14 16 11 -9 -22 19 -9 19 9 17 15 2 22 
9 15 9 16 7 8 -10 17 -2 4 16 0 14 18 23 5 3 7 3 -19 
14 11 10 -8 23 -15 5 20 2 1 7 -4 -8 16 20 13 1 -15 -20 1 
-22 -10 3 23 4 5 3 14 4 12 16 11 -19 11 3 13 -14 9 -6 19 
17 -12 11 20 0 12 8 -1 23 -14 15 16 19 -9 20 18 14 15 1 14 
22 22 -1 6 -3 15 16 -3 5 -13 -18 13 -3 6 -16 22 -23 11 -6 3 
9 10 20 15 2 7 19 7 14 20 15 -5 21 10 12 -3 7 -19 22 22 
12 16 16 10 2 -15 7 20 -9 -18 15 -4 23 5 14 12 0 12 7 1 
3 -3 18 19 9 1 -11 -11 -8 19 19 11 23 5 22 16 16 3 13 2 
23 11 14 20 5 -8 20 -3 5 14 9 14 18 21 19 19 20 6 22 17 
17 22 6 20 19 19 21 18 14 9 14 5 -3 20 -8 5 20 14 11 23 
2 13 3 16 16 22 5 23 11 19 19 -8 -11 -11 1 9 19 18 -3 3 
1 7 12 0 12 14 5 23 -4 15 -18 -9 20 7 -15 2 10 16 16 12 
22 22 -19 7 -3 12 10 21 -5 15 20 14 7 19 7 2 15 20 10 9 
3 -6 11 -23 22 -16 6 -3 13 -18 -13 5 -3 16 15 -3 6 -1 22 22 
14 1 15 14 18 20 -9 19 16 15 -14 23 -1 8 12 0 20 11 -12 17 
19 -6 9 -14 13 3 11 -19 11 16 12 4 14 3 5 4 23 3 -10 -22 
1 -20 -15 1 13 20 16 -8 -4 7 1 2 20 5 -15 23 -8 10 11 14 
-19 3 7 3 5 23 18 14 0 16 4 -2 17 -10 8 7 16 9 15 9 
22 2 15 17 9 19 -9 19 -22 -9 11 16 14 10 -6 17 14 21 8 5 
50
4
17 5
4 11
15 3
8 0
2 14
15 8
4 16
11 19
12
12 17 10
15 7 9
4 9 8
17 3 12
0 12 9
5 4 8
7 2 10
4 12 9
15 10 8
2 16 12
19 7 9
14 15 8
36
11 12
4 3
14 16
1 12
7 18
4 10
16 11
2 6
6 14
2 4
6 2
11 0
1 11
11 4
8 1
13 12
1 15
6 8
8 7
15 16
5 3
18 7
12 1
15 9
3 8
17 13
13 5
17 15
13 17
8 19
18 8
8 15
11 18
6 7
18 4
13 11
