20 20
23 11 9 15 2 3 21 10 19 8 14 23 3 2 7 6 7 12 6 -22 
11 17 3 8 18 20 19 8 -18 20 7 4 -4 12 9 1 1 -23 11 10 
-7 13 0 19 14 5 22 18 9 12 20 -12 3 9 -19 10 12 -8 21 4 
1 23 18 8 -20 3 -16 3 15 20 17 21 4 11 -15 23 11 -2 11 3 
14 17 17 5 14 3 12 4 18 -11 9 -22 19 5 -23 20 16 -6 21 19 
-15 -13 21 -10 15 3 11 14 -15 3 19 6 4 -21 2 4 12 -7 -22 12 
4 7 22 19 14 8 20 21 22 22 12 6 1 13 10 5 7 8 -4 17 
6 6 18 9 -14 -2 4 22 2 14 -18 22 6 2 22 9 7 4 15 8 
13 -13 4 13 -15 18 -2 23 -6 13 -7 14 13 22 12 21 6 20 10 -5 
-19 2 15 17 7 9 9 23 -7 11 11 14 7 18 13 -17 11 6 8 12 
12 8 6 11 -17 13 18 7 14 11 11 -7 23 9 9 7 17 15 2 -19 
-5 10 20 6 21 12 22 13 14 -7 13 -6 23 -2 18 -15 13 4 -13 13 
8 15 4 7 9 22 2 6 22 -18 14 2 22 4 -2 -14 9 18 6 6 
17 -4 8 7 5 10 13 1 6 12 22 22 21 20 8 14 19 22 7 4 
12 -22 -7 12 4 2 -21 4 6 19 3 -15 14 11 3 15 -10 21 -13 -15 
19 21 -6 16 20 -23 5 19 -22 9 -11 18 4 12 3 14 5 17 17 14 
3 11 -2 11 23 -15 11 4 21 17 20 15 3 -16 3 -20 8 18 23 1 
4 21 -8 12 10 -19 9 3 -12 20 12 9 18 22 5 14 19 0 13 -7 
10 11 -23 1 1 9 12 -4 4 7 20 -18 8 19 20 18 8 3 17 11 
-22 6 12 7 6 7 2 3 23 14 8 19 10 21 3 2 15 9 11 23 
39
3
17 10
0 14
18 12
2 9
19 5
1 7
16
6 1 10
11 5 13
11 6 10
7 10 16
9 1 13
14 13 13
1 4 8
2 12 10
13 18 10
8 14 13
8 13 10
12 9 16
10 18 13
5 6 13
18 15 8
17 7 10
28
6 7
0 9
18 1
1 8
4 15
16 11
4 16
13 14
0 4
15 17
11 7
13 9
2 7
12 13
13 12
19 10
1 18
18 11
15 4
3 8
15 3
6 5
19 15
4 2
8 12
6 10
17 12
7 6
