20 20
18 24 7 23 21 27 18 3 12 20 22 10 10 21 18 18 7 28 25 18 
27 13 7 25 10 11 2 13 14 5 -6 29 19 27 -27 18 19 -23 16 0 
4 29 20 21 3 26 15 -12 18 -15 0 8 21 -24 14 -16 7 26 -13 9 
14 -3 -13 5 2 30 9 10 0 24 24 26 5 -24 -10 -26 21 7 -11 25 
-2 18 7 23 8 19 -10 5 18 13 13 21 5 9 -5 4 2 5 28 23 
18 15 5 4 17 -29 3 -30 -26 16 4 15 15 0 25 -12 -4 10 11 10 
5 -21 7 -21 -16 29 15 24 26 1 -5 5 -18 14 23 3 19 23 19 13 
30 -18 30 13 20 27 12 -3 15 19 25 8 18 7 -3 -13 -15 28 9 1 
12 25 -22 -16 16 12 18 -29 12 16 -1 4 8 16 -27 24 30 21 -4 13 
-4 30 15 -4 -18 1 1 -30 1 -14 13 27 18 16 11 0 17 16 15 -21 
-21 15 16 17 0 11 16 18 27 13 -14 1 -30 1 1 -18 -4 15 30 -4 
13 -4 21 30 24 -27 16 8 4 -1 16 12 -29 18 12 16 -16 -22 25 12 
1 9 28 -15 -13 -3 7 18 8 25 19 15 -3 12 27 20 13 30 -18 30 
13 19 23 19 3 23 14 -18 5 -5 1 26 24 15 29 -16 -21 7 -21 5 
10 11 10 -4 -12 25 0 15 15 4 16 -26 -30 3 -29 17 4 5 15 18 
23 28 5 2 4 -5 9 5 21 13 13 18 5 -10 19 8 23 7 18 -2 
25 -11 7 21 -26 -10 -24 5 26 24 24 0 10 9 30 2 5 -13 -3 14 
9 -13 26 7 -16 14 -24 21 8 0 -15 18 -12 15 26 3 21 20 29 4 
0 16 -23 19 18 -27 27 19 29 -6 5 14 13 2 11 10 25 7 13 27 
18 25 28 7 18 18 21 10 10 22 20 12 3 18 27 21 23 7 24 18 
56
7
8 9
9 11
16 7
14 15
3 14
7 2
1 3
11 10
10 8
3 12
5 4
16 5
12 17
18 16
18
14 7 14
15 0 9
15 18 16
13 10 13
10 5 16
18 13 8
5 19 12
12 13 11
5 1 12
5 12 14
4 19 9
4 1 16
6 9 13
9 14 16
1 6 8
14 0 12
7 6 11
14 18 12
34
15 1
18 12
13 15
10 3
13 2
7 18
6 11
18 0
18 11
17 0
14 2
1 9
17 13
19 3
9 4
19 15
5 0
4 18
1 7
6 4
9 16
6 17
12 1
13 8
1 19
1 8
2 19
5 17
18 10
2 6
0 16
10 15
0 4
14 19
