20 20
17 13 9 2 10 -9 5 -9 5 11 6 11 0 7 21 10 -8 22 -18 8 
-21 2 12 16 17 22 10 -7 4 19 20 21 19 21 12 5 20 21 -1 10 
17 17 22 22 1 3 3 20 21 17 -11 -6 7 3 -2 11 21 21 2 14 
1 -13 -19 1 16 -1 10 12 1 11 20 -20 22 -20 14 8 2 6 16 22 
18 16 -2 17 4 11 20 22 12 -15 -12 4 -11 -21 1 -20 -5 10 5 22 
14 3 21 4 -2 -22 -5 1 14 19 10 18 13 12 -13 6 12 14 6 4 
7 15 5 -2 20 11 11 8 6 21 -6 -9 9 3 -22 12 20 1 14 11 
5 17 -14 -17 10 14 19 -15 15 11 -20 21 4 12 -20 16 0 -19 8 4 
5 15 11 8 11 -3 21 8 11 -19 0 6 -6 8 5 22 -7 -11 0 9 
19 4 16 -1 2 19 11 18 17 -16 21 10 17 12 12 3 22 -10 21 4 
4 21 -10 22 3 12 12 17 10 21 -16 17 18 11 19 2 -1 16 4 19 
9 0 -11 -7 22 5 8 -6 6 0 -19 11 8 21 -3 11 8 11 15 5 
4 8 -19 0 16 -20 12 4 21 -20 11 15 -15 19 14 10 -17 -14 17 5 
11 14 1 20 12 -22 3 9 -9 -6 21 6 8 11 11 20 -2 5 15 7 
4 6 14 12 6 -13 12 13 18 10 19 14 1 -5 -22 -2 4 21 3 14 
22 5 10 -5 -20 1 -21 -11 4 -12 -15 12 22 20 11 4 17 -2 16 18 
22 16 6 2 8 14 -20 22 -20 20 11 1 12 10 -1 16 1 -19 -13 1 
14 2 21 21 11 -2 3 7 -6 -11 17 21 20 3 3 1 22 22 17 17 
10 -1 21 20 5 12 21 19 21 20 19 4 -7 10 22 17 16 12 2 -21 
8 -18 22 -8 10 21 7 0 11 6 11 5 -9 5 -9 10 2 9 13 17 
54
4
15 3
1 7
19 15
9 12
4 16
18 12
0 4
10 7
10
1 6 10
7 10 16
3 11 10
8 4 8
10 18 12
18 13 10
12 9 16
16 8 10
11 15 8
9 1 12
36
5 19
13 19
13 4
12 16
10 8
12 1
1 11
6 17
14 11
14 4
3 9
11 16
2 19
16 5
10 19
8 1
0 11
3 10
14 0
6 0
6 15
7 3
9 11
7 18
18 8
13 2
5 8
5 15
16 10
8 3
17 0
3 14
9 0
11 18
19 8
16 9
