20 20
-4 6 -2 4 -5 7 3 1 7 5 -3 5 8 -2 -1 8 9 2 10 6 
5 1 3 0 9 1 5 -3 5 8 10 4 -7 0 1 3 10 5 4 2 
3 6 -1 10 8 -9 9 4 2 8 5 0 7 -4 3 1 1 2 -2 0 
-9 -9 6 -8 7 -9 2 4 8 -1 8 4 4 -3 8 -4 3 10 1 0 
7 6 3 -6 10 2 3 5 2 9 4 1 4 4 9 6 -2 -8 -4 -3 
9 7 8 2 9 10 5 7 8 10 10 -9 5 0 10 10 2 5 -9 10 
5 4 4 9 5 2 3 1 -8 -4 1 6 7 1 10 -1 8 10 6 1 
9 2 10 8 5 6 9 -5 2 1 2 1 7 2 0 -5 1 9 3 -6 
5 4 10 8 3 -10 9 -1 3 5 5 -4 -4 -6 3 -10 7 -3 3 5 
7 8 10 9 5 9 5 -1 4 1 -10 9 -6 4 2 -4 5 7 6 9 
9 6 7 5 -4 2 4 -6 9 -10 1 4 -1 5 9 5 9 10 8 7 
5 3 -3 7 -10 3 -6 -4 -4 5 5 3 -1 9 -10 3 8 10 4 5 
-6 3 9 1 -5 0 2 7 1 2 1 2 -5 9 6 5 8 10 2 9 
1 6 10 8 -1 10 1 7 6 1 -4 -8 1 3 2 5 9 4 4 5 
10 -9 5 2 10 10 0 5 -9 10 10 8 7 5 10 9 2 8 7 9 
-3 -4 -8 -2 6 9 4 4 1 4 9 2 5 3 2 10 -6 3 6 7 
0 1 10 3 -4 8 -3 4 4 8 -1 8 4 2 -9 7 -8 6 -9 -9 
0 -2 2 1 1 3 -4 7 0 5 8 2 4 9 -9 8 10 -1 6 3 
2 4 5 10 3 1 0 -7 4 10 8 5 -3 5 1 9 0 3 1 5 
6 10 2 9 8 -1 -2 8 5 -3 5 7 1 3 7 -5 4 -2 6 -4 
57
4
17 13
12 8
12 2
12 18
2 6
7 11
7 17
7 1
6
9 0 10
7 3 9
1 4 12
10 19 10
12 16 9
18 15 12
28
19 15
16 0
19 10
17 6
11 4
12 6
6 15
8 14
13 0
18 5
11 7
8 0
5 1
12 13
0 4
3 19
0 9
2 13
8 15
7 13
13 4
11 5
6 19
1 14
8 12
11 19
14 18
7 6
