20 20
1 12 -18 8 -11 -15 -10 -9 -18 4 -16 -17 9 7 15 1 18 -4 -11 6 
4 -1 13 14 3 11 -17 0 18 5 11 -12 11 6 7 14 -6 18 -11 5 
5 -18 -6 10 16 17 -6 10 -1 -16 13 0 2 2 10 -2 4 11 -5 14 
6 3 14 10 15 -18 -16 7 15 5 11 7 15 18 5 5 17 1 7 8 
1 11 7 17 -6 -4 10 17 1 17 -4 3 6 11 15 13 14 -17 16 17 
13 16 9 -4 5 11 13 13 5 16 16 16 0 13 10 3 11 -3 3 18 
4 13 6 2 15 -14 -11 -2 18 -18 11 0 -14 17 16 4 17 -3 -5 11 
15 7 -3 12 7 14 13 -1 7 -17 17 10 0 13 11 2 16 7 5 4 
-17 8 9 15 14 18 14 14 14 6 6 0 12 8 -2 1 11 14 17 16 
-8 -3 9 17 10 15 14 3 1 6 -8 10 6 8 -15 16 7 -12 -8 17 
17 -8 -12 7 16 -15 8 6 10 -8 6 1 3 14 15 10 17 9 -3 -8 
16 17 14 11 1 -2 8 12 0 6 6 14 14 14 18 14 15 9 8 -17 
4 5 7 16 2 11 13 0 10 17 -17 7 -1 13 14 7 12 -3 7 15 
11 -5 -3 17 4 16 17 -14 0 11 -18 18 -2 -11 -14 15 2 6 13 4 
18 3 -3 11 3 10 13 0 16 16 16 5 13 13 11 5 -4 9 16 13 
17 16 -17 14 13 15 11 6 3 -4 17 1 17 10 -4 -6 17 7 11 1 
8 7 1 17 5 5 18 15 7 11 5 15 7 -16 -18 15 10 14 3 6 
14 -5 11 4 -2 10 2 2 0 13 -16 -1 10 -6 17 16 10 -6 -18 5 
5 -11 18 -6 14 7 6 11 -12 11 5 18 0 -17 11 3 14 13 -1 4 
6 -11 -4 18 1 15 7 9 -17 -16 4 -18 -9 -10 -15 -11 8 -18 12 1 
51
6
1 18
7 2
16 3
7 11
18 5
15 17
18 1
12 17
3 16
12 8
1 14
4 2
16
15 9 9
13 3 12
10 11 15
13 7 10
6 14 8
8 14 9
14 16 15
14 6 16
4 10 9
6 16 12
9 8 15
6 12 10
13 5 8
11 5 9
5 3 15
5 13 16
40
14 1
0 12
3 10
5 14
13 4
19 8
6 19
19 6
5 8
18 11
11 6
0 7
5 2
12 9
5 4
13 17
17 16
17 19
8 18
8 1
5 18
19 7
16 9
14 5
6 15
0 11
13 0
0 13
14 11
1 8
8 13
19 12
14 17
7 10
14 15
6 2
2 3
2 0
11 1
11 18
