20 20
-9 6 8 -8 0 4 1 8 6 1 0 -9 -7 11 11 6 -2 11 1 -10 
9 -9 10 8 10 9 7 5 4 8 1 6 2 -1 -2 11 4 -3 8 4 
7 6 7 10 -6 6 6 5 1 -10 -11 -11 7 9 8 -3 4 11 -4 10 
-10 7 4 1 -9 10 9 9 1 7 3 9 -4 11 -6 1 -6 9 2 -7 
-11 6 0 1 5 3 8 1 -8 5 9 -11 3 3 1 2 11 2 0 1 
4 9 6 2 -3 -11 6 3 9 4 7 0 6 8 1 7 8 7 10 10 
10 -5 1 0 4 6 4 8 10 10 4 3 6 -7 -1 10 5 -6 1 9 
-9 10 4 9 10 8 7 0 5 10 7 7 -3 -4 6 10 11 -6 9 -6 
0 -6 6 -8 11 4 1 2 10 1 6 8 8 -2 10 2 9 6 -7 7 
4 7 2 3 7 7 2 6 2 8 2 10 -3 8 -1 -3 5 6 6 6 
6 6 6 5 -3 -1 8 -3 10 2 8 2 6 2 7 7 3 2 7 4 
7 -7 6 9 2 10 -2 8 8 6 1 10 2 1 4 11 -8 6 -6 0 
-6 9 -6 11 10 6 -4 -3 7 7 10 5 0 7 8 10 9 4 10 -9 
9 1 -6 5 10 -1 -7 6 3 4 10 10 8 4 6 4 0 1 -5 10 
10 10 7 8 7 1 8 6 0 7 4 9 3 6 -11 -3 2 6 9 4 
1 0 2 11 2 1 3 3 -11 9 5 -8 1 8 3 5 1 0 6 -11 
-7 2 9 -6 1 -6 11 -4 9 3 7 1 9 9 10 -9 1 4 7 -10 
10 -4 11 4 -3 8 9 7 -11 -11 -10 1 5 6 6 -6 10 7 6 7 
4 8 -3 4 11 -2 -1 2 6 1 8 4 5 7 9 10 8 10 -9 9 
-10 1 11 -2 6 11 11 -7 -9 0 1 6 8 1 4 0 -8 8 6 -9 
59
8
4 2
5 11
10 15
8 19
14 17
17 2
5 15
11 17
15 17
14 8
9 4
11 0
5 2
2 17
14 4
8 2
8
13 7 13
6 14 16
7 2 8
14 9 13
6 12 13
13 5 16
12 17 8
5 10 13
40
6 5
16 2
2 9
12 3
14 6
10 0
5 14
0 13
8 7
6 11
11 2
4 17
16 0
5 19
0 18
15 14
10 2
1 17
15 4
16 13
13 14
3 17
17 10
7 16
5 13
9 19
14 5
19 6
11 12
13 8
8 17
15 2
3 19
14 0
19 1
4 5
9 17
18 2
4 15
3 6
