20 20
-12 0 11 15 8 -5 8 -6 18 14 -16 1 15 3 16 8 9 -16 0 16 
19 5 3 18 19 -7 13 12 7 8 9 7 19 14 15 18 6 18 10 0 
1 2 -2 9 -2 -8 10 12 2 12 3 9 13 17 1 5 4 3 10 19 
-11 1 -18 -19 19 3 10 14 -18 -5 16 8 11 -17 11 13 -19 8 9 -11 
3 -2 17 3 17 17 15 13 2 19 15 -10 -17 17 5 -17 14 -10 -14 11 
-13 6 9 6 11 5 8 3 15 -19 16 14 12 4 0 12 9 2 19 9 
1 -11 7 7 6 8 7 7 17 6 8 15 3 1 18 7 -16 16 16 11 
1 -10 8 1 1 15 4 -15 -11 5 8 7 12 -12 2 2 -16 -11 14 7 
13 -15 2 15 -13 1 12 9 10 10 17 3 16 7 10 4 1 6 2 4 
-19 9 5 7 -11 1 -1 -5 5 7 15 -18 19 14 6 -7 19 -3 16 -11 
-11 16 -3 19 -7 6 14 19 -18 15 7 5 -5 -1 1 -11 7 5 9 -19 
4 2 6 1 4 10 7 16 3 17 10 10 9 12 1 -13 15 2 -15 13 
7 14 -11 -16 2 2 -12 12 7 8 5 -11 -15 4 15 1 1 8 -10 1 
11 16 16 -16 7 18 1 3 15 8 6 17 7 7 8 6 7 7 -11 1 
9 19 2 9 12 0 4 12 14 16 -19 15 3 8 5 11 6 9 6 -13 
11 -14 -10 14 -17 5 17 -17 -10 15 19 2 13 15 17 17 3 17 -2 3 
-11 9 8 -19 13 11 -17 11 8 16 -5 -18 14 10 3 19 -19 -18 1 -11 
19 10 3 4 5 1 17 13 9 3 12 2 12 10 -8 -2 9 -2 2 1 
0 10 18 6 18 15 14 19 7 9 8 7 12 13 -7 19 18 3 5 19 
16 0 -16 9 8 16 3 15 1 -16 14 18 -6 8 -5 8 15 11 0 -12 
39
3
7 8
11 3
10 5
12 11
8 16
9 14
14
9 17 15
12 17 16
8 10 9
7 15 14
8 19 13
13 3 10
16 12 8
10 2 15
7 2 16
11 9 9
12 4 14
11 0 13
6 16 10
3 7 8
36
10 11
1 14
6 0
5 7
2 14
4 15
13 17
12 13
13 4
14 9
10 13
15 10
17 14
19 13
12 9
4 17
0 7
2 17
9 8
18 5
13 19
14 12
17 5
15 4
6 2
7 6
6 15
5 10
9 6
4 9
2 5
0 6
7 10
15 2
19 12
17 2
