20 20
-13 11 7 -11 -11 -9 -2 1 3 4 -4 6 11 7 11 13 5 9 -10 5 
0 7 7 10 -13 2 11 12 6 11 5 5 13 7 5 -7 -7 6 2 5 
13 9 -8 13 4 8 12 10 -1 -3 1 -9 3 2 -11 7 -10 4 0 -5 
12 6 -9 11 1 -11 -11 5 13 -7 4 -2 13 7 13 12 3 7 3 0 
-5 2 8 9 4 3 1 11 7 -1 -11 4 13 4 7 13 4 11 3 1 
3 1 13 5 7 1 4 9 6 2 13 -2 8 7 12 4 5 -1 12 11 
11 9 10 8 -5 -3 9 -7 6 -6 12 -2 9 8 6 7 -4 10 10 8 
4 9 -7 11 4 11 -11 -2 7 -12 10 3 2 13 4 0 13 4 3 12 
7 7 -6 8 8 -12 2 12 -4 -5 -7 7 -5 11 12 11 9 10 1 5 
1 1 0 13 3 2 3 -11 5 3 4 8 0 -2 -3 4 -10 7 7 10 
10 7 7 -10 4 -3 -2 0 8 4 3 5 -11 3 2 3 13 0 1 1 
5 1 10 9 11 12 11 -5 7 -7 -5 -4 12 2 -12 8 8 -6 7 7 
12 3 4 13 0 4 13 2 3 10 -12 7 -2 -11 11 4 11 -7 9 4 
8 10 10 -4 7 6 8 9 -2 12 -6 6 -7 9 -3 -5 8 10 9 11 
11 12 -1 5 4 12 7 8 -2 13 2 6 9 4 1 7 5 13 1 3 
1 3 11 4 13 7 4 13 4 -11 -1 7 11 1 3 4 9 8 2 -5 
0 3 7 3 12 13 7 13 -2 4 -7 13 5 -11 -11 1 11 -9 6 12 
-5 0 4 -10 7 -11 2 3 -9 1 -3 -1 10 12 8 4 13 -8 9 13 
5 2 6 -7 -7 5 7 13 5 5 11 6 12 11 2 -13 10 7 7 0 
5 -10 9 5 13 11 7 11 6 -4 4 3 1 -2 -9 -11 -11 7 11 -13 
42
7
15 12
5 2
2 19
3 6
13 10
1 5
2 5
4 7
14 17
17 0
16 13
6 9
18 14
17 14
8
3 8 10
15 5 13
8 9 8
19 0 10
16 11 10
4 14 13
11 10 8
0 19 10
28
14 1
14 9
17 4
11 2
6 3
12 4
14 4
0 6
10 9
15 16
19 6
1 4
4 0
15 14
5 18
5 10
2 15
8 17
13 16
7 15
5 15
19 13
9 10
4 3
0 13
18 15
15 19
4 5
