20 20
19 19 23 -2 5 -25 -12 24 14 11 -24 25 10 19 17 -27 -24 10 -25 0 
-11 -19 27 18 11 -1 -20 20 22 18 -4 20 27 13 -8 23 1 3 10 9 
19 -19 -12 21 -11 3 24 28 -11 17 3 14 11 2 22 -24 16 7 -24 4 
21 2 4 26 28 24 -19 -2 12 14 2 7 25 24 -17 -17 -11 28 2 4 
16 6 13 11 -3 27 25 22 9 0 20 24 27 0 4 2 5 20 2 9 
15 -23 17 17 7 -14 16 0 5 0 9 13 27 9 16 14 28 27 27 26 
10 -20 14 11 -1 2 11 1 28 -16 2 19 3 6 9 26 17 12 2 -12 
-25 1 23 7 1 14 -2 25 21 10 4 16 25 18 18 13 -3 23 13 27 
-26 27 23 5 -6 10 5 25 -17 23 5 25 8 15 -28 19 -4 8 -3 7 
11 28 1 17 -8 -14 12 4 23 27 17 5 27 27 0 -16 -27 2 20 17 
17 20 2 -27 -16 0 27 27 5 17 27 23 4 12 -14 -8 17 1 28 11 
7 -3 8 -4 19 -28 15 8 25 5 23 -17 25 5 10 -6 5 23 27 -26 
27 13 23 -3 13 18 18 25 16 4 10 21 25 -2 14 1 7 23 1 -25 
-12 2 12 17 26 9 6 3 19 2 -16 28 1 11 2 -1 11 14 -20 10 
26 27 27 28 14 16 9 27 13 9 0 5 0 16 -14 7 17 17 -23 15 
9 2 20 5 2 4 0 27 24 20 0 9 22 25 27 -3 11 13 6 16 
4 2 28 -11 -17 -17 24 25 7 2 14 12 -2 -19 24 28 26 4 2 21 
4 -24 7 16 -24 22 2 11 14 3 17 -11 28 24 3 -11 21 -12 -19 19 
9 10 3 1 23 -8 13 27 20 -4 18 22 20 -20 -1 11 18 27 -19 -11 
0 -25 10 -24 -27 17 19 10 25 -24 11 14 24 -12 -25 5 -2 23 19 19 
60
8
13 4
3 17
6 8
16 12
17 18
19 5
7 12
5 1
6 15
16 2
13 11
3 7
2 1
0 14
12 7
14 18
18
8 12 11
1 4 13
2 16 13
2 3 14
5 8 11
14 7 15
9 11 14
1 17 8
10 17 8
11 7 11
18 15 13
17 3 13
17 16 14
14 11 11
5 12 15
10 8 14
18 2 8
9 2 8
40
17 0
8 9
3 9
19 18
11 3
18 6
19 11
1 10
13 0
17 15
10 0
3 12
7 13
2 9
7 2
16 14
7 1
10 12
13 5
4 19
2 19
11 10
16 10
0 1
8 16
1 13
0 8
18 9
6 19
2 4
9 19
16 7
12 6
17 10
12 17
3 5
12 18
9 7
6 14
15 0
