20 20
0 2 1 -3 -8 7 9 1 11 2 2 -7 2 -8 4 3 0 10 1 -1 
3 4 11 -9 10 4 1 11 9 5 2 10 11 4 -8 7 1 10 -1 5 
-2 5 -3 1 -5 4 0 6 4 2 -4 3 4 10 10 3 -10 -3 0 6 
8 -4 11 -9 9 3 10 10 3 -1 8 -1 11 6 -5 1 5 3 11 2 
9 11 7 1 1 9 3 -2 -8 6 1 7 0 6 1 -6 3 1 1 -11 
9 7 11 2 9 4 -3 -1 7 0 6 10 -8 10 1 -8 1 3 11 -11 
2 6 5 6 3 5 3 9 -11 -3 -3 10 -5 1 -6 10 5 0 7 7 
6 -9 1 10 2 4 4 10 2 9 2 3 1 9 -10 -4 4 -3 5 11 
10 7 7 0 0 7 -10 8 3 -5 8 -1 6 2 3 -6 10 6 10 2 
8 -3 11 -3 -4 1 9 8 4 9 3 -4 2 5 -4 3 -4 9 1 6 
6 1 9 -4 3 -4 5 2 -4 3 9 4 8 9 1 -4 -3 11 -3 8 
2 10 6 10 -6 3 2 6 -1 8 -5 3 8 -10 7 0 0 7 7 10 
11 5 -3 4 -4 -10 9 1 3 2 9 2 10 4 4 2 10 1 -9 6 
7 7 0 5 10 -6 1 -5 10 -3 -3 -11 9 3 5 3 6 5 6 2 
-11 11 3 1 -8 1 10 -8 10 6 0 7 -1 -3 4 9 2 11 7 9 
-11 1 1 3 -6 1 6 0 7 1 6 -8 -2 3 9 1 1 7 11 9 
2 11 3 5 1 -5 6 11 -1 8 -1 3 10 10 3 9 -9 11 -4 8 
6 0 -3 -10 3 10 10 4 3 -4 2 4 6 0 4 -5 1 -3 5 -2 
5 -1 10 1 7 -8 4 11 10 2 5 9 11 1 4 10 -9 11 4 3 
-1 1 10 0 3 4 -8 2 -7 2 2 11 1 9 7 -8 -3 1 2 0 
46
4
12 1
13 19
6 17
9 0
7 18
6 0
13 2
10 19
6
19 3 8
2 12 10
14 1 15
0 16 8
17 7 10
5 18 15
36
1 7
6 4
0 2
7 15
15 4
6 2
13 5
2 17
6 1
3 5
0 19
4 11
6 19
3 15
13 1
6 11
9 17
13 6
18 12
13 15
19 17
12 4
4 15
13 17
6 14
17 2
13 18
16 14
19 0
15 8
13 0
16 4
6 18
13 8
10 2
6 13
