20 20
0 -3 1 0 -1 0 -4 4 1 4 4 -3 -3 -3 -3 2 -3 0 -1 -4 
4 4 0 0 3 0 1 2 3 1 2 2 4 3 4 2 0 4 1 2 
-1 0 3 -2 -3 1 3 3 2 4 0 3 -2 2 2 1 0 1 0 4 
2 -1 1 0 -3 -2 1 2 1 4 1 4 0 0 -4 3 2 -3 0 -2 
0 3 2 2 1 -2 4 1 1 2 0 3 2 -2 1 3 4 2 0 1 
-2 1 4 1 -3 4 1 0 1 -1 1 4 1 3 -4 2 -2 0 -1 2 
1 1 4 1 2 4 2 4 4 4 0 3 4 -4 2 -1 3 2 3 3 
1 0 1 0 -1 2 4 3 0 0 3 -3 2 3 -4 3 -2 1 -4 3 
-1 4 4 -1 0 -2 -2 0 2 3 3 0 4 -2 4 4 -1 -1 4 4 
-1 3 -3 -1 -3 2 4 2 0 3 2 -3 4 1 0 0 0 -4 -4 -2 
-2 -4 -4 0 0 0 1 4 -3 2 3 0 2 4 2 -3 -1 -3 3 -1 
4 4 -1 -1 4 4 -2 4 0 3 3 2 0 -2 -2 0 -1 4 4 -1 
3 -4 1 -2 3 -4 3 2 -3 3 0 0 3 4 2 -1 0 1 0 1 
3 3 2 3 -1 2 -4 4 3 0 4 4 4 2 4 2 1 4 1 1 
2 -1 0 -2 2 -4 3 1 4 1 -1 1 0 1 4 -3 1 4 1 -2 
1 0 2 4 3 1 -2 2 3 0 2 1 1 4 -2 1 2 2 3 0 
-2 0 -3 2 3 -4 0 0 4 1 4 1 2 1 -2 -3 0 1 -1 2 
4 0 1 0 1 2 2 -2 3 0 4 2 3 3 1 -3 -2 3 0 -1 
2 1 4 0 2 4 3 4 2 2 1 3 2 1 0 3 0 0 4 4 
-4 -1 0 -3 2 -3 -3 -3 -3 4 4 1 4 -4 0 -1 0 1 -3 0 
47
7
1 15
16 18
0 14
17 8
0 19
4 6
11 5
18 4
3 1
19 5
2 11
19 0
15 13
8 14
18
8 16 11
12 3 16
13 15 16
9 3 8
15 1 16
2 0 11
9 14 9
8 0 13
8 5 15
11 3 11
7 16 16
6 4 16
10 16 8
4 18 16
17 19 11
10 5 9
11 19 13
11 14 15
34
17 9
12 6
9 16
12 0
16 9
17 13
18 9
12 7
6 15
12 10
4 17
3 14
18 3
1 5
19 11
19 12
4 15
2 10
7 13
10 3
7 19
3 10
2 6
1 10
7 12
13 4
7 9
15 2
16 5
1 16
18 14
0 8
0 7
15 4
