20 20
4 11 12 10 7 11 7 7 8 6 -4 0 10 10 5 -9 1 0 10 8 
12 2 5 1 9 -8 8 2 11 0 -6 -10 1 -4 1 4 8 9 12 3 
7 9 10 5 -7 9 5 9 -1 9 2 11 5 1 5 -4 -10 -10 10 8 
1 -5 12 -2 9 3 7 4 10 0 8 2 4 8 7 12 12 4 -1 -2 
5 -12 11 1 -8 3 0 -1 -8 10 5 1 -9 -2 7 -9 1 0 3 4 
8 -6 6 4 -12 6 3 -6 -6 -9 11 5 5 -12 11 11 10 2 4 7 
5 12 -11 2 2 9 12 8 1 3 9 -7 -5 6 -12 -6 12 -1 3 -12 
7 5 -1 2 -10 -12 4 2 4 9 -11 2 10 6 11 -10 -12 12 4 6 
-5 2 10 1 1 11 -12 -9 9 -7 -6 7 3 11 10 5 -10 8 4 -9 
-8 -5 2 3 1 3 8 -8 2 9 11 6 9 9 7 6 10 -12 9 2 
2 9 -12 10 6 7 9 9 6 11 9 2 -8 8 3 1 3 2 -5 -8 
-9 4 8 -10 5 10 11 3 7 -6 -7 9 -9 -12 11 1 1 10 2 -5 
6 4 12 -12 -10 11 6 10 2 -11 9 4 2 4 -12 -10 2 -1 5 7 
-12 3 -1 12 -6 -12 6 -5 -7 9 3 1 8 12 9 2 2 -11 12 5 
7 4 2 10 11 11 -12 5 5 11 -9 -6 -6 3 6 -12 4 6 -6 8 
4 3 0 1 -9 7 -2 -9 1 5 10 -8 -1 0 3 -8 1 11 -12 5 
-2 -1 4 12 12 7 8 4 2 8 0 10 4 7 3 9 -2 12 -5 1 
8 10 -10 -10 -4 5 1 5 11 2 9 -1 9 5 9 -7 5 10 9 7 
3 12 9 8 4 1 -4 1 -10 -6 0 11 2 8 -8 9 1 5 2 12 
8 10 0 1 -9 5 10 10 0 -4 6 8 7 7 11 7 10 12 11 4 
34
5
16 7
2 7
18 4
14 15
1 2
3 12
17 12
1 15
5 4
18 17
18
2 10 11
1 9 8
19 18 10
3 8 12
2 0 16
13 12 15
18 9 16
6 18 12
14 13 14
17 9 11
18 10 8
0 1 10
16 11 12
17 19 16
6 7 15
1 10 16
13 1 12
5 6 14
28
19 6
6 5
17 10
14 16
6 8
18 7
11 7
5 10
4 9
10 1
9 8
14 19
10 3
17 1
0 13
13 14
2 9
5 3
13 11
1 12
8 12
14 9
15 10
9 18
10 11
5 0
9 16
2 18
