20 20
-15 -6 -1 8 -15 11 10 12 9 7 3 -8 -15 8 11 12 2 6 2 5 
12 11 8 -3 15 0 16 -1 -14 9 2 10 12 -6 4 14 4 15 -10 5 
12 4 7 5 3 -8 16 -16 11 12 -9 7 10 -2 14 5 5 9 7 10 
-8 7 -1 -8 -3 6 11 9 14 -12 4 7 1 10 12 16 -14 -5 13 16 
11 2 0 7 9 -7 -11 13 2 5 -12 5 3 14 -9 -8 4 1 -3 -15 
1 15 2 3 5 7 16 5 10 -16 7 14 16 -10 -12 6 3 15 -4 11 
-6 15 12 9 -8 15 -7 4 13 8 13 8 0 3 12 16 -15 7 1 -2 
1 14 -15 15 6 2 1 9 0 15 16 6 15 6 -9 15 13 13 4 -13 
4 0 7 1 5 9 5 11 -8 7 13 1 0 16 7 11 14 15 5 -1 
4 3 2 -16 11 6 5 4 -12 5 12 14 11 0 9 16 7 0 -10 -1 
-1 -10 0 7 16 9 0 11 14 12 5 -12 4 5 6 11 -16 2 3 4 
-1 5 15 14 11 7 16 0 1 13 7 -8 11 5 9 5 1 7 0 4 
-13 4 13 13 15 -9 6 15 6 16 15 0 9 1 2 6 15 -15 14 1 
-2 1 7 -15 16 12 3 0 8 13 8 13 4 -7 15 -8 9 12 15 -6 
11 -4 15 3 6 -12 -10 16 14 7 -16 10 5 16 7 5 3 2 15 1 
-15 -3 1 4 -8 -9 14 3 5 -12 5 2 13 -11 -7 9 7 0 2 11 
16 13 -5 -14 16 12 10 1 7 4 -12 14 9 11 6 -3 -8 -1 7 -8 
10 7 9 5 5 14 -2 10 7 -9 12 11 -16 16 -8 3 5 7 4 12 
5 -10 15 4 14 4 -6 12 10 2 9 -14 -1 16 0 15 -3 8 11 12 
5 2 6 2 12 11 8 -15 -8 3 7 9 12 10 11 -15 8 -1 -6 -15 
50
6
18 19
18 7
19 13
3 18
7 17
13 18
1 0
1 12
0 6
16 1
12 2
6 1
18
3 12 15
13 3 10
19 11 16
18 14 11
2 5 11
16 6 13
15 11 11
4 10 10
13 12 14
16 7 15
6 16 10
0 8 16
1 5 11
17 14 11
3 13 13
4 8 11
15 9 10
6 7 14
38
13 19
2 17
16 5
12 16
2 14
16 10
10 8
5 16
18 1
8 14
8 6
10 2
2 3
8 19
18 10
16 17
1 4
10 12
4 0
6 0
17 2
3 14
7 3
17 5
3 9
9 11
14 3
1 18
11 5
11 13
9 17
17 16
11 0
1 9
3 2
18 15
9 7
15 19
