20 20
-15 28 16 6 -9 -26 7 7 13 12 22 -16 -25 8 24 11 3 -28 27 23 
22 23 18 11 7 12 17 -19 23 -20 21 -19 22 14 16 23 9 20 7 6 
0 19 24 17 21 5 -21 4 -28 -12 3 -15 3 22 -13 -21 -11 6 -28 3 
26 -21 27 10 15 7 24 28 18 6 5 -9 2 4 20 25 5 5 25 -5 
4 -2 7 26 13 9 27 8 3 -17 10 -20 -23 8 25 12 25 23 23 -14 
12 18 1 3 20 -22 24 15 -21 18 24 -18 23 -24 8 24 -8 26 26 1 
3 22 26 25 22 -15 -7 20 28 12 5 27 -5 10 15 0 21 -13 -12 22 
8 28 22 23 -10 3 -6 -9 15 14 -15 10 3 -26 17 24 -28 -14 -25 23 
26 -17 11 6 17 -9 -18 -17 14 4 11 -2 28 27 5 12 17 1 -3 4 
19 -3 19 6 12 3 14 -7 22 26 26 28 28 17 -12 -1 -7 25 19 -20 
-20 19 25 -7 -1 -12 17 28 28 26 26 22 -7 14 3 12 6 19 -3 19 
4 -3 1 17 12 5 27 28 -2 11 4 14 -17 -18 -9 17 6 11 -17 26 
23 -25 -14 -28 24 17 -26 3 10 -15 14 15 -9 -6 3 -10 23 22 28 8 
22 -12 -13 21 0 15 10 -5 27 5 12 28 20 -7 -15 22 25 26 22 3 
1 26 26 -8 24 8 -24 23 -18 24 18 -21 15 24 -22 20 3 1 18 12 
-14 23 23 25 12 25 8 -23 -20 10 -17 3 8 27 9 13 26 7 -2 4 
-5 25 5 5 25 20 4 2 -9 5 6 18 28 24 7 15 10 27 -21 26 
3 -28 6 -11 -21 -13 22 3 -15 3 -12 -28 4 -21 5 21 17 24 19 0 
6 7 20 9 23 16 14 22 -19 21 -20 23 -19 17 12 7 11 18 23 22 
23 27 -28 3 11 24 8 -25 -16 22 12 13 7 7 -26 -9 6 16 28 -15 
50
4
6 1
4 6
10 9
8 1
13 18
15 13
9 10
11 18
14
7 15 14
3 17 8
10 17 12
18 6 15
5 6 11
7 13 8
18 8 8
12 4 14
16 2 8
9 2 12
1 13 15
14 13 11
12 6 8
1 11 8
34
3 6
12 8
6 7
7 16
0 12
17 18
5 17
17 14
18 16
1 10
15 2
0 16
18 3
6 8
7 4
10 11
5 7
16 13
7 11
13 12
12 3
19 7
2 1
14 2
2 5
1 3
18 9
4 17
19 3
1 16
13 11
12 15
9 8
14 12
