20 20
-19 2 6 1 14 22 23 -6 -1 4 8 -20 8 21 22 18 22 18 -3 8 
13 2 10 13 -16 -22 17 3 14 19 21 4 22 20 6 15 16 13 -4 15 
21 15 -3 16 15 -4 14 7 -8 -11 6 22 7 11 -23 18 13 23 22 16 
12 10 -18 7 3 8 8 -2 -16 4 0 22 6 -18 17 12 0 15 7 23 
15 12 -9 -17 2 -6 13 -6 21 20 18 23 3 -22 -17 14 -7 20 20 19 
18 14 -4 -19 10 6 4 1 5 22 17 14 -12 -3 -20 8 1 23 2 10 
-10 15 8 3 11 -2 4 12 20 20 -22 18 -15 12 16 9 8 -17 7 18 
4 12 10 20 5 -3 1 -10 -6 -10 -12 13 15 20 8 10 7 -4 19 1 
-3 15 22 4 6 5 1 -10 17 6 3 8 0 13 -15 1 19 11 8 7 
0 13 -22 6 10 12 9 10 14 -6 -13 0 22 0 11 -14 18 3 22 6 
6 22 3 18 -14 11 0 22 0 -13 -6 14 10 9 12 10 6 -22 13 0 
7 8 11 19 1 -15 13 0 8 3 6 17 -10 1 5 6 4 22 15 -3 
1 19 -4 7 10 8 20 15 13 -12 -10 -6 -10 1 -3 5 20 10 12 4 
18 7 -17 8 9 16 12 -15 18 -22 20 20 12 4 -2 11 3 8 15 -10 
10 2 23 1 8 -20 -3 -12 14 17 22 5 1 4 6 10 -19 -4 14 18 
19 20 20 -7 14 -17 -22 3 23 18 20 21 -6 13 -6 2 -17 -9 12 15 
23 7 15 0 12 17 -18 6 22 0 4 -16 -2 8 8 3 7 -18 10 12 
16 22 23 13 18 -23 11 7 22 6 -11 -8 7 14 -4 15 16 -3 15 21 
15 -4 13 16 15 6 20 22 4 21 19 14 3 17 -22 -16 13 10 2 13 
8 -3 18 22 18 22 21 8 -20 8 4 -1 -6 23 22 14 1 6 2 -19 
37
5
14 16
7 8
9 6
2 5
16 14
5 3
12 11
10 13
17 14
3 5
6
3 0 10
12 16 16
10 8 15
16 19 10
7 3 16
9 11 15
32
4 1
2 1
11 19
19 11
4 3
18 7
2 13
11 6
15 14
5 8
0 2
3 14
6 17
1 7
0 18
2 8
15 18
17 18
8 0
0 8
15 16
1 12
17 6
8 13
4 5
14 11
19 17
16 5
13 2
18 12
19 1
17 11
