20 20
9 -2 4 6 0 7 18 13 -14 9 24 3 11 21 11 -19 5 -15 15 16 
7 -24 19 24 18 -11 2 -23 -17 10 -17 1 11 17 23 22 9 0 8 22 
17 22 12 -12 4 2 1 13 23 19 -7 6 12 -19 18 -17 -21 11 5 -14 
17 -3 -18 9 17 6 21 -16 -16 17 13 -19 8 23 21 5 6 -20 24 22 
-10 -13 -3 0 -18 -10 11 -19 12 14 1 2 -7 18 21 11 3 -5 4 2 
21 8 -7 5 20 -11 15 9 7 15 8 5 11 21 -24 20 5 1 4 -3 
2 -6 22 10 18 11 -1 3 5 24 6 10 22 19 15 4 14 -9 8 -10 
22 22 20 18 4 8 -2 12 16 16 0 23 24 -21 12 -15 15 19 8 -5 
20 10 -17 23 -17 3 -16 7 15 15 24 -7 15 13 8 18 22 -18 19 5 
17 -16 8 18 -3 21 -24 13 10 -13 -8 9 22 24 2 17 19 4 -13 13 
13 -13 4 19 17 2 24 22 9 -8 -13 10 13 -24 21 -3 18 8 -16 17 
5 19 -18 22 18 8 13 15 -7 24 15 15 7 -16 3 -17 23 -17 10 20 
-5 8 19 15 -15 12 -21 24 23 0 16 16 12 -2 8 4 18 20 22 22 
-10 8 -9 14 4 15 19 22 10 6 24 5 3 -1 11 18 10 22 -6 2 
-3 4 1 5 20 -24 21 11 5 8 15 7 9 15 -11 20 5 -7 8 21 
2 4 -5 3 11 21 18 -7 2 1 14 12 -19 11 -10 -18 0 -3 -13 -10 
22 24 -20 6 5 21 23 8 -19 13 17 -16 -16 21 6 17 9 -18 -3 17 
-14 5 11 -21 -17 18 -19 12 6 -7 19 23 13 1 2 4 -12 12 22 17 
22 8 0 9 22 23 17 11 1 -17 10 -17 -23 2 -11 18 24 19 -24 7 
16 15 -15 5 -19 11 21 11 3 24 9 -14 13 18 7 0 6 4 -2 9 
39
3
16 4
2 13
15 17
3 15
17 6
4 2
18
18 5 12
14 1 16
5 0 9
15 18 16
2 6 16
11 4 11
7 3 14
6 19 8
6 3 13
1 14 12
5 18 16
14 19 9
4 1 16
17 13 16
8 15 11
12 16 14
13 0 8
13 16 13
34
10 16
18 13
13 4
6 17
9 11
15 5
0 17
11 19
10 7
0 10
0 5
3 14
15 1
14 0
14 5
9 10
15 2
9 3
1 6
6 15
13 2
10 8
4 14
19 2
8 0
9 12
19 9
19 14
16 5
4 18
5 19
5 14
10 9
4 17
