20 20
6 1 2 5 6 5 6 5 2 7 0 5 7 5 3 5 -4 -6 2 -6 
7 -3 4 8 4 5 3 6 3 -8 -6 2 5 4 5 6 -7 2 8 8 
0 -7 0 -7 8 6 7 5 1 5 6 7 7 2 2 1 -1 8 -1 3 
5 3 -8 2 3 8 5 8 6 2 2 1 -4 8 6 8 0 3 2 -4 
2 4 4 2 -7 -7 -3 5 2 7 1 -8 1 8 8 4 0 6 -2 8 
8 3 -6 1 3 -1 4 -1 7 3 -6 5 7 5 6 6 0 4 6 8 
4 2 -3 1 4 3 7 5 7 2 7 7 4 4 5 0 5 4 6 -5 
7 8 4 0 2 4 0 7 6 1 -5 1 2 5 6 -7 -2 2 1 7 
-4 -2 -3 -1 2 5 3 -7 4 -5 1 -1 1 7 1 4 6 0 -7 4 
-8 5 1 0 7 5 8 0 -7 -8 8 -8 5 4 8 -2 2 -2 0 6 
6 0 -2 2 -2 8 4 5 -8 8 -8 -7 0 8 5 7 0 1 5 -8 
4 -7 0 6 4 1 7 1 -1 1 -5 4 -7 3 5 2 -1 -3 -2 -4 
7 1 2 -2 -7 6 5 2 1 -5 1 6 7 0 4 2 0 4 8 7 
-5 6 4 5 0 5 4 4 7 7 2 7 5 7 3 4 1 -3 2 4 
8 6 4 0 6 6 5 7 5 -6 3 7 -1 4 -1 3 1 -6 3 8 
8 -2 6 0 4 8 8 1 -8 1 7 2 5 -3 -7 -7 2 4 4 2 
-4 2 3 0 8 6 8 -4 1 2 2 6 8 5 8 3 2 -8 3 5 
3 -1 8 -1 1 2 2 7 7 6 5 1 5 7 6 8 -7 0 -7 0 
8 8 2 -7 6 5 4 5 2 -6 -8 3 6 3 5 4 8 4 -3 7 
-6 2 -6 -4 5 3 5 7 5 0 7 2 5 6 5 6 5 2 1 6 
43
3
3 9
17 4
18 5
16 10
2 15
1 14
20
15 3 9
12 2 16
4 12 12
10 16 11
1 9 16
10 3 15
13 18 12
1 4 13
14 5 13
2 6 8
4 16 9
7 17 16
15 7 12
9 3 11
18 10 16
9 16 15
6 1 12
18 15 13
5 14 13
17 13 8
38
11 2
10 4
8 7
8 16
14 19
7 13
18 14
5 1
6 2
18 2
14 0
11 7
15 0
3 8
17 0
9 4
17 12
2 12
19 3
8 17
9 15
11 12
11 3
5 0
12 6
1 5
14 18
13 17
1 17
5 19
8 12
4 19
16 11
2 19
10 15
2 7
17 7
0 16
