20 20
10 -2 -4 6 -4 -9 5 9 7 3 8 10 0 1 6 7 6 0 0 -9 
-3 -5 10 0 -6 4 0 9 6 0 1 1 7 0 0 -4 7 3 9 -6 
5 -8 10 3 8 2 9 5 4 -10 8 -8 -9 8 4 6 7 -3 9 2 
3 5 -1 10 3 8 7 10 2 5 4 -6 9 -3 6 -9 4 7 -6 -7 
2 1 -10 5 2 1 1 7 8 5 -10 7 1 8 4 2 3 3 3 8 
7 -4 -2 7 -7 -8 6 1 7 10 0 0 4 8 1 8 1 2 3 1 
2 6 -1 4 1 0 -6 -1 -4 1 8 10 7 2 7 1 -4 6 -3 7 
-9 -7 2 -1 4 10 2 7 7 -5 -3 -1 -6 8 -3 8 10 3 4 -2 
9 10 1 2 6 0 9 -2 4 -10 6 1 5 8 9 2 0 5 -7 6 
-1 -9 10 4 5 6 6 -10 8 3 7 5 -4 -3 1 9 -1 4 5 4 
4 5 4 -1 9 1 -3 -4 5 7 3 8 -10 6 6 5 4 10 -9 -1 
6 -7 5 0 2 9 8 5 1 6 -10 4 -2 9 0 6 2 1 10 9 
-2 4 3 10 8 -3 8 -6 -1 -3 -5 7 7 2 10 4 -1 2 -7 -9 
7 -3 6 -4 1 7 2 7 10 8 1 -4 -1 -6 0 1 4 -1 6 2 
1 3 2 1 8 1 8 4 0 0 10 7 1 6 -8 -7 7 -2 -4 7 
8 3 3 3 2 4 8 1 7 -10 5 8 7 1 1 2 5 -10 1 2 
-7 -6 7 4 -9 6 -3 9 -6 4 5 2 10 7 8 3 10 -1 5 3 
2 9 -3 7 6 4 8 -9 -8 8 -10 4 5 9 2 8 3 10 -8 5 
-6 9 3 7 -4 0 0 7 1 1 0 6 9 0 4 -6 0 10 -5 -3 
-9 0 0 6 7 6 1 0 10 8 3 7 9 5 -9 -4 6 -4 -2 10 
56
5
1 2
14 0
12 5
12 7
12 11
18 17
5 19
7 14
7 12
7 8
8
4 7 11
17 19 13
15 5 10
13 0 12
15 12 11
2 0 13
4 14 10
6 19 12
40
10 16
6 14
3 11
12 16
10 14
3 13
10 11
15 11
12 9
17 4
5 9
10 15
0 1
6 8
16 19
16 11
11 10
8 13
9 13
19 2
9 3
13 5
16 8
7 3
9 5
16 6
9 8
4 8
7 10
2 15
14 10
9 4
19 18
13 11
3 0
3 8
8 9
11 6
10 6
0 17
