20 20
3 8 4 4 -4 6 6 4 -4 1 8 -6 4 -8 3 1 3 2 5 7 
0 4 5 2 5 2 2 -6 1 7 3 2 8 7 4 7 7 -7 -5 4 
-6 -6 8 2 -5 4 7 1 -7 -4 3 8 1 -1 8 6 8 -3 7 3 
7 4 -7 -3 1 7 -8 8 7 1 -3 -3 5 2 -5 -1 -5 8 8 8 
8 4 4 1 1 8 0 8 5 7 -1 -4 4 5 2 5 5 -2 -8 -7 
0 7 7 1 -8 -3 -6 7 4 -7 4 8 7 -2 3 4 -1 6 5 3 
0 4 8 4 -7 -7 5 3 3 1 -6 7 -2 6 -8 5 -3 8 5 2 
3 2 3 2 5 8 -2 -1 8 4 6 -3 -7 8 2 4 3 -8 1 8 
8 5 -2 3 1 0 1 1 6 8 8 -5 6 4 5 -7 2 5 -3 5 
2 2 5 8 0 2 3 1 6 0 -6 8 -6 -4 -8 6 -6 6 8 6 
6 8 6 -6 6 -8 -4 -6 8 -6 0 6 1 3 2 0 8 5 2 2 
5 -3 5 2 -7 5 4 6 -5 8 8 6 1 1 0 1 3 -2 5 8 
8 1 -8 3 4 2 8 -7 -3 6 4 8 -1 -2 8 5 2 3 2 3 
2 5 8 -3 5 -8 6 -2 7 -6 1 3 3 5 -7 -7 4 8 4 0 
3 5 6 -1 4 3 -2 7 8 4 -7 4 7 -6 -3 -8 1 7 7 0 
-7 -8 -2 5 5 2 5 4 -4 -1 7 5 8 0 8 1 1 4 4 8 
8 8 8 -5 -1 -5 2 5 -3 -3 1 7 8 -8 7 1 -3 -7 4 7 
3 7 -3 8 6 8 -1 1 8 3 -4 -7 1 7 4 -5 2 8 -6 -6 
4 -5 -7 7 7 4 7 8 2 3 7 1 -6 2 2 5 2 5 4 0 
7 5 2 3 1 3 -8 4 -6 8 1 -4 4 6 6 -4 4 4 8 3 
30
7
8 0
3 5
5 17
4 11
9 2
9 8
11 15
11 19
16 14
14 2
15 8
10 17
10 11
8 4
16
4 19 8
16 11 14
15 11 9
9 14 10
13 6 15
8 12 10
18 10 9
11 16 16
15 0 8
3 8 14
4 8 9
10 5 10
6 13 15
11 7 10
1 9 9
8 3 16
36
1 12
8 6
7 17
2 10
12 1
13 10
15 2
13 4
19 12
8 7
7 10
19 17
6 5
19 11
1 10
19 16
4 5
7 16
18 7
11 13
12 2
17 9
7 18
6 9
4 17
6 15
0 7
11 12
12 9
0 2
13 14
0 8
18 9
0 3
15 14
12 3
