20 20
1 1 3 -3 0 3 3 2 -3 3 -3 0 3 -2 1 1 2 0 0 -3 
-3 1 2 1 2 2 2 1 -2 0 -2 -1 1 1 1 1 1 -2 2 1 
2 3 -2 0 3 -2 0 -1 -3 1 -3 2 3 2 0 2 -1 -2 3 3 
1 3 0 3 0 0 -3 1 0 1 2 -1 -2 2 1 -3 1 3 2 -2 
1 1 -3 -2 2 2 1 0 1 3 2 1 -2 1 -3 2 -1 -2 3 0 
2 1 2 2 0 1 1 2 -2 -1 3 0 1 2 1 2 2 3 2 0 
3 -3 -2 2 3 0 2 0 1 1 1 1 3 -3 -3 2 -1 3 1 2 
2 2 -2 2 -1 3 2 1 1 3 2 0 1 2 3 3 -2 3 3 3 
0 -3 -2 -2 1 3 1 3 0 1 1 2 3 2 1 0 2 2 -3 -1 
0 -2 1 2 0 0 2 3 2 1 3 1 3 0 -3 0 1 0 -3 3 
3 -3 0 1 0 -3 0 3 1 3 1 2 3 2 0 0 2 1 -2 0 
-1 -3 2 2 0 1 2 3 2 1 1 0 3 1 3 1 -2 -2 -3 0 
3 3 3 -2 3 3 2 1 0 2 3 1 1 2 3 -1 2 -2 2 2 
2 1 3 -1 2 -3 -3 3 1 1 1 1 0 2 0 3 2 -2 -3 3 
0 2 3 2 2 1 2 1 0 3 -1 -2 2 1 1 0 2 2 1 2 
0 3 -2 -1 2 -3 1 -2 1 2 3 1 0 1 2 2 -2 -3 1 1 
-2 2 3 1 -3 1 2 -2 -1 2 1 0 1 -3 0 0 3 0 3 1 
3 3 -2 -1 2 0 2 3 2 -3 1 -3 -1 0 -2 3 0 -2 3 2 
1 2 -2 1 1 1 1 1 -1 -2 0 -2 1 2 2 2 1 2 1 -3 
-3 0 0 2 1 1 -2 3 0 -3 3 -3 2 3 3 0 -3 3 1 1 
48
2
12 14
13 2
7 5
6 17
14
14 9 8
11 10 13
6 10 14
14 15 8
1 6 13
14 19 9
5 1 16
5 10 8
8 9 13
13 9 14
5 4 8
18 13 13
5 0 9
14 18 16
36
11 1
7 2
3 17
2 19
1 2
2 15
6 2
19 0
16 19
9 6
12 2
14 5
5 17
6 0
16 12
10 2
2 16
10 0
8 18
12 17
16 2
17 0
18 17
17 4
13 17
0 19
3 0
10 13
7 17
5 14
14 2
13 19
3 7
9 17
17 3
9 19
