20 20
0 4 -2 3 1 1 -5 2 -5 1 -5 2 2 2 3 5 2 4 4 1 
5 0 5 3 4 4 2 1 -1 5 -5 0 -1 5 -4 -3 2 -3 3 1 
2 0 2 0 5 4 -3 0 -4 3 2 1 1 -3 5 1 0 5 4 -1 
0 4 1 3 0 4 -1 3 5 5 5 -3 5 -5 3 5 -3 1 -4 2 
-4 5 1 4 2 5 3 3 4 5 2 -2 -2 3 5 -2 -4 3 5 3 
-2 3 5 -3 1 1 3 3 3 4 3 1 2 5 3 2 2 1 1 0 
1 3 2 1 -3 2 3 4 3 -5 4 1 5 3 1 1 1 2 -1 -1 
2 -4 -5 3 -1 4 2 2 3 5 -1 4 5 3 -2 5 1 2 2 -4 
2 5 -3 -1 -1 -4 2 0 -4 4 -2 5 5 -2 -2 -1 -3 5 5 -5 
-3 1 5 3 0 3 2 3 2 5 1 4 1 0 -5 2 5 1 -3 -4 
-4 -3 1 5 2 -5 0 1 4 1 5 2 3 2 3 0 3 5 1 -3 
-5 5 5 -3 -1 -2 -2 5 5 -2 4 -4 0 2 -4 -1 -1 -3 5 2 
-4 2 2 1 5 -2 3 5 4 -1 5 3 2 2 4 -1 3 -5 -4 2 
-1 -1 2 1 1 1 3 5 1 4 -5 3 4 3 2 -3 1 2 3 1 
0 1 1 2 2 3 5 2 1 3 4 3 3 3 1 1 -3 5 3 -2 
3 5 3 -4 -2 5 3 -2 -2 2 5 4 3 3 5 2 4 1 5 -4 
2 -4 1 -3 5 3 -5 5 -3 5 5 5 3 -1 4 0 3 1 4 0 
-1 4 5 0 1 5 -3 1 1 2 3 -4 0 -3 4 5 0 2 0 2 
1 3 -3 2 -3 -4 5 -1 0 -5 5 -1 1 2 4 4 3 5 0 5 
1 4 4 2 5 3 2 2 2 -5 1 -5 2 -5 1 1 3 -2 4 0 
32
6
14 17
3 7
18 3
3 19
7 14
1 7
5 2
16 12
1 16
16 0
12 5
18 12
8
8 0 14
15 17 10
4 17 12
1 12 11
11 19 14
4 2 10
15 2 12
18 7 11
38
8 3
16 3
0 1
4 15
12 1
1 4
16 15
11 17
5 12
3 6
14 9
11 18
11 15
3 13
19 15
6 2
12 9
17 14
19 1
11 16
3 16
19 18
15 4
7 18
18 15
3 4
8 2
14 7
16 13
5 10
8 1
8 4
16 6
0 4
13 17
7 10
2 5
0 18
