20 20
18 -21 2 5 26 -14 11 1 12 -7 4 25 -12 11 -24 10 1 7 9 -12 
20 20 5 4 16 20 -19 21 23 11 2 16 -14 25 20 14 22 -13 14 -13 
17 -24 -21 1 17 25 15 21 12 25 -14 22 14 -16 0 -21 17 24 18 13 
15 16 13 3 23 16 1 5 10 18 16 18 9 10 18 26 15 16 15 2 
12 24 -14 -21 2 1 20 -7 -23 17 12 8 20 18 6 0 -17 3 22 -24 
24 19 10 -9 4 24 -17 10 -18 26 -12 24 2 17 9 26 3 -12 12 -2 
8 18 5 -4 5 6 9 26 -19 18 -1 3 12 2 11 -21 8 -16 16 18 
6 12 -24 16 26 23 5 14 9 24 8 13 23 -26 16 9 14 1 -10 -20 
15 9 3 13 12 12 10 5 17 22 5 24 8 20 19 5 3 -20 -15 8 
1 19 22 22 12 11 3 15 23 8 19 14 2 23 23 16 14 20 11 1 
1 11 20 14 16 23 23 2 14 19 8 23 15 3 11 12 22 22 19 1 
8 -15 -20 3 5 19 20 8 24 5 22 17 5 10 12 12 13 3 9 15 
-20 -10 1 14 9 16 -26 23 13 8 24 9 14 5 23 26 16 -24 12 6 
18 16 -16 8 -21 11 2 12 3 -1 18 -19 26 9 6 5 -4 5 18 8 
-2 12 -12 3 26 9 17 2 24 -12 26 -18 10 -17 24 4 -9 10 19 24 
-24 22 3 -17 0 6 18 20 8 12 17 -23 -7 20 1 2 -21 -14 24 12 
2 15 16 15 26 18 10 9 18 16 18 10 5 1 16 23 3 13 16 15 
13 18 24 17 -21 0 -16 14 22 -14 25 12 21 15 25 17 1 -21 -24 17 
-13 14 -13 22 14 20 25 -14 16 2 11 23 21 -19 20 16 4 5 20 20 
-12 9 7 1 10 -24 11 -12 25 4 -7 12 1 11 -14 26 5 2 -21 18 
55
8
17 5
7 14
14 15
1 0
3 11
16 10
18 2
7 13
2 14
12 5
5 4
18 19
16 8
3 9
1 17
12 6
6
6 1 9
1 4 8
8 17 16
13 18 9
18 15 8
11 2 16
32
14 10
5 11
15 14
4 13
13 8
15 16
13 19
18 5
3 8
15 5
6 3
13 7
5 3
1 2
15 8
17 1
5 9
14 8
4 5
15 6
6 11
4 3
6 0
1 14
16 11
4 14
13 16
6 12
14 16
18 17
4 11
2 18
