20 20
0 1 1 10 7 -5 -8 -5 11 3 9 8 -3 -9 1 7 -9 -1 8 -10 
1 2 5 10 11 -11 5 10 5 5 -2 3 11 9 10 6 6 10 8 -4 
1 -3 7 1 10 7 11 7 9 2 5 4 1 9 -9 -5 11 -5 1 4 
-4 4 0 11 -5 8 4 9 0 3 11 0 11 3 9 9 7 0 2 4 
-9 1 9 10 0 9 3 10 7 7 11 0 1 6 5 7 11 2 6 2 
11 8 7 -9 6 5 6 1 7 10 11 10 2 11 6 5 3 5 9 -9 
9 9 6 6 11 1 -4 -9 -5 2 -9 11 7 6 -5 -2 3 -11 3 0 
10 7 1 11 1 11 2 9 8 5 8 4 6 -1 9 -3 -4 -9 -8 10 
-1 9 8 10 7 2 11 10 7 4 10 6 -6 -6 -5 3 7 9 -2 2 
-5 2 9 4 7 10 11 10 0 8 3 1 4 -2 -7 1 1 9 10 4 
4 10 9 1 1 -7 -2 4 1 3 8 0 10 11 10 7 4 9 2 -5 
2 -2 9 7 3 -5 -6 -6 6 10 4 7 10 11 2 7 10 8 9 -1 
10 -8 -9 -4 -3 9 -1 6 4 8 5 8 9 2 11 1 11 1 7 10 
0 3 -11 3 -2 -5 6 7 11 -9 2 -5 -9 -4 1 11 6 6 9 9 
-9 9 5 3 5 6 11 2 10 11 10 7 1 6 5 6 -9 7 8 11 
2 6 2 11 7 5 6 1 0 11 7 7 10 3 9 0 10 9 1 -9 
4 2 0 7 9 9 3 11 0 11 3 0 9 4 8 -5 11 0 4 -4 
4 1 -5 11 -5 -9 9 1 4 5 2 9 7 11 7 10 1 7 -3 1 
-4 8 10 6 6 10 9 11 3 -2 5 5 10 5 -11 11 10 5 2 1 
-10 8 -1 -9 7 1 -9 -3 8 9 3 11 -5 -8 -5 7 10 1 1 0 
53
8
2 6
18 14
4 1
16 17
8 10
15 10
19 3
19 6
17 13
1 5
15 18
3 2
11 9
4 9
0 16
0 13
14
18 3 11
15 5 8
16 0 13
2 7 15
8 15 16
10 12 10
4 8 12
1 16 11
4 14 8
3 19 13
17 12 15
11 4 16
9 7 10
15 11 12
40
6 10
8 9
17 3
2 18
19 17
2 1
7 12
19 13
16 9
7 18
7 10
0 4
14 3
4 2
12 5
3 6
0 7
18 8
8 4
17 10
13 9
11 10
2 16
17 1
0 2
17 18
12 7
0 6
3 10
12 1
12 9
19 15
5 16
15 17
7 14
16 13
19 12
1 11
11 15
2 9
