20 20
6 27 10 7 -13 11 21 16 -1 4 26 27 -18 4 8 8 12 7 -1 -7 
22 0 1 12 23 2 7 25 16 17 26 -28 11 1 -3 14 28 6 22 14 
0 26 27 25 -20 22 3 25 27 5 18 -14 4 14 -9 13 -11 8 27 9 
24 22 22 23 7 27 5 -1 24 28 13 -5 3 1 13 -9 18 27 13 -4 
-20 17 23 22 21 14 18 -28 11 16 5 19 24 5 5 7 16 -11 -10 15 
3 0 17 23 -4 7 11 14 -4 2 13 19 23 24 -2 6 7 9 2 7 
3 -22 13 -22 -13 22 -7 10 0 -12 9 22 7 17 9 10 11 10 19 12 
18 27 6 6 20 14 9 -11 7 25 22 23 4 23 -21 7 5 -24 7 15 
9 26 22 24 18 14 -8 19 28 18 16 20 14 24 22 3 22 26 15 20 
-9 3 2 28 7 26 1 -12 6 -16 26 21 14 23 24 12 5 25 18 23 
23 18 25 5 12 24 23 14 21 26 -16 6 -12 1 26 7 28 2 3 -9 
20 15 26 22 3 22 24 14 20 16 18 28 19 -8 14 18 24 22 26 9 
15 7 -24 5 7 -21 23 4 23 22 25 7 -11 9 14 20 6 6 27 18 
12 19 10 11 10 9 17 7 22 9 -12 0 10 -7 22 -13 -22 13 -22 3 
7 2 9 7 6 -2 24 23 19 13 2 -4 14 11 7 -4 23 17 0 3 
15 -10 -11 16 7 5 5 24 19 5 16 11 -28 18 14 21 22 23 17 -20 
-4 13 27 18 -9 13 1 3 -5 13 28 24 -1 5 27 7 23 22 22 24 
9 27 8 -11 13 -9 14 4 -14 18 5 27 25 3 22 -20 25 27 26 0 
14 22 6 28 14 -3 1 11 -28 26 17 16 25 7 2 23 12 1 0 22 
-7 -1 7 12 8 8 4 -18 27 26 4 -1 16 21 11 -13 7 10 27 6 
60
4
0 15
0 4
17 12
14 12
19 4
19 15
2 7
5 7
18
16 14 11
13 17 13
14 4 15
6 3 14
2 16 8
7 17 12
17 8 15
9 10 11
4 9 14
3 5 11
6 2 13
5 15 15
13 16 14
17 3 8
12 2 12
2 11 15
10 9 11
15 10 14
26
4 18
15 6
9 11
4 15
9 7
18 7
14 7
16 8
5 0
19 1
7 10
18 13
15 13
15 1
4 13
10 8
15 4
10 12
1 12
5 12
3 11
14 19
0 18
12 9
1 6
4 6
