20 20
3 4 4 3 3 3 3 1 1 3 3 -3 2 1 2 2 -3 2 -4 -3 
3 0 -4 3 1 4 3 -3 4 2 -1 4 1 0 0 0 3 3 -2 2 
1 2 3 -1 3 1 4 -3 -1 2 1 2 -1 -3 0 2 2 -2 0 -1 
1 3 -1 3 3 3 -3 1 2 -1 -4 -3 2 -2 4 3 1 1 3 0 
-2 0 3 -1 4 -2 2 3 4 2 2 -1 4 3 3 -1 2 1 2 2 
-2 2 4 1 3 4 -1 1 1 1 3 -2 -4 2 -4 0 3 3 2 1 
0 -4 -1 2 1 -3 -1 1 4 -3 -1 1 -3 3 -1 4 -4 -1 -2 4 
0 1 4 -1 3 1 3 -3 -4 -1 3 4 2 -4 -3 4 0 4 1 1 
-1 4 0 4 1 2 0 4 0 4 2 1 1 1 1 -2 2 -1 -4 1 
4 4 -2 2 1 -3 3 0 1 3 2 3 0 4 0 4 -1 3 2 4 
4 2 3 -1 4 0 4 0 3 2 3 1 0 3 -3 1 2 -2 4 4 
1 -4 -1 2 -2 1 1 1 1 2 4 0 4 0 2 1 4 0 4 -1 
1 1 4 0 4 -3 -4 2 4 3 -1 -4 -3 3 1 3 -1 4 1 0 
4 -2 -1 -4 4 -1 3 -3 1 -1 -3 4 1 -1 -3 1 2 -1 -4 0 
1 2 3 3 0 -4 2 -4 -2 3 1 1 1 -1 4 3 1 4 2 -2 
2 2 1 2 -1 3 3 4 -1 2 2 4 3 2 -2 4 -1 3 0 -2 
0 3 1 1 3 4 -2 2 -3 -4 -1 2 1 -3 3 3 3 -1 3 1 
-1 0 -2 2 2 0 -3 -1 2 1 2 -1 -3 4 1 3 -1 3 2 1 
2 -2 3 3 0 0 0 1 4 -1 2 4 -3 3 4 1 3 -4 0 3 
-3 -4 2 -3 2 2 1 2 -3 3 3 1 1 3 3 3 3 4 4 3 
47
7
6 2
17 6
8 12
18 9
11 17
0 11
17 8
13 17
2 13
11 7
1 10
8 2
19 8
2 11
6
3 17 8
7 14 11
10 18 10
16 2 8
12 5 11
9 1 10
38
12 0
3 13
14 0
2 9
5 14
7 11
8 5
16 12
3 15
8 6
10 14
2 10
16 7
11 12
6 13
4 5
3 8
4 13
7 4
7 19
16 6
5 19
17 10
14 5
12 8
11 14
3 7
16 4
11 13
9 5
17 9
3 12
8 7
13 6
15 14
16 11
15 6
12 15
