20 20
-4 -3 8 -5 -9 -6 8 -7 -2 -3 6 7 2 10 5 7 3 7 -2 8 
-11 1 5 -16 3 15 3 12 8 1 4 11 10 -12 12 13 5 2 14 14 
4 12 8 9 0 5 0 1 16 1 1 -11 12 6 8 5 1 5 3 -9 
12 10 -12 9 4 11 -14 7 -7 13 14 6 1 6 8 11 -14 4 12 8 
1 12 15 12 16 11 15 0 -14 5 13 3 4 3 0 5 8 10 4 -16 
6 4 8 1 13 12 12 -13 14 -16 15 2 4 12 -16 12 10 10 11 9 
15 -11 7 -4 -7 8 15 15 1 1 12 10 1 2 13 10 4 5 16 1 
5 16 7 -16 6 -11 -16 -1 10 4 9 -8 13 9 4 -4 11 10 8 -7 
12 8 13 14 14 4 2 -5 14 5 11 4 -13 12 9 -10 15 -16 13 5 
7 12 12 12 3 14 16 -12 5 11 -15 -2 8 0 7 12 7 6 8 13 
13 8 6 7 12 7 0 8 -2 -15 11 5 -12 16 14 3 12 12 12 7 
5 13 -16 15 -10 9 12 -13 4 11 5 14 -5 2 4 14 14 13 8 12 
-7 8 10 11 -4 4 9 13 -8 9 4 10 -1 -16 -11 6 -16 7 16 5 
1 16 5 4 10 13 2 1 10 12 1 1 15 15 8 -7 -4 7 -11 15 
9 11 10 10 12 -16 12 4 2 15 -16 14 -13 12 12 13 1 8 4 6 
-16 4 10 8 5 0 3 4 3 13 5 -14 0 15 11 16 12 15 12 1 
8 12 4 -14 11 8 6 1 6 14 13 -7 7 -14 11 4 9 -12 10 12 
-9 3 5 1 5 8 6 12 -11 1 1 16 1 0 5 0 9 8 12 4 
14 14 2 5 13 12 -12 10 11 4 1 8 12 3 15 3 -16 5 1 -11 
8 -2 7 3 7 5 10 2 7 6 -3 -2 -7 8 -6 -9 -5 8 -3 -4 
38
5
12 0
19 2
12 15
6 17
17 13
7 19
0 17
7 4
13 2
2 6
6
11 18 12
3 16 11
7 9 9
8 1 12
16 3 11
12 10 9
26
16 9
9 5
8 3
13 12
17 7
1 16
12 13
6 11
0 19
19 6
14 11
2 10
3 13
3 10
10 14
11 16
6 7
2 12
18 3
7 6
13 8
19 0
0 13
5 8
17 9
16 6
