20 20
2 2 4 -2 8 8 1 3 -2 -3 0 -9 9 0 8 5 3 2 2 8 
-7 9 9 5 1 3 1 8 3 5 -9 -5 -6 2 0 7 8 7 0 -6 
-1 5 1 -6 6 7 8 2 -6 9 -7 7 3 6 2 9 6 0 3 4 
0 -6 0 -1 1 5 -2 -1 1 -4 6 5 -8 -8 -9 4 6 4 2 5 
3 9 7 1 8 -8 5 8 -1 -5 -1 -2 0 1 3 -9 -4 1 7 4 
7 4 1 2 9 6 -4 5 -5 0 4 5 2 4 7 6 9 7 6 -8 
1 6 3 7 8 3 2 3 1 2 1 -5 4 8 4 3 -8 7 3 1 
4 2 6 6 6 6 6 -2 8 -9 0 1 4 -3 3 2 9 7 5 7 
2 6 4 5 5 4 8 7 7 6 5 6 8 1 5 1 7 7 2 -1 
6 6 7 5 2 9 -7 2 -1 6 -2 5 3 2 7 -4 -7 3 8 -1 
-1 8 3 -7 -4 7 2 3 5 -2 6 -1 2 -7 9 2 5 7 6 6 
-1 2 7 7 1 5 1 8 6 5 6 7 7 8 4 5 5 4 6 2 
7 5 7 9 2 3 -3 4 1 0 -9 8 -2 6 6 6 6 6 2 4 
1 3 7 -8 3 4 8 4 -5 1 2 1 3 2 3 8 7 3 6 1 
-8 6 7 9 6 7 4 2 5 4 0 -5 5 -4 6 9 2 1 4 7 
4 7 1 -4 -9 3 1 0 -2 -1 -5 -1 8 5 -8 8 1 7 9 3 
5 2 4 6 4 -9 -8 -8 5 6 -4 1 -1 -2 5 1 -1 0 -6 0 
4 3 0 6 9 2 6 3 7 -7 9 -6 2 8 7 6 -6 1 5 -1 
-6 0 7 8 7 0 2 -6 -5 -9 5 3 8 1 3 1 5 9 9 -7 
8 2 2 3 5 8 0 9 -9 0 -3 -2 3 1 8 8 -2 4 2 2 
54
8
8 18
14 0
3 13
2 0
8 1
2 4
5 11
12 16
11 1
5 19
16 6
17 19
11 18
17 15
14 8
7 3
18
5 8 12
6 12 16
17 6 14
9 4 16
8 13 12
19 8 13
16 4 16
0 19 12
10 17 10
14 11 12
13 7 16
2 13 14
10 15 16
11 6 12
0 11 13
3 15 16
19 0 12
9 2 10
38
1 4
16 14
11 10
6 13
0 5
3 14
11 5
6 9
17 13
4 11
1 0
18 16
15 11
8 2
17 0
9 15
13 1
13 9
16 17
18 15
3 5
8 9
13 6
19 14
16 5
8 14
13 10
2 6
15 8
18 19
1 3
4 8
11 17
2 19
10 4
6 18
6 10
3 2
