20 20
12 1 8 5 2 4 -7 2 -10 5 10 9 10 5 -10 7 -12 3 -12 -8 
1 3 9 0 2 11 -2 7 8 -7 -4 1 0 1 -4 1 -6 12 8 10 
12 8 -8 1 3 -7 4 4 5 6 -9 7 11 5 12 -1 -10 5 -11 11 
-3 0 6 3 11 4 0 -10 10 3 -11 -8 8 9 8 9 5 12 12 3 
1 -1 11 -4 9 10 -12 3 11 -12 11 2 -3 1 8 8 9 3 7 3 
6 4 11 4 4 -12 -12 12 10 8 7 7 10 12 6 5 10 -11 2 -2 
2 8 7 0 7 11 -1 -11 10 9 8 4 10 -4 -2 0 10 7 10 10 
-6 -10 8 -12 0 4 3 7 11 5 0 -2 2 3 2 8 10 -3 8 6 
-8 0 2 -5 12 3 4 -12 11 2 -9 9 1 12 1 8 6 1 7 8 
8 2 5 -1 -3 7 -1 8 7 4 8 0 -9 -11 8 8 8 -7 10 8 
8 10 -7 8 8 8 -11 -9 0 8 4 7 8 -1 7 -3 -1 5 2 8 
8 7 1 6 8 1 12 1 9 -9 2 11 -12 4 3 12 -5 2 0 -8 
6 8 -3 10 8 2 3 2 -2 0 5 11 7 3 4 0 -12 8 -10 -6 
10 10 7 10 0 -2 -4 10 4 8 9 10 -11 -1 11 7 0 7 8 2 
-2 2 -11 10 5 6 12 10 7 7 8 10 12 -12 -12 4 4 11 4 6 
3 7 3 9 8 8 1 -3 2 11 -12 11 3 -12 10 9 -4 11 -1 1 
3 12 12 5 9 8 9 8 -8 -11 3 10 -10 0 4 11 3 6 0 -3 
11 -11 5 -10 -1 12 5 11 7 -9 6 5 4 4 -7 3 1 -8 8 12 
10 8 12 -6 1 -4 1 0 1 -4 -7 8 7 -2 11 2 0 9 3 1 
-8 -12 3 -12 7 -10 5 10 9 10 5 -10 2 -7 4 2 5 8 1 12 
50
5
0 16
7 15
10 14
13 2
8 2
19 3
12 4
9 5
6 17
11 17
12
19 0 11
15 5 10
18 0 13
17 6 16
9 11 11
16 2 12
0 19 11
4 14 10
1 19 13
2 13 16
10 8 11
3 17 12
30
16 6
17 18
1 18
16 10
18 13
1 9
12 14
7 14
18 6
13 15
3 8
16 18
16 9
15 9
14 16
3 13
2 1
18 1
3 9
1 6
18 10
7 5
12 5
1 13
6 4
16 11
3 1
3 10
4 10
5 3
