20 20
15 21 14 -24 3 -21 0 23 0 -8 -24 9 8 19 9 6 1 7 15 -12 
19 15 3 4 -24 19 15 1 19 -20 16 25 -9 9 -10 -6 12 8 17 23 
12 12 13 16 5 4 6 13 17 20 -13 -12 17 14 14 10 -14 14 2 21 
12 16 21 -18 9 8 11 16 -18 20 -20 24 -7 4 22 3 25 23 8 6 
7 17 15 2 24 3 16 19 8 5 -13 2 15 1 -2 14 -6 10 -3 15 
15 14 2 -1 11 -13 -13 -19 25 -1 -10 25 16 7 -25 5 -13 -22 8 1 
13 4 8 16 -2 20 -13 -12 13 10 -22 24 -17 5 -22 1 18 25 17 -4 
21 0 -22 -3 3 -5 8 6 3 7 -12 15 16 10 15 2 18 19 -1 -4 
5 10 8 13 20 11 21 14 15 11 18 4 -4 24 -23 6 24 -22 14 -16 
13 9 11 -1 -6 17 12 8 2 9 -15 0 24 15 25 17 18 24 25 -8 
-8 25 24 18 17 25 15 24 0 -15 9 2 8 12 17 -6 -1 11 9 13 
-16 14 -22 24 6 -23 24 -4 4 18 11 15 14 21 11 20 13 8 10 5 
-4 -1 19 18 2 15 10 16 15 -12 7 3 6 8 -5 3 -3 -22 0 21 
-4 17 25 18 1 -22 5 -17 24 -22 10 13 -12 -13 20 -2 16 8 4 13 
1 8 -22 -13 5 -25 7 16 25 -10 -1 25 -19 -13 -13 11 -1 2 14 15 
15 -3 10 -6 14 -2 1 15 2 -13 5 8 19 16 3 24 2 15 17 7 
6 8 23 25 3 22 4 -7 24 -20 20 -18 16 11 8 9 -18 21 16 12 
21 2 14 -14 10 14 14 17 -12 -13 20 17 13 6 4 5 16 13 12 12 
23 17 8 12 -6 -10 9 -9 25 16 -20 19 1 15 19 -24 4 3 15 19 
-12 15 7 1 6 9 19 8 9 -24 -8 0 23 0 -21 3 -24 14 21 15 
42
2
10 11
6 13
9 8
13 6
8
3 5 16
17 12 11
8 16 8
7 13 10
16 14 16
2 7 11
11 3 8
12 6 10
30
1 5
13 2
10 0
2 17
7 8
0 7
3 19
19 1
8 1
17 19
14 1
1 17
16 19
14 4
14 19
18 14
6 17
9 19
17 2
12 11
19 12
16 0
0 18
11 18
2 0
5 18
18 2
3 0
5 15
5 0
