20 20
15 25 22 -6 25 17 -20 3 21 22 11 22 0 25 11 9 13 4 3 0 
9 17 -24 23 -2 5 22 15 15 17 -12 9 -10 1 -7 -12 4 9 2 18 
8 13 17 11 -9 3 23 22 9 12 19 3 -24 0 4 15 11 -19 -11 -21 
4 -19 13 -25 22 20 12 1 7 25 22 24 14 19 -21 22 18 17 -16 1 
4 3 7 -5 3 -14 9 -21 14 -7 9 17 14 17 8 2 4 20 24 9 
18 -24 0 -19 -21 18 -8 -26 15 12 7 17 6 -16 15 10 12 -23 13 1 
-7 23 10 7 -16 2 2 22 19 4 11 4 1 9 10 20 3 -21 -17 21 
9 -7 -11 25 14 23 1 17 6 24 18 7 13 -17 15 24 -19 19 5 6 
23 -12 11 14 -4 14 2 4 6 -21 15 0 9 14 19 24 -10 1 -3 4 
11 26 19 5 -18 13 16 5 -13 -20 25 -19 9 -7 25 8 -11 -19 26 20 
20 26 -19 -11 8 25 -7 9 -19 25 -20 -13 5 16 13 -18 5 19 26 11 
4 -3 1 -10 24 19 14 9 0 15 -21 6 4 2 14 -4 14 11 -12 23 
6 5 19 -19 24 15 -17 13 7 18 24 6 17 1 23 14 25 -11 -7 9 
21 -17 -21 3 20 10 9 1 4 11 4 19 22 2 2 -16 7 10 23 -7 
1 13 -23 12 10 15 -16 6 17 7 12 15 -26 -8 18 -21 -19 0 -24 18 
9 24 20 4 2 8 17 14 17 9 -7 14 -21 9 -14 3 -5 7 3 4 
1 -16 17 18 22 -21 19 14 24 22 25 7 1 12 20 22 -25 13 -19 4 
-21 -11 -19 11 15 4 0 -24 3 19 12 9 22 23 3 -9 11 17 13 8 
18 2 9 4 -12 -7 1 -10 9 -12 17 15 15 22 5 -2 23 -24 17 9 
0 3 4 13 9 11 25 0 22 11 22 21 3 -20 17 25 -6 22 25 15 
57
6
12 5
8 16
15 5
2 17
19 14
1 11
7 14
11 3
4 14
17 2
0 5
18 8
12
10 13 16
0 3 13
11 15 14
5 9 15
4 16 8
3 1 12
9 6 16
19 16 13
8 4 14
14 10 15
15 3 8
16 18 12
34
6 11
2 14
1 10
17 16
18 12
19 17
13 18
0 11
16 0
4 19
8 10
6 9
4 11
3 18
1 2
10 4
8 6
13 8
17 5
18 9
2 3
1 7
0 2
6 1
19 8
3 19
15 0
11 9
13 10
15 8
16 1
18 17
9 15
11 13
