20 20
-17 19 3 27 25 4 13 1 7 11 18 -20 -5 -23 -17 3 25 24 25 -11 
-22 11 13 19 5 4 25 -4 9 23 10 15 26 3 18 25 4 10 8 11 
14 -23 12 1 15 22 9 23 -12 10 15 -12 -11 4 9 -16 3 14 0 24 
23 27 -21 11 3 0 23 13 17 8 10 -14 -23 10 20 -6 2 -10 9 22 
1 15 12 12 15 21 -24 18 10 -2 -19 23 12 13 21 -7 -19 -24 15 6 
15 2 20 -21 23 12 20 0 23 21 16 23 -19 -5 8 10 -7 11 19 -9 
3 -24 -4 -25 -14 -9 -21 23 2 13 23 19 -2 1 -21 6 21 14 25 3 
-4 12 1 -2 -4 27 -19 -9 16 23 -5 -24 -18 11 19 9 -21 6 22 0 
-19 6 7 19 4 17 6 -2 -4 -8 20 3 26 8 19 21 23 -5 3 -12 
3 20 25 14 -10 18 6 -14 23 7 18 13 27 -19 7 18 23 12 0 6 
6 0 12 23 18 7 -19 27 13 18 7 23 -14 6 18 -10 14 25 20 3 
-12 3 -5 23 21 19 8 26 3 20 -8 -4 -2 6 17 4 19 7 6 -19 
0 22 6 -21 9 19 11 -18 -24 -5 23 16 -9 -19 27 -4 -2 1 12 -4 
3 25 14 21 6 -21 1 -2 19 23 13 2 23 -21 -9 -14 -25 -4 -24 3 
-9 19 11 -7 10 8 -5 -19 23 16 21 23 0 20 12 23 -21 20 2 15 
6 15 -24 -19 -7 21 13 12 23 -19 -2 10 18 -24 21 15 12 12 15 1 
22 9 -10 2 -6 20 10 -23 -14 10 8 17 13 23 0 3 11 -21 27 23 
24 0 14 3 -16 9 4 -11 -12 15 10 -12 23 9 22 15 1 12 -23 14 
11 8 10 4 25 18 3 26 15 10 23 9 -4 25 4 5 19 13 11 -22 
-11 25 24 25 3 -17 -23 -5 -20 18 11 7 1 13 4 25 27 3 19 -17 
31
2
7 16
8 15
12 3
11 4
12
4 13 9
1 9 8
18 17 9
11 1 16
2 19 12
16 18 14
15 6 9
18 10 8
1 2 9
8 18 16
17 0 12
3 1 14
38
6 10
5 19
14 19
12 18
3 14
9 14
0 5
8 9
9 12
19 18
10 8
1 15
1 17
10 4
3 4
14 15
12 7
14 6
12 4
13 9
14 0
5 0
7 1
16 5
10 5
19 14
11 10
10 7
0 1
9 11
18 4
18 2
9 15
16 15
5 4
7 12
5 13
7 15
