20 20
0 1 3 1 4 4 3 2 0 -3 2 -3 -2 1 1 1 -1 4 -4 0 
-3 3 4 0 -3 -2 -1 -4 0 3 2 2 2 -1 3 4 -1 3 -1 3 
3 4 4 2 0 2 1 4 0 4 3 2 3 4 0 -1 4 1 -1 3 
-3 3 4 2 2 1 3 3 -2 3 2 -4 1 2 1 -1 1 0 -4 3 
3 4 4 1 0 -3 2 0 0 4 3 0 2 -1 -3 4 3 4 4 -1 
3 1 4 -1 2 2 2 1 2 3 0 3 -2 -2 -4 3 2 0 2 2 
3 0 0 1 2 3 -4 2 2 4 4 3 0 3 1 2 0 0 -1 0 
1 -4 4 1 3 3 2 2 3 4 1 -4 4 4 -2 0 2 -4 4 3 
1 -1 -3 4 -1 1 4 0 -2 -3 1 4 1 4 3 3 1 1 2 3 
0 4 -3 1 2 2 3 2 4 2 0 1 3 3 3 1 1 4 2 -2 
-2 2 4 1 1 3 3 3 1 0 2 4 2 3 2 2 1 -3 4 0 
3 2 1 1 3 3 4 1 4 1 -3 -2 0 4 1 -1 4 -3 -1 1 
3 4 -4 2 0 -2 4 4 -4 1 4 3 2 2 3 3 1 4 -4 1 
0 -1 0 0 2 1 3 0 3 4 4 2 2 -4 3 2 1 0 0 3 
2 2 0 2 3 -4 -2 -2 3 0 3 2 1 2 2 2 -1 4 1 3 
-1 4 4 3 4 -3 -1 2 0 3 4 0 0 2 -3 0 1 4 4 3 
3 -4 0 1 -1 1 2 1 -4 2 3 -2 3 3 1 2 2 4 3 -3 
3 -1 1 4 -1 0 4 3 2 3 4 0 4 1 2 0 2 4 4 3 
3 -1 3 -1 4 3 -1 2 2 2 3 0 -4 -1 -2 -3 0 4 3 -3 
0 -4 4 -1 1 1 1 -2 -3 2 -3 0 2 3 4 4 1 3 1 0 
51
2
3 2
12 7
16 17
7 12
6
17 3 16
13 7 15
14 5 12
2 16 16
6 12 15
5 14 12
34
2 4
5 7
2 17
8 17
5 1
0 10
2 0
8 0
1 14
17 5
10 11
11 0
18 19
8 4
4 0
19 5
11 6
17 15
14 12
17 2
11 2
14 18
19 9
17 19
11 19
18 5
2 14
9 8
8 19
1 0
11 15
15 19
0 14
8 13
