20 20
0 -7 -23 8 -16 0 4 13 16 16 22 -18 11 -5 6 -13 8 11 2 21 
23 7 -15 5 8 23 -19 -22 -13 11 2 -13 6 -16 22 16 6 -12 17 2 
8 -4 17 8 8 13 1 13 4 -3 15 14 21 -3 15 6 8 4 -22 11 
21 19 -13 11 17 9 10 22 0 5 -5 13 21 22 15 21 24 -21 24 17 
23 24 11 3 7 15 -19 -10 2 -2 14 8 10 4 24 23 14 22 -22 11 
9 18 22 -13 4 -15 -3 5 -14 -17 13 10 8 -13 21 -15 7 17 0 21 
23 15 5 16 24 14 20 -8 -9 24 21 -1 2 -17 7 22 18 4 12 -2 
4 23 -11 -9 21 -17 10 16 -4 22 5 24 23 15 -12 2 -6 -18 10 -15 
-10 -17 -2 -23 24 9 4 -21 19 11 19 19 18 -14 21 18 8 9 -23 15 
-3 -12 17 5 -13 7 14 24 -17 15 21 8 -3 6 -22 20 5 14 11 -8 
-8 11 14 5 20 -22 6 -3 8 21 15 -17 24 14 7 -13 5 17 -12 -3 
15 -23 9 8 18 21 -14 18 19 19 11 19 -21 4 9 24 -23 -2 -17 -10 
-15 10 -18 -6 2 -12 15 23 24 5 22 -4 16 10 -17 21 -9 -11 23 4 
-2 12 4 18 22 7 -17 2 -1 21 24 -9 -8 20 14 24 16 5 15 23 
21 0 17 7 -15 21 -13 8 10 13 -17 -14 5 -3 -15 4 -13 22 18 9 
11 -22 22 14 23 24 4 10 8 14 -2 2 -10 -19 15 7 3 11 24 23 
17 24 -21 24 21 15 22 21 13 -5 5 0 22 10 9 17 11 -13 19 21 
11 -22 4 8 6 15 -3 21 14 15 -3 4 13 1 13 8 8 17 -4 8 
2 17 -12 6 16 22 -16 6 -13 2 11 -13 -22 -19 23 8 5 -15 7 23 
21 2 11 8 -13 6 -5 11 -18 22 16 16 13 4 0 -16 8 -23 -7 0 
53
7
9 13
0 14
15 6
0 5
1 15
12 4
11 5
10 6
19 5
4 13
19 14
18 4
7 15
8 14
16
18 1 11
15 12 12
12 18 14
7 9 12
12 8 9
1 2 10
12 13 14
2 6 13
1 18 11
4 7 12
7 1 14
12 10 12
7 11 9
18 17 10
7 6 14
17 13 13
34
0 17
8 9
2 10
2 18
1 6
4 6
10 16
15 17
0 3
14 16
6 10
13 16
6 15
5 4
9 1
7 13
17 5
19 2
11 10
17 9
17 1
18 13
15 13
9 3
4 2
19 16
5 3
13 9
6 3
13 4
14 15
10 18
12 6
2 14
