20 20
2 -3 12 12 18 10 7 21 1 22 26 9 -8 -9 18 22 25 -17 -9 12 
21 -19 -18 -14 4 4 -15 -24 8 -24 11 20 9 24 -17 6 5 20 23 -26 
2 -4 6 -11 19 18 13 21 12 -26 9 1 15 -4 15 18 18 19 24 20 
-19 3 5 2 14 9 -27 7 27 14 11 -26 -7 16 1 4 11 21 -17 -26 
6 23 24 20 5 -12 21 22 -19 20 -14 19 18 18 -10 -4 -20 -13 -16 -10 
25 24 21 7 -24 0 3 -15 11 1 19 12 12 -18 -24 -5 23 23 -27 5 
16 18 4 14 -21 5 25 -24 20 1 22 21 2 -4 25 24 10 20 11 2 
2 -27 12 4 -7 -6 -17 -14 -17 26 18 19 11 10 8 6 2 19 10 2 
17 4 26 18 16 26 7 -24 26 11 21 22 15 22 22 -4 22 -26 -20 -1 
8 15 8 10 13 2 5 4 -2 -3 5 24 -2 11 21 10 14 6 16 13 
13 16 6 14 10 21 11 -2 24 5 -3 -2 4 5 2 13 10 8 15 8 
-1 -20 -26 22 -4 22 22 15 22 21 11 26 -24 7 26 16 18 26 4 17 
2 10 19 2 6 8 10 11 19 18 26 -17 -14 -17 -6 -7 4 12 -27 2 
2 11 20 10 24 25 -4 2 21 22 1 20 -24 25 5 -21 14 4 18 16 
5 -27 23 23 -5 -24 -18 12 12 19 1 11 -15 3 0 -24 7 21 24 25 
-10 -16 -13 -20 -4 -10 18 18 19 -14 20 -19 22 21 -12 5 20 24 23 6 
-26 -17 21 11 4 1 16 -7 -26 11 14 27 7 -27 9 14 2 5 3 -19 
20 24 19 18 18 15 -4 15 1 9 -26 12 21 13 18 19 -11 6 -4 2 
-26 23 20 5 6 -17 24 9 20 11 -24 8 -24 -15 4 4 -14 -18 -19 21 
12 -9 -17 25 22 18 -9 -8 9 26 22 1 21 7 10 18 12 12 -3 2 
35
7
7 6
16 9
3 11
13 16
0 6
14 2
18 4
12 13
3 10
16 8
6 3
19 13
5 17
1 15
16
5 10 9
17 2 11
19 9 13
17 10 9
5 13 14
1 16 10
12 7 15
10 8 15
14 9 9
2 17 11
0 10 13
2 9 9
14 6 14
18 3 10
7 12 15
9 11 15
40
4 15
8 3
16 0
13 17
16 13
19 1
10 0
11 0
8 18
15 12
0 2
2 3
16 3
4 6
10 7
10 2
13 4
19 2
7 17
10 11
15 4
11 16
3 19
6 2
3 6
0 18
9 19
8 19
11 1
4 7
19 17
17 16
3 16
15 13
9 12
9 17
6 15
0 17
12 2
9 8
