20 20
0 8 7 -14 -19 1 15 13 5 5 13 6 -14 4 18 9 15 13 -8 -14 
17 0 -8 18 -2 12 -2 6 -1 -4 12 1 -18 12 3 -16 4 15 16 -6 
19 -4 6 10 -13 9 9 7 1 7 6 -11 -12 9 11 -15 -2 19 17 13 
7 -17 4 7 -3 9 18 9 -11 14 12 4 6 -6 10 6 11 5 -11 -15 
1 -10 1 15 15 7 12 -8 6 -12 -7 7 8 17 3 12 1 9 3 9 
13 0 -18 15 16 11 8 5 2 5 16 3 5 6 -16 14 8 10 -9 13 
-4 1 18 18 0 17 4 9 7 -6 17 11 -18 13 4 10 18 15 -12 9 
3 10 1 -3 4 7 4 8 13 -19 13 13 16 -1 -12 -1 -8 9 9 8 
1 -19 18 -11 13 18 19 8 4 -12 4 -19 5 -8 9 17 -4 3 7 7 
-16 12 -17 9 -5 5 18 18 6 11 7 17 4 -6 -1 17 8 -19 -3 9 
9 -3 -19 8 17 -1 -6 4 17 7 11 6 18 18 5 -5 9 -17 12 -16 
7 7 3 -4 17 9 -8 5 -19 4 -12 4 8 19 18 13 -11 18 -19 1 
8 9 9 -8 -1 -12 -1 16 13 13 -19 13 8 4 7 4 -3 1 10 3 
9 -12 15 18 10 4 13 -18 11 17 -6 7 9 4 17 0 18 18 1 -4 
13 -9 10 8 14 -16 6 5 3 16 5 2 5 8 11 16 15 -18 0 13 
9 3 9 1 12 3 17 8 7 -7 -12 6 -8 12 7 15 15 1 -10 1 
-15 -11 5 11 6 10 -6 6 4 12 14 -11 9 18 9 -3 7 4 -17 7 
13 17 19 -2 -15 11 9 -12 -11 6 7 1 7 9 9 -13 10 6 -4 19 
-6 16 15 4 -16 3 12 -18 1 12 -4 -1 6 -2 12 -2 18 -8 0 17 
-14 -8 13 15 9 18 4 -14 6 13 5 5 13 15 1 -19 -14 7 8 0 
38
3
2 5
18 15
1 2
17 14
1 4
18 17
8
4 9 8
19 8 8
3 19 9
1 15 10
15 10 8
0 11 8
16 0 9
18 4 10
38
7 8
13 8
2 10
9 17
13 19
16 5
14 18
15 13
16 13
19 17
13 15
5 2
0 18
10 16
5 16
18 12
3 1
12 15
13 7
12 11
6 11
17 9
10 2
6 0
3 14
5 1
4 6
3 6
0 2
6 4
14 17
19 1
9 3
14 3
1 7
16 18
7 4
6 12
