20 20
0 -1 1 2 0 3 -2 3 0 -3 0 4 2 1 3 2 0 3 -3 4 
2 0 0 -1 -2 2 3 3 4 2 3 3 0 4 -4 3 4 4 0 -4 
1 3 -1 3 3 4 1 3 1 2 -1 0 0 -2 2 3 2 3 2 3 
0 3 1 -2 -1 1 4 1 2 -1 3 1 1 1 4 3 3 4 0 2 
2 1 0 4 1 1 3 1 3 3 3 1 -3 3 0 -3 4 2 -1 1 
-1 -3 -1 2 -3 0 4 4 -4 0 2 1 2 0 -2 4 0 4 0 2 
2 2 2 1 2 -4 2 4 0 -3 -4 2 2 2 3 4 2 3 1 4 
3 4 0 4 3 -1 2 -4 3 4 0 -1 3 3 4 4 1 3 0 0 
2 1 -3 0 -4 2 3 1 1 -3 1 -2 3 1 1 -1 3 2 -4 1 
4 0 4 3 4 -4 1 -3 0 4 0 4 3 2 0 2 4 0 -4 2 
2 -4 0 4 2 0 2 3 4 0 4 0 -3 1 -4 4 3 4 0 4 
1 -4 2 3 -1 1 1 3 -2 1 -3 1 1 3 2 -4 0 -3 1 2 
0 0 3 1 4 4 3 3 -1 0 4 3 -4 2 -1 3 4 0 4 3 
4 1 3 2 4 3 2 2 2 -4 -3 0 4 2 -4 2 1 2 2 2 
2 0 4 0 4 -2 0 2 1 2 0 -4 4 4 0 -3 2 -1 -3 -1 
1 -1 2 4 -3 0 3 -3 1 3 3 3 1 3 1 1 4 0 1 2 
2 0 4 3 3 4 1 1 1 3 -1 2 1 4 1 -1 -2 1 3 0 
3 2 3 2 3 2 -2 0 0 -1 2 1 3 1 4 3 3 -1 3 1 
-4 0 4 4 3 -4 4 0 3 3 2 4 3 3 2 -2 -1 0 0 2 
4 -3 3 0 2 3 1 2 4 0 -3 0 3 -2 3 0 2 1 -1 0 
59
2
4 15
4 17
15 4
15 2
10
8 13 12
13 8 15
16 9 11
4 5 11
16 11 9
11 6 12
6 11 15
3 10 11
15 14 11
3 8 9
36
8 19
11 15
15 5
19 16
16 3
0 6
3 1
17 13
0 15
5 14
6 18
16 15
0 17
2 15
19 5
18 8
9 2
13 16
11 0
8 4
4 14
0 3
3 16
19 13
16 18
2 6
19 4
14 5
13 1
3 4
19 2
17 4
0 14
1 11
10 17
6 3
