20 20
6 2 23 9 20 20 12 1 24 16 19 24 8 21 7 3 2 0 4 8 
-21 2 20 25 -2 19 24 -17 -16 13 -1 -17 28 27 -26 -27 29 -10 17 18 
28 10 -29 -9 5 5 15 30 22 10 13 -16 -20 13 2 26 -29 20 6 5 
6 4 28 9 24 -27 -22 8 2 25 25 3 25 7 25 6 0 9 -7 15 
-7 10 -24 20 1 11 18 17 7 3 0 28 -8 8 13 18 3 20 22 -18 
3 -4 4 22 23 9 27 -28 23 24 18 4 -17 19 10 10 7 -13 -11 28 
-12 15 -15 6 20 16 28 26 22 12 18 24 19 21 16 1 18 4 9 12 
10 4 14 10 23 6 25 -8 21 22 20 9 17 2 28 15 18 -13 1 15 
26 29 -7 12 12 20 17 -24 30 29 29 29 20 12 2 -9 -3 18 3 4 
30 7 29 29 -11 14 -19 21 17 -14 14 29 8 16 -7 1 3 6 -26 -15 
-15 -26 6 3 1 -7 16 8 29 14 -14 17 21 -19 14 -11 29 29 7 30 
4 3 18 -3 -9 2 12 20 29 29 29 30 -24 17 20 12 12 -7 29 26 
15 1 -13 18 15 28 2 17 9 20 22 21 -8 25 6 23 10 14 4 10 
12 9 4 18 1 16 21 19 24 18 12 22 26 28 16 20 6 -15 15 -12 
28 -11 -13 7 10 10 19 -17 4 18 24 23 -28 27 9 23 22 4 -4 3 
-18 22 20 3 18 13 8 -8 28 0 3 7 17 18 11 1 20 -24 10 -7 
15 -7 9 0 6 25 7 25 3 25 25 2 8 -22 -27 24 9 28 4 6 
5 6 20 -29 26 2 13 -20 -16 13 10 22 30 15 5 5 -9 -29 10 28 
18 17 -10 29 -27 -26 27 28 -17 -1 13 -16 -17 24 19 -2 25 20 2 -21 
8 4 0 2 3 7 21 8 24 19 16 24 1 12 20 20 9 23 2 6 
40
7
13 19
18 11
8 6
5 2
0 13
16 15
17 0
6 0
1 8
11 13
14 17
19 6
3 4
2 19
20
7 13 9
11 16 14
0 1 12
7 2 16
7 16 14
17 13 15
10 4 11
16 12 11
5 11 9
7 5 11
12 6 9
8 3 14
19 18 12
12 17 16
12 3 14
2 6 15
9 15 11
3 7 11
14 8 9
12 14 11
32
19 1
2 11
4 0
6 2
18 10
9 19
0 5
12 15
1 10
2 13
16 0
10 14
14 7
10 19
17 18
2 8
0 18
17 8
15 19
13 17
1 9
10 0
19 14
7 4
18 9
17 6
3 19
9 5
5 12
9 0
2 1
17 11
