20 20
-2 4 3 2 -3 0 2 1 1 -1 3 3 1 4 3 1 3 1 1 2 
-4 -3 1 2 4 2 3 1 1 3 4 -3 -3 1 4 -3 4 -1 2 2 
4 1 4 4 4 1 -1 3 3 2 0 3 -1 -4 0 4 2 3 1 2 
4 -4 4 0 -4 1 1 4 4 0 4 3 2 -2 0 0 3 2 1 1 
-4 3 3 0 -1 4 3 -4 3 3 -2 3 -1 4 -2 -3 4 0 -1 1 
1 1 3 1 4 1 1 -3 -3 0 3 3 3 -4 2 -2 1 0 -1 1 
3 3 2 -4 2 -4 2 0 -3 2 0 3 -4 1 -3 -2 2 -4 2 2 
1 2 0 1 3 -4 2 0 3 1 3 -2 -4 4 2 2 1 2 1 2 
0 1 -2 4 4 4 0 2 0 0 3 1 0 3 4 1 4 -4 3 2 
2 2 4 0 3 -3 1 4 2 4 3 2 2 3 1 4 1 -3 4 3 
3 4 -3 1 4 1 3 2 2 3 4 2 4 1 -3 3 0 4 2 2 
2 3 -4 4 1 4 3 0 1 3 0 0 2 0 4 4 4 -2 1 0 
2 1 2 1 2 2 4 -4 -2 3 1 3 0 2 -4 3 1 0 2 1 
2 2 -4 2 -2 -3 1 -4 3 0 2 -3 0 2 -4 2 -4 2 3 3 
1 -1 0 1 -2 2 -4 3 3 3 0 -3 -3 1 1 4 1 3 1 1 
1 -1 0 4 -3 -2 4 -1 3 -2 3 3 -4 3 4 -1 0 3 3 -4 
1 1 2 3 0 0 -2 2 3 4 0 4 4 1 1 -4 0 4 -4 4 
2 1 3 2 4 0 -4 -1 3 0 2 3 3 -1 1 4 4 4 1 4 
2 2 -1 4 -3 4 1 -3 -3 4 3 1 1 3 2 4 2 1 -3 -4 
2 1 1 3 1 3 4 1 3 3 -1 1 1 2 0 -3 2 3 4 -2 
40
2
16 2
18 15
3 17
1 4
20
17 18 11
11 5 10
9 8 11
1 2 11
4 13 9
1 13 12
8 7 14
16 17 12
3 5 16
4 17 12
2 1 11
8 14 10
10 11 11
18 17 11
15 6 9
18 6 12
11 12 14
3 2 12
16 14 16
15 2 12
34
13 4
2 17
1 5
19 1
7 17
19 15
17 16
9 12
17 0
18 0
13 1
6 13
6 12
2 11
5 15
7 4
15 3
6 15
17 2
18 14
0 18
12 2
0 4
2 3
10 7
2 19
1 19
6 18
13 6
13 7
17 8
14 4
12 15
4 16
