20 20
4 1 -7 6 3 0 -4 7 -7 -4 4 -6 2 -4 3 2 6 7 1 -6 
7 2 4 -5 0 5 -2 -7 5 7 1 5 1 6 2 -2 4 7 -6 0 
-5 7 4 -1 7 5 0 4 7 4 -1 -1 4 7 1 7 2 6 3 1 
2 2 4 -2 3 5 -4 3 5 1 4 5 2 -7 0 4 6 2 4 1 
-1 -3 -6 2 3 -1 -5 -1 -7 6 -3 6 0 -2 2 -4 -5 7 -6 3 
-3 4 5 -5 5 3 2 -1 -2 5 3 0 1 -7 -1 2 1 -3 7 -4 
4 3 -7 0 6 -3 1 -1 1 -4 0 -2 1 3 4 -4 -1 7 0 2 
-1 1 7 5 4 -7 -6 7 1 7 3 7 0 -4 -2 -1 5 -3 7 -3 
7 2 7 5 1 3 5 3 -5 -1 7 1 7 4 3 6 5 5 -7 4 
5 7 7 -4 -4 1 -3 6 2 1 3 -1 2 -7 5 4 4 7 3 4 
4 3 7 4 4 5 -7 2 -1 3 1 2 6 -3 1 -4 -4 7 7 5 
4 -7 5 5 6 3 4 7 1 7 -1 -5 3 5 3 1 5 7 2 7 
-3 7 -3 5 -1 -2 -4 0 7 3 7 1 7 -6 -7 4 5 7 1 -1 
2 0 7 -1 -4 4 3 1 -2 0 -4 1 -1 1 -3 6 0 -7 3 4 
-4 7 -3 1 2 -1 -7 1 0 3 5 -2 -1 2 3 5 -5 5 4 -3 
3 -6 7 -5 -4 2 -2 0 6 -3 6 -7 -1 -5 -1 3 2 -6 -3 -1 
1 4 2 6 4 0 -7 2 5 4 1 5 3 -4 5 3 -2 4 2 2 
1 3 6 2 7 1 7 4 -1 -1 4 7 4 0 5 7 -1 4 7 -5 
0 -6 7 4 -2 2 6 1 5 1 7 5 -7 -2 5 0 -5 4 2 7 
-6 1 7 6 2 3 -4 2 -6 4 -4 -7 7 -4 0 3 6 -7 1 4 
38
5
2 19
18 13
4 16
19 5
12 11
17 0
1 6
15 3
0 14
7 8
14
1 14 9
0 19 8
2 0 16
16 8 8
13 9 9
15 13 12
4 7 16
18 5 9
19 0 8
17 19 16
3 11 8
6 10 9
4 6 12
15 12 16
40
1 16
18 19
16 2
16 7
5 13
19 4
16 13
12 16
14 17
17 8
1 19
14 19
11 16
7 10
13 0
5 12
12 7
14 9
16 6
19 13
18 3
1 0
3 17
3 12
14 6
0 15
3 6
7 3
5 2
2 11
18 0
5 0
8 3
12 9
6 19
14 7
7 12
5 10
3 13
0 6
