20 20
-4 1 4 4 3 -3 1 0 4 2 -1 2 2 0 1 4 1 3 0 -3 
0 2 4 3 2 2 2 4 1 -4 -4 4 -1 -3 3 3 0 2 3 3 
4 2 3 0 2 2 -1 3 2 -2 -4 2 4 -4 -4 1 1 2 3 3 
0 -2 4 -4 1 0 1 1 3 3 2 2 -4 3 0 4 -1 1 1 2 
1 2 3 0 2 4 0 2 -2 4 1 2 -4 1 4 -2 1 2 0 0 
-2 1 0 -3 1 3 -2 0 3 -4 3 2 4 2 2 -2 -2 3 1 2 
4 1 -1 3 -3 1 3 4 2 1 3 2 0 4 0 -4 2 2 4 4 
-3 -3 1 3 3 1 -3 3 3 -3 -3 4 1 -4 4 -4 3 1 4 1 
2 2 4 4 4 2 3 1 1 0 0 3 -1 1 -3 0 -4 3 1 -2 
0 4 -3 -3 0 1 0 4 2 2 2 -1 -1 3 0 0 1 3 3 2 
2 3 3 1 0 0 3 -1 -1 2 2 2 4 0 1 0 -3 -3 4 0 
-2 1 3 -4 0 -3 1 -1 3 0 0 1 1 3 2 4 4 4 2 2 
1 4 1 3 -4 4 -4 1 4 -3 -3 3 3 -3 1 3 3 1 -3 -3 
4 4 2 2 -4 0 4 0 2 3 1 2 4 3 1 -3 3 -1 1 4 
2 1 3 -2 -2 2 2 4 2 3 -4 3 0 -2 3 1 -3 0 1 -2 
0 0 2 1 -2 4 1 -4 2 1 4 -2 2 0 4 2 0 3 2 1 
2 1 1 -1 4 0 3 -4 2 2 3 3 1 1 0 1 -4 4 -2 0 
3 3 2 1 1 -4 -4 4 2 -4 -2 2 3 -1 2 2 0 3 2 4 
3 3 2 0 3 3 -3 -1 4 -4 -4 1 4 2 2 2 3 4 2 0 
-3 0 3 1 4 1 0 2 2 -1 2 4 0 1 -3 3 4 4 1 -4 
54
2
10 9
14 10
9 10
5 9
20
8 9 15
19 15 11
1 11 8
10 14 15
12 17 9
2 0 16
6 14 10
0 9 9
7 5 12
19 3 10
11 10 15
0 4 11
18 8 8
9 5 15
7 2 9
17 19 16
13 5 10
19 10 9
12 14 12
0 16 10
32
18 0
4 5
13 14
10 17
6 1
16 2
6 2
13 3
2 4
6 15
3 1
0 11
7 12
16 12
16 4
18 11
1 19
15 14
6 5
9 2
13 18
3 17
13 17
6 16
17 15
13 4
16 18
19 8
12 7
3 7
3 15
1 8
