20 20
1 -13 14 6 -5 15 9 -11 5 1 9 17 -10 11 -5 7 -11 1 12 15 
6 3 9 14 2 -15 10 4 3 13 10 10 3 3 8 15 11 -7 12 -12 
9 7 13 2 -15 -5 -14 8 3 16 17 8 9 6 6 6 4 6 15 4 
1 -13 1 15 4 10 9 -13 -15 2 7 -11 7 8 -15 4 17 -12 13 -5 
7 15 -17 -4 10 0 -1 -2 13 8 -16 2 5 6 14 4 17 9 -10 13 
14 -10 8 1 9 -3 -14 13 5 5 12 5 16 16 13 13 -8 4 3 -17 
13 -13 3 6 6 17 3 10 -12 8 15 14 14 -7 5 17 10 7 9 6 
3 2 17 13 -2 -14 10 0 5 7 11 -16 7 7 8 2 16 -9 5 12 
3 8 9 2 8 12 16 17 3 15 3 13 17 1 17 4 1 13 -13 11 
9 15 7 17 17 4 6 3 10 8 17 -9 16 6 11 -14 16 3 15 15 
15 15 3 16 -14 11 6 16 -9 17 8 10 3 6 4 17 17 7 15 9 
11 -13 13 1 4 17 1 17 13 3 15 3 17 16 12 8 2 9 8 3 
12 5 -9 16 2 8 7 7 -16 11 7 5 0 10 -14 -2 13 17 2 3 
6 9 7 10 17 5 -7 14 14 15 8 -12 10 3 17 6 6 3 -13 13 
-17 3 4 -8 13 13 16 16 5 12 5 5 13 -14 -3 9 1 8 -10 14 
13 -10 9 17 4 14 6 5 2 -16 8 13 -2 -1 0 10 -4 -17 15 7 
-5 13 -12 17 4 -15 8 7 -11 7 2 -15 -13 9 10 4 15 1 -13 1 
4 15 6 4 6 6 6 9 8 17 16 3 8 -14 -5 -15 2 13 7 9 
-12 12 -7 11 15 8 3 3 10 10 13 3 4 10 -15 2 14 9 3 6 
15 12 1 -11 7 -5 11 -10 17 9 1 5 -11 9 15 -5 6 14 -13 1 
43
3
4 1
10 16
13 4
15 18
9 3
6 15
6
5 14 10
9 7 10
18 1 16
14 5 10
10 12 10
1 18 16
32
7 14
5 15
11 10
13 12
0 11
8 15
17 4
8 5
16 12
6 11
4 17
3 8
10 2
10 4
18 2
18 16
12 5
14 4
8 9
6 7
19 8
11 4
2 15
11 14
3 7
13 8
15 2
16 11
9 17
9 15
1 17
1 3
