20 20
5 -13 0 17 2 -21 12 -18 -23 23 21 19 14 -6 -7 17 11 -21 5 10 
17 5 -16 21 5 -4 -20 18 -15 10 11 10 14 2 22 14 18 23 20 4 
12 16 -7 8 21 19 -15 -18 12 2 8 -1 1 9 17 14 23 22 14 1 
9 20 -8 21 -12 20 13 -4 16 -20 9 -10 -22 21 -5 2 4 -9 6 18 
-6 -1 11 10 18 19 5 -20 5 23 17 -14 21 7 17 -12 17 1 9 -8 
-9 2 -5 20 -8 11 21 2 4 11 12 18 22 2 -9 12 8 -18 4 20 
22 17 0 10 -1 -13 1 5 6 17 19 13 9 2 17 15 15 10 -19 3 
16 1 19 -23 16 8 15 3 12 18 4 18 5 17 -17 18 8 5 -16 17 
9 10 15 20 10 -11 7 14 4 2 3 5 -14 22 3 3 -11 1 10 -7 
14 22 20 -6 -4 -15 14 18 13 4 -8 -17 -19 -2 -15 -18 12 2 -2 11 
11 -2 2 12 -18 -15 -2 -19 -17 -8 4 13 18 14 -15 -4 -6 20 22 14 
-7 10 1 -11 3 3 22 -14 5 3 2 4 14 7 -11 10 20 15 10 9 
17 -16 5 8 18 -17 17 5 18 4 18 12 3 15 8 16 -23 19 1 16 
3 -19 10 15 15 17 2 9 13 19 17 6 5 1 -13 -1 10 0 17 22 
20 4 -18 8 12 -9 2 22 18 12 11 4 2 21 11 -8 20 -5 2 -9 
-8 9 1 17 -12 17 7 21 -14 17 23 5 -20 5 19 18 10 11 -1 -6 
18 6 -9 4 2 -5 21 -22 -10 9 -20 16 -4 13 20 -12 21 -8 20 9 
1 14 22 23 14 17 9 1 -1 8 2 12 -18 -15 19 21 8 -7 16 12 
4 20 23 18 14 22 2 14 10 11 10 -15 18 -20 -4 5 21 -16 5 17 
10 5 -21 11 17 -7 -6 14 19 21 23 -23 -18 12 -21 2 17 0 -13 5 
37
2
5 6
14 15
14 13
5 4
18
8 0 16
3 4 12
15 18 11
1 9 14
6 11 11
16 7 9
1 4 10
17 19 11
12 11 11
11 19 16
16 15 12
4 1 11
18 10 14
13 8 11
3 12 9
18 15 10
2 0 11
7 8 11
28
13 18
12 0
7 18
1 3
10 2
2 16
17 2
3 17
12 10
14 4
1 14
1 6
13 19
4 5
6 1
7 19
12 1
18 16
9 17
17 3
2 17
16 2
7 9
5 15
18 5
18 13
6 0
15 14
