20 20
20 -17 -15 14 8 -9 15 -10 15 12 -12 9 13 -6 -9 -16 11 21 6 -16 
-9 1 11 2 -11 6 -17 2 7 5 21 11 -1 -15 20 13 -12 -3 21 10 
20 6 9 -7 -7 5 5 17 -10 1 15 12 12 15 9 11 16 9 10 -12 
17 11 -17 -15 0 3 -3 12 -17 -4 14 20 15 19 19 11 11 7 -19 12 
4 19 12 17 -8 11 2 21 19 17 8 18 13 3 3 -21 15 5 0 10 
-21 -17 3 20 20 15 14 14 12 20 2 10 19 11 4 16 15 19 9 3 
-15 7 20 -21 8 16 13 3 20 9 4 4 -14 3 20 6 21 10 -1 0 
21 11 9 -16 -20 15 14 21 19 11 -16 6 10 3 16 14 14 19 19 1 
13 -4 4 18 -17 19 18 7 18 3 19 12 6 1 -2 8 18 -2 15 1 
8 18 14 -15 -13 11 5 2 8 11 16 19 15 -19 10 3 -4 20 10 5 
5 10 20 -4 3 10 -19 15 19 16 11 8 2 5 11 -13 -15 14 18 8 
1 15 -2 18 8 -2 1 6 12 19 3 18 7 18 19 -17 18 4 -4 13 
1 19 19 14 14 16 3 10 6 -16 11 19 21 14 15 -20 -16 9 11 21 
0 -1 10 21 6 20 3 -14 4 4 9 20 3 13 16 8 -21 20 7 -15 
3 9 19 15 16 4 11 19 10 2 20 12 14 14 15 20 20 3 -17 -21 
10 0 5 15 -21 3 3 13 18 8 17 19 21 2 11 -8 17 12 19 4 
12 -19 7 11 11 19 19 15 20 14 -4 -17 12 -3 3 0 -15 -17 11 17 
-12 10 9 16 11 9 15 12 12 15 1 -10 17 5 5 -7 -7 9 6 20 
10 21 -3 -12 13 20 -15 -1 11 21 5 7 2 -17 6 -11 2 11 1 -9 
-16 6 21 11 -16 -9 -6 13 9 -12 12 15 -10 15 -9 8 14 -15 -17 20 
55
6
10 15
11 16
9 11
14 2
7 17
10 6
9 4
8 3
10 8
5 17
12 2
9 13
14
19 14 10
18 6 15
0 14 10
12 4 9
19 8 14
15 5 13
9 2 16
0 5 10
1 13 15
19 5 10
7 15 9
0 11 14
4 14 13
10 17 16
26
11 7
15 17
16 1
17 18
0 9
12 8
13 19
7 6
16 14
11 13
14 17
15 18
14 4
8 12
4 2
3 18
2 1
19 10
7 11
6 0
12 13
3 5
8 6
5 2
4 1
5 15
