20 20
9 11 10 1 7 1 7 -8 5 8 7 9 11 5 6 5 1 5 6 8 
4 4 8 7 -9 2 -2 10 -10 -4 -10 -11 -8 4 -7 3 -6 -10 -5 -1 
1 -4 11 11 -7 11 3 6 -2 -8 -3 8 1 5 1 4 -5 -2 2 5 
11 3 -9 -1 5 3 4 4 6 3 6 8 -9 6 11 9 1 8 -1 -11 
4 9 3 0 -8 5 9 -4 7 1 11 6 5 -11 -7 3 1 -8 -6 5 
7 3 9 -3 10 -3 10 4 0 9 1 11 -8 11 4 3 2 11 0 -5 
5 5 3 -9 5 4 1 -11 11 8 8 11 -11 7 6 1 -6 7 -11 5 
10 -3 1 0 -7 5 5 -8 1 -3 9 11 3 -3 9 7 6 6 3 -10 
-8 6 -8 5 -6 11 3 6 7 9 8 3 6 9 0 3 9 2 8 -8 
2 11 2 -7 2 -11 8 -8 -9 -1 -11 3 0 0 -10 9 11 4 10 0 
0 10 4 11 9 -10 0 0 3 -11 -1 -9 -8 8 -11 2 -7 2 11 2 
-8 8 2 9 3 0 9 6 3 8 9 7 6 3 11 -6 5 -8 6 -8 
-10 3 6 6 7 9 -3 3 11 9 -3 1 -8 5 5 -7 0 1 -3 10 
5 -11 7 -6 1 6 7 -11 11 8 8 11 -11 1 4 5 -9 3 5 5 
-5 0 11 2 3 4 11 -8 11 1 9 0 4 10 -3 10 -3 9 3 7 
5 -6 -8 1 3 -7 -11 5 6 11 1 7 -4 9 5 -8 0 3 9 4 
-11 -1 8 1 9 11 6 -9 8 6 3 6 4 4 3 5 -1 -9 3 11 
5 2 -2 -5 4 1 5 1 8 -3 -8 -2 6 3 11 -7 11 11 -4 1 
-1 -5 -10 -6 3 -7 4 -8 -11 -10 -4 -10 10 -2 2 -9 7 8 4 4 
8 6 5 1 5 6 5 11 9 7 8 5 -8 7 1 7 1 10 11 9 
60
7
14 1
1 8
3 4
14 4
3 0
11 9
3 5
5 18
18 11
16 15
5 15
16 19
8 10
16 14
10
8 17 13
1 9 15
14 13 9
4 7 12
17 1 14
11 2 13
18 10 15
5 6 9
15 12 12
2 18 14
32
7 0
10 14
13 1
2 10
7 8
0 5
17 19
19 18
18 14
0 18
7 6
9 19
1 18
18 6
6 8
14 7
12 19
9 5
6 18
17 9
12 11
19 14
2 0
0 1
1 5
19 1
12 13
10 0
18 1
1 13
13 11
5 12
