20 20
10 -5 1 -6 3 8 8 12 15 16 4 15 10 -14 10 2 9 7 14 9 
1 5 5 -2 -15 -14 15 4 15 15 1 4 3 3 12 14 6 10 7 4 
0 0 5 7 -1 -13 16 -2 8 6 12 14 -8 -14 4 -1 1 -1 14 -1 
-6 7 12 9 16 14 7 -12 -2 8 16 4 11 13 -8 12 11 14 3 0 
5 -13 6 -7 11 -3 12 -6 -3 13 11 6 -11 0 5 15 7 13 -12 11 
2 6 6 -15 16 10 13 -1 11 16 5 -6 9 10 -15 -16 9 -4 5 -15 
10 -4 8 0 8 2 5 2 13 16 5 1 3 8 1 13 8 16 -11 -8 
-4 3 -6 7 1 6 9 15 -1 4 14 13 -12 -11 -10 6 4 8 5 7 
1 0 8 4 10 5 5 2 12 4 -12 -6 11 13 13 6 14 -3 -13 -2 
4 -3 12 12 1 7 2 -12 7 15 8 3 -7 5 10 4 15 3 2 7 
7 2 3 15 4 10 5 -7 3 8 15 7 -12 2 7 1 12 12 -3 4 
-2 -13 -3 14 6 13 13 11 -6 -12 4 12 2 5 5 10 4 8 0 1 
7 5 8 4 6 -10 -11 -12 13 14 4 -1 15 9 6 1 7 -6 3 -4 
-8 -11 16 8 13 1 8 3 1 5 16 13 2 5 2 8 0 8 -4 10 
-15 5 -4 9 -16 -15 10 9 -6 5 16 11 -1 13 10 16 -15 6 6 2 
11 -12 13 7 15 5 0 -11 6 11 13 -3 -6 12 -3 11 -7 6 -13 5 
0 3 14 11 12 -8 13 11 4 16 8 -2 -12 7 14 16 9 12 7 -6 
-1 14 -1 1 -1 4 -14 -8 14 12 6 8 -2 16 -13 -1 7 5 0 0 
4 7 10 6 14 12 3 3 4 1 15 15 4 15 -14 -15 -2 5 5 1 
9 14 7 9 2 10 -14 10 15 4 16 15 12 8 8 3 -6 1 -5 10 
40
2
12 10
18 2
7 9
1 17
6
13 18 8
16 9 16
7 17 10
6 1 8
3 10 16
12 2 10
40
5 18
6 4
0 9
6 16
3 5
5 10
5 7
18 7
4 0
11 4
13 6
19 13
1 8
10 2
6 5
17 2
19 1
8 0
3 18
4 14
14 1
13 15
19 10
13 3
16 14
14 9
14 12
1 12
15 19
8 15
6 13
0 6
18 11
9 17
13 14
2 17
0 18
11 19
16 1
15 5
