20 20
-19 10 -9 -19 6 -20 -21 20 -10 4 14 6 6 21 24 -1 14 11 0 19 
15 21 16 11 23 15 -24 24 9 21 -16 1 24 24 8 -13 -16 6 -12 20 
18 21 8 -12 1 -10 11 22 20 24 3 4 12 3 18 16 5 -24 -21 12 
10 5 23 21 21 16 23 2 9 -15 -14 11 1 10 2 14 6 3 18 -24 
21 -3 16 3 21 -20 -17 16 24 17 -15 -12 -21 4 17 1 -20 18 -11 -9 
-11 14 21 4 22 11 18 22 1 14 -21 -13 -21 3 -14 13 18 18 9 9 
9 22 7 18 14 14 20 -22 16 14 13 3 -10 8 11 5 -3 12 -24 23 
4 16 -8 16 12 -9 20 -7 4 -5 13 21 24 5 -4 -5 2 3 8 -18 
5 13 -3 9 11 19 12 20 -9 15 11 -20 -6 -5 1 19 10 12 -8 7 
18 24 -17 21 -17 -3 -16 12 -15 -11 12 9 23 4 12 11 -21 6 11 11 
11 11 6 -21 11 12 4 23 9 12 -11 -15 12 -16 -3 -17 21 -17 24 18 
7 -8 12 10 19 1 -5 -6 -20 11 15 -9 20 12 19 11 9 -3 13 5 
-18 8 3 2 -5 -4 5 24 21 13 -5 4 -7 20 -9 12 16 -8 16 4 
23 -24 12 -3 5 11 8 -10 3 13 14 16 -22 20 14 14 18 7 22 9 
9 9 18 18 13 -14 3 -21 -13 -21 14 1 22 18 11 22 4 21 14 -11 
-9 -11 18 -20 1 17 4 -21 -12 -15 17 24 16 -17 -20 21 3 16 -3 21 
-24 18 3 6 14 2 10 1 11 -14 -15 9 2 23 16 21 21 23 5 10 
12 -21 -24 5 16 18 3 12 4 3 24 20 22 11 -10 1 -12 8 21 18 
20 -12 6 -16 -13 8 24 24 1 -16 21 9 24 -24 15 23 11 16 21 15 
19 0 11 14 -1 24 21 6 6 14 4 -10 20 -21 -20 6 -19 -9 10 -19 
56
2
18 3
15 11
1 16
4 8
16
6 12 14
19 2 10
6 3 16
19 7 16
6 0 16
7 3 11
8 4 12
1 10 10
13 7 14
0 17 10
13 16 16
0 12 16
13 19 16
12 16 11
11 15 12
18 9 10
40
12 7
1 7
19 12
9 4
17 4
2 14
10 18
18 17
4 13
15 8
11 6
5 14
6 1
17 2
16 12
6 18
4 19
11 10
9 13
12 3
7 12
18 12
0 7
10 15
2 15
17 5
9 1
1 2
15 6
4 11
8 13
14 5
13 18
2 17
3 7
13 1
15 0
8 9
10 6
7 16
