20 20
11 17 13 19 19 16 -2 14 6 13 13 6 15 -3 6 5 -2 9 8 13 
19 4 -4 17 11 10 -15 15 14 -5 2 5 4 19 -19 2 4 10 5 2 
5 3 19 12 6 11 15 -14 15 9 -9 2 9 7 -15 2 1 13 -7 7 
3 6 5 -3 15 7 19 12 17 -19 -7 5 1 18 -11 -12 7 18 -5 6 
8 14 -3 10 -2 0 7 13 15 0 11 2 9 -14 3 13 6 6 0 -13 
-2 6 7 13 11 15 16 -7 -19 17 7 19 -19 -7 17 -6 14 -3 3 6 
-19 14 12 18 6 7 16 -14 14 6 -19 8 -10 -15 -2 8 -4 14 -19 14 
11 17 13 3 14 2 11 11 3 9 7 -16 -6 14 9 14 8 11 3 -16 
6 0 14 3 -12 19 3 -17 15 15 18 3 6 16 2 7 15 11 1 2 
17 -5 7 6 -3 -13 -19 3 4 6 13 17 9 16 14 3 9 19 4 16 
16 4 19 9 3 14 16 9 17 13 6 4 3 -19 -13 -3 6 7 -5 17 
2 1 11 15 7 2 16 6 3 18 15 15 -17 3 19 -12 3 14 0 6 
-16 3 11 8 14 9 14 -6 -16 7 9 3 11 11 2 14 3 13 17 11 
14 -19 14 -4 8 -2 -15 -10 8 -19 6 14 -14 16 7 6 18 12 14 -19 
6 3 -3 14 -6 17 -7 -19 19 7 17 -19 -7 16 15 11 13 7 6 -2 
-13 0 6 6 13 3 -14 9 2 11 0 15 13 7 0 -2 10 -3 14 8 
6 -5 18 7 -12 -11 18 1 5 -7 -19 17 12 19 7 15 -3 5 6 3 
7 -7 13 1 2 -15 7 9 2 -9 9 15 -14 15 11 6 12 19 3 5 
2 5 10 4 2 -19 19 4 5 2 -5 14 15 -15 10 11 17 -4 4 19 
13 8 9 -2 5 6 -3 15 6 13 13 6 14 -2 16 19 19 13 17 11 
32
7
16 7
14 11
8 18
3 14
15 9
5 19
17 1
3 12
5 8
11 1
16 5
4 10
14 0
2 18
20
9 6 12
2 3 8
3 11 8
19 8 8
5 13 16
4 5 8
7 16 14
8 3 14
17 12 13
14 19 10
10 13 12
17 16 8
16 8 8
0 11 8
14 6 16
15 14 8
12 3 14
11 16 14
2 7 13
5 0 10
32
13 0
7 14
19 3
5 7
17 15
13 18
0 8
12 4
2 8
11 9
14 5
18 0
2 11
0 13
11 3
11 14
6 19
12 5
0 16
14 12
2 4
6 1
19 11
7 15
17 11
8 10
5 14
1 19
17 8
19 6
8 16
8 5
