20 20
12 14 17 -1 10 2 17 8 16 13 5 3 10 1 4 4 8 4 7 6 
4 5 11 5 7 11 12 12 -11 5 -8 -7 7 1 2 14 17 16 8 17 
4 11 -13 2 -9 -3 5 16 14 2 16 -11 15 1 1 10 17 14 -6 14 
10 8 -10 -14 -12 12 1 0 -8 2 15 7 9 2 16 7 0 -5 8 15 
2 10 14 10 14 11 17 17 10 7 -14 7 5 10 9 -2 12 12 11 13 
17 9 -17 -9 -14 8 -16 11 3 1 4 10 4 3 16 4 1 2 9 -11 
8 4 10 4 14 11 -8 2 5 3 -16 -3 16 4 0 -1 4 7 17 -5 
2 13 -5 10 -10 8 -15 13 17 -10 -5 -16 -17 15 14 -17 10 6 3 -7 
3 1 -15 14 -1 -3 -7 -8 7 1 15 10 -13 9 9 4 10 17 15 11 
-17 12 -5 1 4 0 4 16 -14 -10 2 12 7 10 13 17 15 2 6 15 
15 6 2 15 17 13 10 7 12 2 -10 -14 16 4 0 4 1 -5 12 -17 
11 15 17 10 4 9 9 -13 10 15 1 7 -8 -7 -3 -1 14 -15 1 3 
-7 3 6 10 -17 14 15 -17 -16 -5 -10 17 13 -15 8 -10 10 -5 13 2 
-5 17 7 4 -1 0 4 16 -3 -16 3 5 2 -8 11 14 4 10 4 8 
-11 9 2 1 4 16 3 4 10 4 1 3 11 -16 8 -14 -9 -17 9 17 
13 11 12 12 -2 9 10 5 7 -14 7 10 17 17 11 14 10 14 10 2 
15 8 -5 0 7 16 2 9 7 15 2 -8 0 1 12 -12 -14 -10 8 10 
14 -6 14 17 10 1 1 15 -11 16 2 14 16 5 -3 -9 2 -13 11 4 
17 8 16 17 14 2 1 7 -7 -8 5 -11 12 12 11 7 5 11 5 4 
6 7 4 8 4 4 1 10 3 5 13 16 8 17 2 10 -1 17 14 12 
30
4
18 16
4 7
1 2
2 16
1 3
15 12
18 17
17 3
10
3 10 16
2 10 8
14 17 16
17 11 13
3 16 11
16 9 16
17 9 8
5 2 16
2 8 13
16 3 11
40
15 16
18 12
12 11
9 11
1 18
9 6
16 2
10 17
11 2
13 5
2 12
6 13
3 7
3 18
5 18
10 15
14 18
13 0
8 1
10 0
4 3
1 7
7 8
10 8
18 1
10 13
3 17
9 2
8 17
6 14
17 7
13 6
16 12
16 1
14 1
9 4
5 1
6 19
11 18
9 19
