20 20
-16 3 12 15 -14 10 8 18 0 10 12 -12 -17 -6 -15 1 20 13 14 -13 
2 2 17 9 -8 6 -11 8 6 7 18 11 -2 -8 12 -21 4 20 -8 8 
11 5 12 0 12 12 2 -9 17 15 1 9 16 18 12 12 14 20 17 -18 
14 2 20 -22 14 22 3 9 12 8 17 6 13 3 1 -18 6 -20 -7 -20 
17 7 -3 -1 -17 15 20 9 16 -12 21 7 19 20 16 21 -11 15 10 -4 
-6 18 16 -1 14 14 16 11 -9 13 12 10 11 -4 6 -9 -20 9 13 -3 
15 8 -10 15 2 13 -1 -12 15 -10 -10 -22 -4 2 -15 2 6 18 3 5 
8 2 4 17 22 7 5 17 0 5 2 10 8 17 10 -19 16 0 10 -16 
19 17 3 20 1 1 19 12 20 -11 16 5 10 -7 21 -20 6 6 -7 -20 
6 -9 6 3 -13 9 17 -14 3 20 18 13 -20 -8 14 -7 17 10 13 18 
18 13 10 17 -7 14 -8 -20 13 18 20 3 -14 17 9 -13 3 6 -9 6 
-20 -7 6 6 -20 21 -7 10 5 16 -11 20 12 19 1 1 20 3 17 19 
-16 10 0 16 -19 10 17 8 10 2 5 0 17 5 7 22 17 4 2 8 
5 3 18 6 2 -15 2 -4 -22 -10 -10 15 -12 -1 13 2 15 -10 8 15 
-3 13 9 -20 -9 6 -4 11 10 12 13 -9 11 16 14 14 -1 16 18 -6 
-4 10 15 -11 21 16 20 19 7 21 -12 16 9 20 15 -17 -1 -3 7 17 
-20 -7 -20 6 -18 1 3 13 6 17 8 12 9 3 22 14 -22 20 2 14 
-18 17 20 14 12 12 18 16 9 1 15 17 -9 2 12 12 0 12 5 11 
8 -8 20 4 -21 12 -8 -2 11 18 7 6 8 -11 6 -8 9 17 2 2 
-13 14 13 20 1 -15 -6 -17 -12 12 10 0 18 8 10 -14 15 12 3 -16 
58
3
19 7
19 18
3 13
0 12
0 1
16 6
18
2 6 8
7 17 8
0 8 12
1 17 15
12 5 14
13 19 10
5 17 8
1 3 10
13 7 13
17 13 8
12 2 8
19 11 12
18 2 15
7 14 14
6 0 10
14 2 8
18 16 10
6 12 13
28
0 7
8 5
15 12
4 12
9 19
5 13
6 11
16 4
12 13
5 2
6 4
6 3
0 15
11 6
19 12
11 14
4 7
15 7
10 0
14 6
13 8
3 15
7 6
14 17
13 15
13 16
19 4
8 13
