20 20
-19 9 17 17 17 4 19 8 13 17 16 -2 1 18 12 2 2 1 14 7 
2 17 -16 15 10 6 16 3 0 17 -6 18 4 15 -14 -10 15 -4 15 -18 
2 1 19 11 15 6 1 7 17 1 15 17 16 10 8 1 -7 -8 12 17 
0 -18 5 8 12 0 19 16 13 5 13 12 -18 1 13 17 -3 3 12 7 
7 19 18 -18 2 15 -11 3 -15 18 19 -12 -3 0 -4 16 14 -19 16 14 
-15 6 5 -13 7 15 13 19 2 7 15 2 5 12 18 3 -19 12 -4 8 
-14 14 12 -13 1 -17 9 -10 3 8 3 7 17 11 16 14 15 9 7 16 
10 16 -3 12 4 -1 8 0 -11 14 -10 12 7 3 -4 14 17 1 -6 12 
13 -15 4 -12 2 8 16 15 11 1 6 1 0 11 17 -1 8 1 0 14 
18 14 13 -12 13 9 8 -19 -1 8 18 11 18 2 -5 9 11 13 4 14 
14 4 13 11 9 -5 2 18 11 18 8 -1 -19 8 9 13 -12 13 14 18 
14 0 1 8 -1 17 11 0 1 6 1 11 15 16 8 2 -12 4 -15 13 
12 -6 1 17 14 -4 3 7 12 -10 14 -11 0 8 -1 4 12 -3 16 10 
16 7 9 15 14 16 11 17 7 3 8 3 -10 9 -17 1 -13 12 14 -14 
8 -4 12 -19 3 18 12 5 2 15 7 2 19 13 15 7 -13 5 6 -15 
14 16 -19 14 16 -4 0 -3 -12 19 18 -15 3 -11 15 2 -18 18 19 7 
7 12 3 -3 17 13 1 -18 12 13 5 13 16 19 0 12 8 5 -18 0 
17 12 -8 -7 1 8 10 16 17 15 1 17 7 1 6 15 11 19 1 2 
-18 15 -4 15 -10 -14 15 4 18 -6 17 0 3 16 6 10 15 -16 17 2 
7 14 1 2 2 12 18 1 -2 16 17 13 8 19 4 17 17 17 9 -19 
49
8
10 17
9 6
4 10
11 7
0 10
9 17
2 15
0 8
9 2
10 13
15 9
8 12
19 9
10 2
17 4
19 11
16
13 11 11
15 8 9
3 14 16
15 18 8
5 2 16
9 5 11
18 8 12
7 17 13
6 8 11
4 11 9
16 5 16
4 1 8
14 17 16
10 14 11
1 11 12
12 2 13
28
6 2
0 3
0 19
13 6
16 6
12 10
8 16
11 2
18 15
18 5
9 11
16 17
3 12
15 1
13 17
19 16
19 0
6 13
3 13
7 9
11 3
8 17
1 4
1 14
10 8
3 2
16 7
4 18
