20 20
-17 -7 17 2 9 6 16 24 13 2 8 9 8 19 2 17 24 8 13 -13 
8 7 17 -7 24 12 19 8 -6 -11 1 9 5 2 -21 -21 23 -2 10 21 
-15 3 0 -21 12 20 15 7 4 10 -5 4 20 -11 15 -16 20 6 19 21 
23 10 17 2 -23 -22 -10 21 13 18 1 24 5 19 19 22 2 -2 22 16 
3 21 -5 10 -6 20 13 15 15 12 18 5 24 -24 3 15 13 21 3 3 
12 -15 1 3 -16 19 -18 16 -24 20 18 -11 -1 1 24 -24 21 -6 11 2 
6 -14 -17 16 10 11 1 7 12 20 4 21 1 -5 -13 8 23 20 16 12 
24 -14 -23 16 10 6 22 -14 20 6 21 8 9 12 17 7 7 -11 16 11 
-6 5 -19 23 -17 9 20 -9 4 18 16 8 8 18 18 24 4 4 -17 15 
-13 16 -9 7 15 9 24 -6 -23 8 11 12 5 16 24 21 14 18 16 22 
22 16 18 14 21 24 16 5 12 11 8 -23 -6 24 9 15 7 -9 16 -13 
15 -17 4 4 24 18 18 8 8 16 18 4 -9 20 9 -17 23 -19 5 -6 
11 16 -11 7 7 17 12 9 8 21 6 20 -14 22 6 10 16 -23 -14 24 
12 16 20 23 8 -13 -5 1 21 4 20 12 7 1 11 10 16 -17 -14 6 
2 11 -6 21 -24 24 1 -1 -11 18 20 -24 16 -18 19 -16 3 1 -15 12 
3 3 21 13 15 3 -24 24 5 18 12 15 15 13 20 -6 10 -5 21 3 
16 22 -2 2 22 19 19 5 24 1 18 13 21 -10 -22 -23 2 17 10 23 
21 19 6 20 -16 15 -11 20 4 -5 10 4 7 15 20 12 -21 0 3 -15 
21 10 -2 23 -21 -21 2 5 9 1 -11 -6 8 19 12 24 -7 17 7 8 
-13 13 8 24 17 2 19 8 9 8 2 13 24 16 6 9 2 17 -7 -17 
44
6
4 13
0 10
17 0
4 15
18 5
11 15
15 6
19 9
2 19
15 4
1 14
8 4
20
19 7 14
9 8 13
0 4 9
3 18 13
11 14 8
15 14 13
5 12 10
5 10 14
7 6 14
17 7 11
0 12 14
10 11 13
19 15 9
16 1 13
8 5 8
4 5 13
14 7 10
14 9 14
12 13 14
2 12 11
34
19 8
0 14
6 15
2 18
3 10
10 3
2 17
17 10
3 16
2 7
6 14
10 0
9 12
14 17
10 2
8 7
14 12
0 11
19 5
13 4
17 1
16 9
9 16
17 2
2 9
16 3
17 12
13 5
9 19
10 7
5 2
9 17
11 12
5 7
