20 20
-13 -5 -25 -20 10 18 17 -14 25 -12 8 -16 27 15 20 7 17 25 -11 22 
25 24 18 -12 12 17 3 9 7 9 21 28 -28 20 1 16 -29 -20 24 16 
22 -2 28 11 -10 -23 24 -12 6 16 29 24 -22 10 22 -19 -9 21 29 0 
6 16 6 -6 18 -12 5 22 3 10 -12 22 19 -1 1 19 -3 2 22 23 
1 15 20 2 6 22 20 10 28 4 0 -22 18 11 10 24 25 17 29 -25 
12 10 4 3 -1 11 13 -6 29 29 26 -18 7 29 10 7 25 10 5 -29 
-27 17 12 25 9 -5 -1 4 26 -21 10 21 2 8 1 24 21 9 -5 11 
13 -13 -9 18 4 14 10 15 25 21 6 17 28 17 -29 -5 2 28 23 3 
-26 10 8 26 10 -25 -2 20 11 1 -26 23 13 12 -22 29 -13 18 27 25 
10 27 23 -9 17 13 7 15 15 10 17 12 21 -3 -19 22 -4 -29 22 24 
24 22 -29 -4 22 -19 -3 21 12 17 10 15 15 7 13 17 -9 23 27 10 
25 27 18 -13 29 -22 12 13 23 -26 1 11 20 -2 -25 10 26 8 10 -26 
3 23 28 2 -5 -29 17 28 17 6 21 25 15 10 14 4 18 -9 -13 13 
11 -5 9 21 24 1 8 2 21 10 -21 26 4 -1 -5 9 25 12 17 -27 
-29 5 10 25 7 10 29 7 -18 26 29 29 -6 13 11 -1 3 4 10 12 
-25 29 17 25 24 10 11 18 -22 0 4 28 10 20 22 6 2 20 15 1 
23 22 2 -3 19 1 -1 19 22 -12 10 3 22 5 -12 18 -6 6 16 6 
0 29 21 -9 -19 22 10 -22 24 29 16 6 -12 24 -23 -10 11 28 -2 22 
16 24 -20 -29 16 1 20 -28 28 21 9 7 9 3 17 12 -12 18 24 25 
22 -11 25 17 7 20 15 27 -16 8 -12 25 -14 17 18 10 -20 -25 -5 -13 
50
2
12 6
5 1
7 13
14 18
16
5 19 8
2 13 8
10 9 9
18 14 14
19 13 15
15 8 15
17 13 14
4 9 16
14 0 8
17 6 8
9 10 9
1 5 14
0 6 15
4 11 15
2 6 14
15 10 16
26
8 12
1 14
17 15
13 11
7 12
11 0
16 7
4 12
1 19
14 1
14 10
13 15
19 2
11 7
18 5
2 4
6 8
12 7
8 19
3 12
15 7
18 0
5 18
5 9
6 4
0 17
