20 20
6 7 2 -4 3 2 2 -5 -5 2 5 5 6 0 1 -4 6 1 -3 -1 
4 5 4 5 -4 6 5 1 1 7 5 -6 -1 -1 3 2 4 4 7 5 
2 2 1 3 2 6 2 5 3 -6 -1 6 -3 7 -4 -5 4 0 1 3 
1 -2 5 3 -7 -2 6 5 4 -6 3 3 3 6 4 5 -4 7 0 0 
5 2 6 2 -7 1 3 -5 5 -7 6 5 5 -3 -2 -2 6 7 7 3 
0 -2 7 -4 3 2 3 3 6 -1 5 0 4 6 -6 1 7 7 -1 4 
6 -1 -7 2 6 -7 -3 -1 5 2 2 5 7 -1 -5 -4 -7 0 3 -1 
3 -6 7 0 4 2 5 2 3 -2 2 -7 7 2 6 5 7 -6 0 0 
2 -2 5 0 0 1 7 2 3 0 1 0 -2 -3 7 2 3 -3 2 2 
5 6 -1 1 -7 4 2 5 3 5 1 3 6 -3 1 2 7 -2 -2 -7 
-7 -2 -2 7 2 1 -3 6 3 1 5 3 5 2 4 -7 1 -1 6 5 
2 2 -3 3 2 7 -3 -2 0 1 0 3 2 7 1 0 0 5 -2 2 
0 0 -6 7 5 6 2 7 -7 2 -2 3 2 5 2 4 0 7 -6 3 
-1 3 0 -7 -4 -5 -1 7 5 2 2 5 -1 -3 -7 6 2 -7 -1 6 
4 -1 7 7 1 -6 6 4 0 5 -1 6 3 3 2 3 -4 7 -2 0 
3 7 7 6 -2 -2 -3 5 5 6 -7 5 -5 3 1 -7 2 6 2 5 
0 0 7 -4 5 4 6 3 3 3 -6 4 5 6 -2 -7 3 5 -2 1 
3 1 0 4 -5 -4 7 -3 6 -1 -6 3 5 2 6 2 3 1 2 2 
5 7 4 4 2 3 -1 -1 -6 5 7 1 1 5 6 -4 5 4 5 4 
-1 -3 1 6 -4 1 0 6 5 5 2 -5 -5 2 2 3 -4 2 7 6 
44
2
6 5
3 9
13 14
16 10
20
4 0 9
12 5 16
18 4 9
17 0 12
6 8 11
16 11 11
13 0 16
2 9 8
8 13 8
9 4 14
15 19 9
7 14 16
1 15 9
2 19 12
13 11 11
3 8 11
6 19 16
17 10 8
11 6 8
10 15 14
26
17 5
13 9
9 7
9 13
18 11
12 18
3 17
19 17
13 18
0 8
17 7
19 12
18 1
2 14
6 10
10 12
10 6
1 8
7 1
16 2
0 2
6 1
19 11
2 12
0 7
1 18
