20 20
18 11 2 12 16 -11 -1 8 12 6 16 9 -15 4 10 -5 1 0 0 14 
-11 17 -6 -18 9 2 -10 10 -6 -6 3 15 -19 20 12 13 -3 20 5 -16 
-16 9 17 -15 14 18 -19 6 8 13 9 3 20 -7 -20 13 16 12 11 11 
8 -3 3 7 -2 -14 3 -11 4 -13 8 18 -20 -8 2 13 2 9 2 4 
3 8 -16 5 -8 -11 -18 8 18 -5 15 9 3 1 3 6 -14 20 12 4 
13 12 -12 7 0 -11 8 9 17 2 -5 4 12 13 15 -7 2 20 3 -8 
-18 9 12 4 5 -9 18 0 3 9 18 5 9 8 19 -18 3 17 2 8 
18 20 17 16 -20 19 -14 -9 8 20 14 10 1 10 5 6 3 1 16 18 
5 -1 -18 10 -15 6 17 18 15 8 13 5 10 15 8 -16 4 -11 9 19 
10 15 13 11 -14 17 -5 1 -1 2 -8 1 8 5 17 7 5 20 20 8 
8 20 20 5 7 17 5 8 1 -8 2 -1 1 -5 17 -14 11 13 15 10 
19 9 -11 4 -16 8 15 10 5 13 8 15 18 17 6 -15 10 -18 -1 5 
18 16 1 3 6 5 10 1 10 14 20 8 -9 -14 19 -20 16 17 20 18 
8 2 17 3 -18 19 8 9 5 18 9 3 0 18 -9 5 4 12 9 -18 
-8 3 20 2 -7 15 13 12 4 -5 2 17 9 8 -11 0 7 -12 12 13 
4 12 20 -14 6 3 1 3 9 15 -5 18 8 -18 -11 -8 5 -16 8 3 
4 2 9 2 13 2 -8 -20 18 8 -13 4 -11 3 -14 -2 7 3 -3 8 
11 11 12 16 13 -20 -7 20 3 9 13 8 6 -19 18 14 -15 17 9 -16 
-16 5 20 -3 13 12 20 -19 15 3 -6 -6 10 -10 2 9 -18 -6 17 -11 
14 0 0 1 -5 10 4 -15 9 16 6 12 8 -1 -11 16 12 2 11 18 
60
5
10 19
2 3
16 4
17 13
19 8
9 0
17 16
3 15
2 6
0 11
10
2 10 11
15 9 13
19 4 8
13 10 15
15 7 14
17 9 11
4 10 13
0 15 8
6 9 15
4 12 14
36
5 15
17 3
9 5
17 12
13 16
6 7
18 8
5 2
13 2
13 0
2 8
9 17
14 7
3 12
7 3
3 2
8 11
19 18
14 4
2 16
10 14
2 7
6 3
13 12
1 11
14 17
6 17
6 19
17 11
10 2
5 12
16 7
12 16
16 17
11 8
0 1
