20 20
22 -15 17 18 1 14 0 11 19 1 2 0 11 17 7 7 5 10 -20 2 
-21 8 -21 8 22 11 7 -14 -12 7 11 17 12 17 17 20 13 16 4 2 
12 9 15 -2 19 9 18 17 -11 16 11 13 16 16 16 19 7 -20 4 -4 
0 12 -3 2 -20 15 -21 3 16 -17 16 0 13 11 21 1 4 4 -19 16 
-16 -16 0 17 16 10 10 16 -17 6 10 -18 13 22 2 12 5 10 -20 3 
9 15 6 14 9 -16 4 15 18 4 8 1 -5 3 -11 8 -11 19 18 12 
-18 21 2 -21 7 9 15 1 -14 -11 8 3 1 5 -12 14 12 -11 -9 11 
1 3 15 5 6 -9 8 13 -20 -12 22 18 9 12 12 -15 0 21 5 17 
2 -11 15 12 21 -9 13 2 2 3 -18 -4 15 9 6 -2 -13 3 5 13 
1 0 -1 14 -7 16 20 -14 18 18 -21 -15 12 -3 14 18 11 10 20 -12 
-12 20 10 11 18 14 -3 12 -15 -21 18 18 -14 20 16 -7 14 -1 0 1 
13 5 3 -13 -2 6 9 15 -4 -18 3 2 2 13 -9 21 12 15 -11 2 
17 5 21 0 -15 12 12 9 18 22 -12 -20 13 8 -9 6 5 15 3 1 
11 -9 -11 12 14 -12 5 1 3 8 -11 -14 1 15 9 7 -21 2 21 -18 
12 18 19 -11 8 -11 3 -5 1 8 4 18 15 4 -16 9 14 6 15 9 
3 -20 10 5 12 2 22 13 -18 10 6 -17 16 10 10 16 17 0 -16 -16 
16 -19 4 4 1 21 11 13 0 16 -17 16 3 -21 15 -20 2 -3 12 0 
-4 4 -20 7 19 16 16 16 13 11 16 -11 17 18 9 19 -2 15 9 12 
2 4 16 13 20 17 17 12 17 11 7 -12 -14 7 11 22 8 -21 8 -21 
2 -20 10 5 7 7 17 11 0 2 1 19 11 0 14 1 18 17 -15 22 
49
8
3 11
18 14
16 10
10 7
0 1
17 7
14 9
6 14
16 8
1 5
3 9
9 12
19 18
2 12
5 10
13 5
10
18 16 10
5 15 11
16 5 12
2 14 11
6 1 15
1 3 10
14 4 11
3 14 12
17 5 11
13 18 15
30
4 19
10 6
5 3
13 15
11 12
15 4
18 15
13 9
19 0
0 5
8 1
2 5
15 18
3 18
11 2
15 0
9 13
14 16
6 4
8 7
4 15
1 4
6 10
0 19
19 14
11 18
17 14
4 1
16 1
8 17
