20 20
1 8 8 4 -1 7 6 8 -7 4 8 8 5 6 6 -8 7 -4 5 2 
6 3 -7 1 4 6 5 6 7 6 8 8 -5 -3 6 4 8 5 5 7 
2 -3 7 4 -2 2 6 5 5 -4 5 0 2 7 6 7 2 2 2 4 
6 1 2 -4 5 3 5 -8 4 4 -6 7 4 4 5 8 8 1 6 7 
6 7 5 0 4 -7 5 -2 1 0 -2 -4 4 -6 3 -6 -1 3 8 5 
6 0 0 -4 6 4 4 5 8 3 8 -7 7 7 -5 2 8 -5 3 8 
4 8 2 -3 0 1 3 2 2 2 6 -5 3 8 7 6 -7 6 -5 3 
4 -3 7 0 5 4 -5 -4 -7 8 4 0 -5 3 0 6 5 8 0 6 
8 7 -2 7 3 -5 -4 6 8 2 8 -4 -5 5 8 4 2 6 7 0 
-3 7 -5 5 4 2 2 2 1 4 3 -2 7 6 -2 5 5 -3 1 -8 
-8 1 -3 5 5 -2 6 7 -2 3 4 1 2 2 2 4 5 -5 7 -3 
0 7 6 2 4 8 5 -5 -4 8 2 8 6 -4 -5 3 7 -2 7 8 
6 0 8 5 6 0 3 -5 0 4 8 -7 -4 -5 4 5 0 7 -3 4 
3 -5 6 -7 6 7 8 3 -5 6 2 2 2 3 1 0 -3 2 8 4 
8 3 -5 8 2 -5 7 7 -7 8 3 8 5 4 4 6 -4 0 0 6 
5 8 3 -1 -6 3 -6 4 -4 -2 0 1 -2 5 -7 4 0 5 7 6 
7 6 1 8 8 5 4 4 7 -6 4 4 -8 5 3 5 -4 2 1 6 
4 2 2 2 7 6 7 2 0 5 -4 5 5 6 2 -2 4 7 -3 2 
7 5 5 8 4 6 -3 -5 8 8 6 7 6 5 6 4 1 -7 3 6 
2 5 -4 7 -8 6 6 5 8 8 4 -7 8 6 7 -1 4 8 8 1 
48
2
11 9
1 5
8 10
18 14
20
7 1 8
14 12 10
14 13 12
15 6 10
1 12 9
0 5 11
7 3 16
8 12 15
9 15 14
2 10 14
12 18 8
5 7 10
5 6 12
4 13 10
18 7 9
19 14 11
12 16 16
11 7 15
10 4 14
17 9 14
34
13 1
7 15
17 3
2 8
3 18
15 16
19 16
7 2
4 6
9 8
10 0
17 19
12 3
13 5
9 11
9 1
3 15
6 18
12 4
2 16
17 11
16 1
4 3
0 3
12 17
15 13
10 11
9 19
2 0
7 16
6 14
10 8
10 18
16 4
