20 20
5 5 7 1 -6 6 -8 -7 8 5 -2 3 6 6 -3 3 7 4 -4 3 
5 8 4 -8 5 -3 -3 0 7 8 -6 4 2 6 8 5 2 7 2 4 
8 3 2 5 7 7 3 0 8 3 1 1 2 4 -4 1 -6 -6 -3 8 
-6 4 0 0 -3 -2 4 -5 -7 2 -7 7 2 4 -5 7 -4 4 6 -4 
1 7 4 6 0 7 0 6 7 7 5 1 4 8 7 -5 3 5 6 -6 
-5 2 5 8 0 5 3 1 3 6 4 2 4 -1 4 3 2 -7 6 5 
-6 3 6 3 2 4 -4 -6 6 2 8 5 0 -5 5 -8 6 7 1 6 
6 8 4 2 3 2 1 -6 2 6 -2 4 6 4 -8 -7 -5 1 -4 6 
0 2 -5 8 0 5 0 -5 4 -4 -8 7 -6 7 -8 2 2 6 1 5 
1 6 8 -2 7 0 2 0 -2 -2 3 3 -5 8 8 -4 8 8 1 1 
1 1 8 8 -4 8 8 -5 3 3 -2 -2 0 2 0 7 -2 8 6 1 
5 1 6 2 2 -8 7 -6 7 -8 -4 4 -5 0 5 0 8 -5 2 0 
6 -4 1 -5 -7 -8 4 6 4 -2 6 2 -6 1 2 3 2 4 8 6 
6 1 7 6 -8 5 -5 0 5 8 2 6 -6 -4 4 2 3 6 3 -6 
5 6 -7 2 3 4 -1 4 2 4 6 3 1 3 5 0 8 5 2 -5 
-6 6 5 3 -5 7 8 4 1 5 7 7 6 0 7 0 6 4 7 1 
-4 6 4 -4 7 -5 4 2 7 -7 2 -7 -5 4 -2 -3 0 0 4 -6 
8 -3 -6 -6 1 -4 4 2 1 1 3 8 0 3 7 7 5 2 3 8 
4 2 7 2 5 8 6 2 4 -6 8 7 0 -3 -3 5 -8 4 8 5 
3 -4 4 7 3 -3 6 6 3 -2 5 8 -7 -8 6 -6 1 7 5 5 
55
8
17 2
12 9
19 14
15 17
12 8
4 19
14 7
6 16
2 17
7 10
0 5
4 2
7 11
15 0
5 12
13 3
16
2 1 16
0 19 16
0 7 14
0 4 9
3 4 12
14 17 13
13 9 16
7 17 9
17 18 16
19 0 16
19 12 14
19 15 9
16 15 12
5 2 13
6 10 16
12 2 9
36
15 11
7 2
11 8
18 19
8 16
5 10
7 15
6 7
12 16
3 14
17 5
6 11
15 4
5 7
19 6
4 3
7 5
2 19
4 8
12 17
8 11
1 0
11 3
14 9
12 4
13 12
7 3
16 5
2 14
13 8
4 15
14 12
0 13
15 16
12 14
17 0
