20 20
0 3 3 0 0 3 -3 -3 1 1 -4 0 0 -3 4 -1 2 2 2 1 
-3 0 4 3 4 4 4 -4 4 3 -1 1 3 1 3 -4 -4 1 0 3 
4 3 1 3 4 -1 4 3 -3 1 1 4 0 1 2 0 -3 1 1 -2 
-3 0 2 4 -3 0 2 0 4 2 4 1 4 0 3 1 2 -3 1 1 
2 0 2 1 0 3 -4 -2 2 2 -4 3 3 3 3 0 4 3 1 1 
4 4 4 1 0 -3 4 -2 0 -3 2 3 1 4 3 4 1 -1 0 -2 
4 1 4 4 0 0 2 3 4 3 1 -1 3 3 3 0 3 4 1 3 
3 -3 2 -1 1 4 -1 0 1 2 4 -4 -1 2 0 2 2 4 1 2 
-3 2 2 3 4 3 4 3 4 4 1 2 -1 1 -2 3 3 1 -3 2 
0 3 1 -4 3 -2 -3 4 -2 2 0 3 4 -2 0 4 3 2 2 3 
3 2 2 3 4 0 -2 4 3 0 2 -2 4 -3 -2 3 -4 1 3 0 
2 -3 1 3 3 -2 1 -1 2 1 4 4 3 4 3 4 3 2 2 -3 
2 1 4 2 2 0 2 -1 -4 4 2 1 0 -1 4 1 -1 2 -3 3 
3 1 4 3 0 3 3 3 -1 1 3 4 3 2 0 0 4 4 1 4 
-2 0 -1 1 4 3 4 1 3 2 -3 0 -2 4 -3 0 1 4 4 4 
1 1 3 4 0 3 3 3 3 -4 2 2 -2 -4 3 0 1 2 0 2 
1 1 -3 2 1 3 0 4 1 4 2 4 0 2 0 -3 4 2 0 -3 
-2 1 1 -3 0 2 1 0 4 1 1 -3 3 4 -1 4 3 1 3 4 
3 0 1 -4 -4 3 1 3 1 -1 3 4 -4 4 4 4 3 4 0 -3 
1 2 2 2 -1 4 -3 0 0 -4 1 1 -3 -3 3 0 0 3 3 0 
60
4
12 0
13 1
14 10
18 12
7 19
6 18
5 9
1 7
14
6 8 14
18 1 8
8 11 11
8 3 14
6 12 11
18 17 11
10 12 16
13 11 14
1 18 8
11 8 11
11 16 14
13 7 11
1 2 11
9 7 16
36
18 11
19 6
7 13
17 8
6 4
4 6
12 17
16 17
6 14
15 4
6 19
4 17
9 4
16 9
5 13
12 3
7 8
1 0
1 8
0 13
12 6
2 11
13 15
15 13
7 2
3 2
13 5
4 15
13 0
15 2
10 15
3 10
14 6
7 16
12 11
18 19
