20 20
5 -5 2 -6 0 7 1 2 6 -2 8 3 0 3 -4 8 1 4 6 -8 
4 3 6 -8 3 8 8 5 4 5 5 7 6 3 3 2 8 7 7 -5 
7 3 2 8 -7 7 -2 2 1 5 -1 5 2 6 5 0 0 4 3 1 
0 -7 0 1 5 2 7 6 8 5 1 7 7 8 3 0 6 3 3 7 
6 4 7 8 5 3 0 4 3 8 4 7 0 2 2 1 4 5 5 7 
5 3 1 -5 0 0 5 -8 -5 7 3 8 -3 2 3 1 -8 7 1 -3 
8 4 -6 1 1 2 2 5 1 4 -5 3 1 2 0 5 7 0 4 2 
-2 -3 8 7 0 -8 -7 -2 4 6 -6 4 -7 8 2 -5 5 6 6 3 
7 3 4 -6 2 4 2 3 4 1 2 6 1 8 5 6 8 4 3 8 
6 -8 7 -4 3 -3 4 7 8 8 1 2 3 -4 8 8 6 7 -6 1 
1 -6 7 6 8 8 -4 3 2 1 8 8 7 4 -3 3 -4 7 -8 6 
8 3 4 8 6 5 8 1 6 2 1 4 3 2 4 2 -6 4 3 7 
3 6 6 5 -5 2 8 -7 4 -6 6 4 -2 -7 -8 0 7 8 -3 -2 
2 4 0 7 5 0 2 1 3 -5 4 1 5 2 2 1 1 -6 4 8 
-3 1 7 -8 1 3 2 -3 8 3 7 -5 -8 5 0 0 -5 1 3 5 
7 5 5 4 1 2 2 0 7 4 8 3 4 0 3 5 8 7 4 6 
7 3 3 6 0 3 8 7 7 1 5 8 6 7 2 5 1 0 -7 0 
1 3 4 0 0 5 6 2 5 -1 5 1 2 -2 7 -7 8 2 3 7 
-5 7 7 8 2 3 3 6 7 5 5 4 5 8 8 3 -8 6 3 4 
-8 6 4 1 8 -4 3 0 3 8 -2 6 2 1 7 0 -6 2 -5 5 
55
8
5 6
8 11
15 14
5 10
10 14
12 17
12 10
0 16
14 13
11 8
4 5
14 9
9 5
7 2
7 9
19 3
8
11 0 11
18 9 8
5 19 12
6 19 16
8 19 11
1 10 8
14 0 12
13 0 16
40
7 18
10 1
14 4
7 14
4 3
6 17
2 3
4 1
17 6
17 18
9 2
4 11
9 0
17 10
10 5
3 12
7 12
6 8
2 15
0 12
12 1
9 18
5 15
12 5
15 16
13 2
17 16
15 18
2 13
2 1
10 17
15 8
10 19
2 9
9 14
16 7
12 7
13 11
17 4
19 7
