20 20
5 -21 1 15 1 13 -9 16 21 -8 20 1 20 -6 -7 -16 19 6 15 9 
18 18 6 9 19 7 -10 6 -20 0 14 -7 9 -22 7 23 11 -16 -5 15 
5 -4 15 23 -16 18 3 -2 11 1 19 -18 -9 -19 2 -22 13 18 17 7 
23 13 22 1 12 6 7 7 13 6 16 -3 13 -2 16 2 10 -7 18 -10 
21 19 5 -18 6 8 7 5 14 -1 5 -12 4 2 7 15 21 15 -17 13 
-22 0 4 9 0 -1 4 17 19 19 -18 -14 8 -4 -23 16 11 -4 8 16 
20 12 18 9 1 15 22 10 17 6 -1 14 21 14 10 18 -18 -21 21 17 
-3 11 3 10 20 1 -3 -2 18 8 15 8 18 15 20 2 19 19 -20 0 
10 1 -10 -7 13 -15 5 18 1 1 11 22 17 3 -22 9 17 8 19 1 
-23 -12 18 17 -8 6 -11 -5 14 14 13 3 13 -14 -17 22 -2 13 21 7 
7 21 13 -2 22 -17 -14 13 3 13 14 14 -5 -11 6 -8 17 18 -12 -23 
1 19 8 17 9 -22 3 17 22 11 1 1 18 5 -15 13 -7 -10 1 10 
0 -20 19 19 2 20 15 18 8 15 8 18 -2 -3 1 20 10 3 11 -3 
17 21 -21 -18 18 10 14 21 14 -1 6 17 10 22 15 1 9 18 12 20 
16 8 -4 11 16 -23 -4 8 -14 -18 19 19 17 4 -1 0 9 4 0 -22 
13 -17 15 21 15 7 2 4 -12 5 -1 14 5 7 8 6 -18 5 19 21 
-10 18 -7 10 2 16 -2 13 -3 16 6 13 7 7 6 12 1 22 13 23 
7 17 18 13 -22 2 -19 -9 -18 19 1 11 -2 3 18 -16 23 15 -4 5 
15 -5 -16 11 23 7 -22 9 -7 14 0 -20 6 -10 7 19 9 6 18 18 
9 15 6 19 -16 -7 -6 20 1 20 -8 21 16 -9 13 1 15 1 -21 5 
48
2
3 8
6 15
16 11
13 4
16
5 1 13
3 0 9
3 14 14
4 15 10
19 9 11
8 2 16
15 5 14
0 16 15
14 18 13
16 19 9
16 5 14
15 4 10
0 10 11
11 17 16
4 14 14
19 3 15
26
13 10
4 16
14 7
18 2
0 8
4 12
7 3
6 19
12 8
18 11
18 0
14 13
9 2
6 9
15 3
5 12
1 17
19 11
15 7
12 16
13 0
7 11
1 8
1 19
5 6
10 17
