20 20
2 -6 6 4 2 2 -2 4 5 3 5 -3 -2 -4 -4 -2 2 -4 5 1 
6 0 0 4 2 1 5 -2 4 6 5 -5 4 0 5 0 2 0 -6 6 
-4 -3 6 -4 3 3 0 5 4 4 4 -5 5 -6 3 5 5 3 5 5 
3 -1 -5 -1 1 6 0 -2 -1 3 5 4 -2 4 6 -6 4 1 5 -3 
-6 4 -2 -2 5 -4 1 -1 1 4 4 1 -1 4 2 4 3 1 5 1 
6 -1 2 -3 5 4 0 2 -5 5 1 4 2 2 4 1 1 4 4 5 
0 2 6 5 3 3 6 -2 4 2 -2 -6 -1 6 5 -3 4 5 2 0 
5 -4 1 6 -1 2 1 2 -4 3 1 2 1 -2 2 -4 2 3 2 2 
5 2 6 5 1 2 2 3 -2 5 0 -2 3 5 -1 2 6 5 1 -2 
3 4 3 6 -3 2 -2 4 0 3 -5 -5 1 -6 3 3 -2 3 4 3 
3 4 3 -2 3 3 -6 1 -5 -5 3 0 4 -2 2 -3 6 3 4 3 
-2 1 5 6 2 -1 5 3 -2 0 5 -2 3 2 2 1 5 6 2 5 
2 2 3 2 -4 2 -2 1 2 1 3 -4 2 1 2 -1 6 1 -4 5 
0 2 5 4 -3 5 6 -1 -6 -2 2 4 -2 6 3 3 5 6 2 0 
5 4 4 1 1 4 2 2 4 1 5 -5 2 0 4 5 -3 2 -1 6 
1 5 1 3 4 2 4 -1 1 4 4 1 -1 1 -4 5 -2 -2 4 -6 
-3 5 1 4 -6 6 4 -2 4 5 3 -1 -2 0 6 1 -1 -5 -1 3 
5 5 3 5 5 3 -6 5 -5 4 4 4 5 0 3 3 -4 6 -3 -4 
6 -6 0 2 0 5 0 4 -5 5 6 4 -2 5 1 2 4 0 0 6 
1 5 -4 2 -2 -4 -4 -2 -3 5 3 5 4 -2 2 2 4 6 -6 2 
48
4
6 13
10 7
8 14
9 8
13 6
9 12
11 5
10 11
12
13 18 16
18 16 11
0 9 14
6 10 8
11 15 9
8 17 16
6 1 16
1 3 11
19 10 14
13 9 8
8 4 9
11 2 16
26
16 0
16 12
10 14
17 13
19 5
17 15
13 0
14 2
17 19
3 9
14 18
13 17
18 2
3 19
3 7
9 5
2 6
0 14
2 4
6 19
5 17
2 0
16 10
5 1
6 2
1 17
