20 20
5 10 3 8 4 5 4 -2 9 7 1 9 9 -6 7 8 0 6 5 6 
9 2 7 -10 -1 10 10 6 3 7 0 10 -1 -7 3 4 10 1 6 9 
8 4 6 0 4 9 -8 -1 0 -8 4 -2 2 4 9 5 -7 -7 2 3 
-7 6 -6 5 0 4 -10 7 -6 10 5 -7 5 5 10 7 1 -7 -10 8 
-6 2 0 4 2 4 10 8 6 0 4 -1 9 7 8 7 9 3 -7 8 
7 9 2 8 4 -7 5 10 3 1 -2 9 2 7 -8 -5 7 9 6 7 
5 -1 3 10 7 8 0 3 -2 8 -1 0 -1 -6 2 10 9 -3 6 4 
-5 9 4 9 9 7 2 4 4 6 4 1 -7 0 -9 8 3 2 1 -6 
0 6 1 9 -10 1 6 1 3 6 5 6 5 6 2 8 7 1 0 1 
5 9 10 5 10 10 6 -2 6 8 -7 7 -2 5 -10 6 3 2 -2 2 
2 -2 2 3 6 -10 5 -2 7 -7 8 6 -2 6 10 10 5 10 9 5 
1 0 1 7 8 2 6 5 6 5 6 3 1 6 1 -10 9 1 6 0 
-6 1 2 3 8 -9 0 -7 1 4 6 4 4 2 7 9 9 4 9 -5 
4 6 -3 9 10 2 -6 -1 0 -1 8 -2 3 0 8 7 10 3 -1 5 
7 6 9 7 -5 -8 7 2 9 -2 1 3 10 5 -7 4 8 2 9 7 
8 -7 3 9 7 8 7 9 -1 4 0 6 8 10 4 2 4 0 2 -6 
8 -10 -7 1 7 10 5 5 -7 5 10 -6 7 -10 4 0 5 -6 6 -7 
3 2 -7 -7 5 9 4 2 -2 4 -8 0 -1 -8 9 4 0 6 4 8 
9 6 1 10 4 3 -7 -1 10 0 7 3 6 10 10 -1 -10 7 2 9 
6 5 6 0 8 7 -6 9 9 1 7 9 -2 4 5 4 8 3 10 5 
58
4
12 5
17 12
1 4
17 7
7 14
2 7
18 15
2 12
6
0 9 9
4 13 13
1 9 11
19 10 9
15 6 13
18 10 11
32
17 6
19 16
14 7
16 3
2 9
4 18
18 9
7 8
6 9
2 6
14 4
9 4
9 3
17 14
0 6
1 15
2 13
0 3
5 12
3 16
17 10
15 1
1 10
12 11
13 10
17 13
5 15
10 15
10 16
2 5
19 13
18 4
