20 20
-5 7 -5 0 1 1 -2 7 4 5 3 7 4 5 3 -2 -3 2 7 1 
4 -6 2 -4 -1 5 -6 4 6 5 5 -3 7 0 5 -5 2 4 -3 5 
7 7 0 1 1 7 2 -5 4 7 -1 -1 7 4 0 5 7 3 -5 -4 
3 2 2 5 1 -4 0 -5 -3 -5 3 -1 0 -1 7 7 1 1 5 1 
3 -2 2 -1 5 -5 1 2 -5 1 6 1 -5 1 5 2 -4 1 1 3 
3 7 1 4 7 2 -3 6 0 1 -3 4 6 -2 5 6 2 -1 -4 7 
1 5 5 5 6 -7 -5 -5 7 -3 7 -6 5 2 7 2 2 5 2 5 
5 1 6 4 2 4 5 2 6 -2 2 3 1 2 6 -4 5 5 5 5 
-3 -1 7 2 -1 4 0 -2 -1 0 3 7 -4 1 2 -7 4 7 3 5 
2 -2 0 5 3 7 7 5 3 2 1 7 7 -4 -2 6 -3 3 1 7 
7 1 3 -3 6 -2 -4 7 7 1 2 3 5 7 7 3 5 0 -2 2 
5 3 7 4 -7 2 1 -4 7 3 0 -1 -2 0 4 -1 2 7 -1 -3 
5 5 5 5 -4 6 2 1 3 2 -2 6 2 5 4 2 4 6 1 5 
5 2 5 2 2 7 2 5 -6 7 -3 7 -5 -5 -7 6 5 5 5 1 
7 -4 -1 2 6 5 -2 6 4 -3 1 0 6 -3 2 7 4 1 7 3 
3 1 1 -4 2 5 1 -5 1 6 1 -5 2 1 -5 5 -1 2 -2 3 
1 5 1 1 7 7 -1 0 -1 3 -5 -3 -5 0 -4 1 5 2 2 3 
-4 -5 3 7 5 0 4 7 -1 -1 7 4 -5 2 7 1 1 0 7 7 
5 -3 4 2 -5 5 0 7 -3 5 5 6 4 -6 5 -1 -4 2 -6 4 
1 7 2 -3 -2 3 5 4 7 3 5 4 7 -2 1 1 0 -5 7 -5 
46
6
8 15
11 7
2 19
1 17
5 8
2 16
11 4
8 12
17 0
18 2
14 11
17 3
8
17 9 14
4 9 16
6 8 14
2 12 15
2 10 14
15 10 16
13 11 14
17 7 15
40
7 10
10 1
9 15
15 1
18 19
15 8
1 2
5 2
2 15
2 8
3 19
16 14
3 7
15 19
7 14
0 15
11 17
5 18
9 7
16 6
12 9
9 18
10 4
4 18
1 0
4 11
18 17
14 17
17 4
17 11
16 0
3 5
16 12
4 0
12 5
19 4
8 2
14 1
10 12
3 13
