20 20
26 23 13 27 25 10 -11 -26 6 11 10 -6 7 8 27 -5 9 7 -28 22 
10 11 3 23 -9 6 28 2 -17 2 16 1 1 12 -1 5 20 -1 18 9 
8 7 11 28 17 27 -19 22 -8 1 17 -27 4 21 -25 10 17 7 4 -15 
3 -7 11 14 -18 4 20 1 -17 19 6 28 23 15 -9 10 19 16 -11 0 
17 21 3 9 -21 11 15 28 10 28 27 13 13 5 26 -14 12 24 10 4 
23 -17 16 6 24 4 20 18 23 16 0 10 -9 19 12 10 -8 14 9 7 
18 5 -1 -5 3 22 22 2 -6 24 13 24 18 3 -18 14 16 10 24 13 
11 -2 -23 3 23 -16 12 9 9 14 16 12 3 4 9 4 26 26 13 18 
2 25 16 -25 5 19 26 19 -10 28 19 -24 16 28 1 28 9 -4 13 -2 
17 2 21 7 22 23 -26 -28 9 -24 3 -18 9 -16 24 -8 12 -3 9 20 
20 9 -3 12 -8 24 -16 9 -18 3 -24 9 -28 -26 23 22 7 21 2 17 
-2 13 -4 9 28 1 28 16 -24 19 28 -10 19 26 19 5 -25 16 25 2 
18 13 26 26 4 9 4 3 12 16 14 9 9 12 -16 23 3 -23 -2 11 
13 24 10 16 14 -18 3 18 24 13 24 -6 2 22 22 3 -5 -1 5 18 
7 9 14 -8 10 12 19 -9 10 0 16 23 18 20 4 24 6 16 -17 23 
4 10 24 12 -14 26 5 13 13 27 28 10 28 15 11 -21 9 3 21 17 
0 -11 16 19 10 -9 15 23 28 6 19 -17 1 20 4 -18 14 11 -7 3 
-15 4 7 17 10 -25 21 4 -27 17 1 -8 22 -19 27 17 28 11 7 8 
9 18 -1 20 5 -1 12 1 1 16 2 -17 2 28 6 -9 23 3 11 10 
22 -28 7 9 -5 27 8 7 -6 10 11 6 -26 -11 10 25 27 13 23 26 
36
3
4 16
10 16
4 7
15 3
9 3
15 12
6
3 2 14
10 3 8
14 3 8
16 17 14
9 16 8
5 16 8
36
12 4
10 1
3 5
5 3
13 16
7 3
16 15
12 5
18 2
6 13
13 18
12 19
5 2
13 5
6 8
15 7
7 17
0 19
7 15
9 18
16 14
14 16
6 3
12 16
3 4
7 14
1 17
13 6
6 1
7 0
14 17
6 14
13 11
4 12
12 2
19 0
