20 20
-1 16 17 8 5 2 -18 3 11 7 -10 0 18 15 4 12 3 1 13 14 
2 12 4 -15 18 9 11 -14 7 17 3 14 7 4 10 15 6 -5 -18 4 
-15 17 19 2 12 5 5 3 -10 2 2 16 -5 13 11 10 1 12 5 5 
13 -13 15 13 11 11 5 19 -9 13 -18 0 12 2 -10 8 8 2 9 0 
3 13 17 17 12 13 16 -15 -15 19 17 10 5 11 14 2 6 4 -9 13 
14 9 8 10 10 16 -19 -11 2 5 5 10 15 10 -18 -6 18 -4 14 19 
-3 -17 -5 -11 19 14 17 4 -14 -18 -17 2 18 11 -16 -13 2 14 12 2 
5 16 -8 -12 18 7 13 7 10 15 5 -3 2 6 3 -7 6 -19 -2 13 
14 5 -11 10 13 7 -14 19 18 9 -14 9 14 -12 16 18 -11 -8 4 15 
3 -13 -12 15 16 1 7 12 5 2 -15 -6 -13 -6 -14 14 19 -5 5 11 
11 5 -5 19 14 -14 -6 -13 -6 -15 2 5 12 7 1 16 15 -12 -13 3 
15 4 -8 -11 18 16 -12 14 9 -14 9 18 19 -14 7 13 10 -11 5 14 
13 -2 -19 6 -7 3 6 2 -3 5 15 10 7 13 7 18 -12 -8 16 5 
2 12 14 2 -13 -16 11 18 2 -17 -18 -14 4 17 14 19 -11 -5 -17 -3 
19 14 -4 18 -6 -18 10 15 10 5 5 2 -11 -19 16 10 10 8 9 14 
13 -9 4 6 2 14 11 5 10 17 19 -15 -15 16 13 12 17 17 13 3 
0 9 2 8 8 -10 2 12 0 -18 13 -9 19 5 11 11 13 15 -13 13 
5 5 12 1 10 11 13 -5 16 2 2 -10 3 5 5 12 2 19 17 -15 
4 -18 -5 6 15 10 4 7 14 3 17 7 -14 11 9 18 -15 4 12 2 
14 13 1 3 12 4 15 18 0 -10 7 11 3 -18 2 5 8 17 16 -1 
51
7
19 14
8 0
11 16
17 7
14 7
11 1
9 12
0 5
11 19
8 3
2 12
5 12
8 18
10 7
10
8 9 12
4 11 11
9 8 10
12 15 15
4 9 9
11 10 12
15 8 11
10 11 10
7 4 15
15 10 9
30
6 3
18 15
2 0
7 11
6 15
2 16
12 14
2 4
16 18
19 18
15 16
17 4
12 18
11 12
18 14
13 16
1 4
17 19
12 8
13 4
17 3
7 5
17 15
3 1
0 1
4 3
2 15
7 1
8 7
1 5
