20 20
9 -2 12 10 20 -23 21 21 -15 9 18 3 14 -15 4 1 21 -10 -23 3 
1 -22 16 -22 20 20 19 -4 20 23 4 -11 23 9 20 2 14 16 -23 -3 
23 1 22 12 17 15 -19 22 23 -3 -12 -10 11 7 -1 14 -5 4 14 18 
5 11 23 14 16 8 0 20 18 13 -12 -12 13 0 -14 11 16 8 -3 4 
17 21 12 14 -8 1 23 11 10 -22 6 -12 21 7 1 18 15 19 9 -12 
19 14 -21 -23 14 -15 7 23 21 22 -19 11 -22 14 19 -15 5 1 19 15 
11 11 3 19 13 10 19 16 8 -20 2 1 7 12 18 -13 -12 22 14 -15 
-19 3 19 17 -12 0 21 8 11 23 14 11 9 9 20 -12 15 13 8 23 
16 9 9 8 11 6 3 -23 17 10 21 7 3 -17 -3 16 -1 -17 18 17 
14 13 5 18 12 8 3 21 7 -3 -4 9 7 21 23 1 -18 15 22 2 
2 22 15 -18 1 23 21 7 9 -4 -3 7 21 3 8 12 18 5 13 14 
17 18 -17 -1 16 -3 -17 3 7 21 10 17 -23 3 6 11 8 9 9 16 
23 8 13 15 -12 20 9 9 11 14 23 11 8 21 0 -12 17 19 3 -19 
-15 14 22 -12 -13 18 12 7 1 2 -20 8 16 19 10 13 19 3 11 11 
15 19 1 5 -15 19 14 -22 11 -19 22 21 23 7 -15 14 -23 -21 14 19 
-12 9 19 15 18 1 7 21 -12 6 -22 10 11 23 1 -8 14 12 21 17 
4 -3 8 16 11 -14 0 13 -12 -12 13 18 20 0 8 16 14 23 11 5 
18 14 4 -5 14 -1 7 11 -10 -12 -3 23 22 -19 15 17 12 22 1 23 
-3 -23 16 14 2 20 9 23 -11 4 23 20 -4 19 20 20 -22 16 -22 1 
3 -23 -10 21 1 4 -15 14 3 18 9 -15 21 21 -23 20 10 12 -2 9 
30
2
18 13
17 7
1 6
2 12
16
7 17 10
5 1 16
14 0 11
19 18 11
18 12 10
12 11 12
5 8 12
3 19 12
12 2 10
14 18 16
5 19 11
0 1 11
1 7 10
7 8 12
14 11 12
16 0 12
30
6 19
3 13
13 11
8 17
6 5
2 9
19 16
17 9
10 3
18 1
3 5
7 2
14 15
5 13
2 19
13 0
16 6
6 8
11 2
13 14
17 10
0 3
2 10
9 16
1 18
16 14
12 17
5 4
14 6
17 0
