20 20
4 2 4 3 3 4 -2 4 0 2 0 4 -3 0 4 2 2 3 2 4 
4 4 1 0 3 4 0 1 0 1 -4 2 0 -4 3 1 2 3 -1 3 
0 1 3 2 1 0 -1 -2 -3 -2 -3 4 -3 -1 0 -1 0 -1 0 -1 
2 0 -2 -2 0 -3 3 2 1 1 -4 3 2 -2 2 1 0 4 -4 2 
3 3 3 0 0 3 4 -3 3 0 -2 4 1 -3 3 0 -2 -3 1 3 
1 4 1 0 -3 2 4 2 -1 1 -2 3 2 2 4 4 1 1 0 0 
-2 -3 4 3 3 2 1 -4 1 4 4 3 -2 0 2 1 -3 4 -2 -4 
-3 3 1 -1 4 3 3 -1 1 4 -2 4 0 4 1 1 0 -4 3 2 
-3 3 3 1 -4 2 1 -2 -4 1 -3 4 0 2 3 3 3 2 4 2 
-4 1 2 1 -2 2 2 3 3 4 -3 1 -4 0 3 4 1 0 -3 -3 
-3 -3 0 1 4 3 0 -4 1 -3 4 3 3 2 2 -2 1 2 1 -4 
2 4 2 3 3 3 2 0 4 -3 1 -4 -2 1 2 -4 1 3 3 -3 
2 3 -4 0 1 1 4 0 4 -2 4 1 -1 3 3 4 -1 1 3 -3 
-4 -2 4 -3 1 2 0 -2 3 4 4 1 -4 1 2 3 3 4 -3 -2 
0 0 1 1 4 4 2 2 3 -2 1 -1 2 4 2 -3 0 1 4 1 
3 1 -3 -2 0 3 -3 1 4 -2 0 3 -3 4 3 0 0 3 3 3 
2 -4 4 0 1 2 -2 2 3 -4 1 1 2 3 -3 0 -2 -2 0 2 
-1 0 -1 0 -1 0 -1 -3 4 -3 -2 -3 -2 -1 0 1 2 3 1 0 
3 -1 3 2 1 3 -4 0 2 -4 1 0 1 0 4 3 0 1 4 4 
4 2 3 2 2 4 0 -3 4 0 2 0 4 -2 4 3 3 4 2 4 
31
4
5 7
19 18
15 0
10 6
14 12
0 1
4 19
9 13
18
5 8 13
18 11 15
12 14 11
9 12 9
7 15 16
10 11 10
5 17 10
4 8 10
19 5 9
14 11 13
1 8 15
7 5 11
10 7 9
12 4 16
9 8 10
14 2 10
15 11 10
0 14 9
30
13 11
16 9
17 0
18 9
15 16
4 0
3 9
19 2
16 17
17 3
16 3
18 1
7 0
5 18
14 17
6 8
3 10
2 19
1 10
4 3
15 19
16 10
0 17
3 2
2 16
3 16
1 18
12 19
14 1
5 2
