20 20
1 3 1 -3 3 0 2 1 0 -2 1 0 0 3 1 -3 1 -1 2 2 
-3 1 0 3 1 2 3 2 -2 1 0 1 3 0 1 2 1 -2 -2 2 
1 3 -2 1 -1 3 -3 2 2 3 -2 2 3 1 0 -3 2 3 2 2 
1 1 0 3 2 3 3 0 2 3 0 2 -1 0 2 0 0 3 -3 3 
-1 3 1 1 2 0 2 2 1 3 3 3 2 1 2 2 3 0 2 0 
2 -2 2 1 -2 2 -2 0 1 2 -1 -1 -3 -1 2 -3 -1 -1 -3 -1 
-1 -2 -3 0 2 0 0 2 3 3 0 3 3 1 1 3 3 3 -3 1 
3 -2 0 2 -1 0 0 3 2 2 1 3 -1 3 3 1 1 0 1 3 
2 3 -3 -1 2 3 1 -2 3 2 2 1 3 2 3 3 1 -2 3 1 
-3 2 2 2 3 2 -1 1 1 0 3 2 1 2 3 1 2 2 1 1 
1 1 2 2 1 3 2 1 2 3 0 1 1 -1 2 3 2 2 2 -3 
1 3 -2 1 3 3 2 3 1 2 2 3 -2 1 3 2 -1 -3 3 2 
3 1 0 1 1 3 3 -1 3 1 2 2 3 0 0 -1 2 0 -2 3 
1 -3 3 3 3 1 1 3 3 0 3 3 2 0 0 2 0 -3 -2 -1 
-1 -3 -1 -1 -3 2 -1 -3 -1 -1 2 1 0 -2 2 -2 1 2 -2 2 
0 2 0 3 2 2 1 2 3 3 3 1 2 2 0 2 1 1 3 -1 
3 -3 3 0 0 2 0 -1 2 0 3 2 0 3 3 2 3 0 1 1 
2 2 3 2 -3 0 1 3 2 -2 3 2 2 -3 3 -1 1 -2 3 1 
2 -2 -2 1 2 1 0 3 1 0 1 -2 2 3 2 1 3 0 1 -3 
2 2 -1 1 -3 1 3 0 0 1 -2 0 1 2 0 3 -3 1 3 1 
53
2
16 8
12 1
3 11
7 18
16
16 7 16
17 14 15
8 17 15
0 16 15
3 18 12
2 7 12
14 10 12
11 17 16
3 12 16
2 5 15
11 2 15
19 3 15
16 1 12
17 12 12
5 9 12
8 2 16
28
10 2
10 8
14 7
18 15
7 10
15 6
8 4
0 5
3 19
10 0
12 6
0 12
7 14
3 1
9 17
9 11
5 12
1 4
12 9
4 13
11 15
19 14
16 0
9 19
7 13
19 7
12 5
16 18
