20 20
12 -16 12 0 2 11 3 -14 19 20 12 17 -3 19 6 12 9 -6 3 1 
19 15 -12 4 9 6 -3 -17 17 8 -2 18 -20 6 0 8 17 7 10 14 
3 20 -2 13 -7 7 5 6 9 -7 6 1 3 -19 12 19 -14 10 -10 8 
-9 5 -11 20 8 10 15 2 6 -2 1 11 14 13 0 -2 5 -1 15 15 
15 9 13 10 0 8 -11 6 11 17 18 4 -1 9 8 16 11 -17 9 17 
11 5 -14 17 1 -17 -17 18 20 11 10 -1 1 0 -12 6 14 17 -17 3 
-15 -2 -6 18 -1 7 4 11 13 3 14 16 19 11 -10 14 16 6 19 10 
3 17 19 15 16 19 -18 2 2 8 11 2 2 -16 6 -9 14 -8 -10 6 
12 1 -1 15 4 1 20 17 12 -2 2 -1 12 11 -12 1 20 16 7 17 
-5 -14 9 3 5 12 11 -19 6 16 3 -12 -7 10 7 1 2 14 10 4 
4 10 14 2 1 7 10 -7 -12 3 16 6 -19 11 12 5 3 9 -14 -5 
17 7 16 20 1 -12 11 12 -1 2 -2 12 17 20 1 4 15 -1 1 12 
6 -10 -8 14 -9 6 -16 2 2 11 8 2 2 -18 19 16 15 19 17 3 
10 19 6 16 14 -10 11 19 16 14 3 13 11 4 7 -1 18 -6 -2 -15 
3 -17 17 14 6 -12 0 1 -1 10 11 20 18 -17 -17 1 17 -14 5 11 
17 9 -17 11 16 8 9 -1 4 18 17 11 6 -11 8 0 10 13 9 15 
15 15 -1 5 -2 0 13 14 11 1 -2 6 2 15 10 8 20 -11 5 -9 
8 -10 10 -14 19 12 -19 3 1 6 -7 9 6 5 7 -7 13 -2 20 3 
14 10 7 17 8 0 6 -20 18 -2 8 17 -17 -3 6 9 4 -12 15 19 
1 3 -6 9 12 6 19 -3 17 12 20 19 -14 3 11 2 0 12 -16 12 
60
6
3 11
11 19
14 5
17 12
8 11
14 16
16 8
8 0
5 14
2 7
11 8
5 3
6
14 9 12
2 15 13
8 17 12
5 10 12
17 4 13
11 2 12
36
15 12
12 3
15 7
8 6
0 15
4 17
9 17
2 8
0 8
16 5
6 0
11 1
3 7
9 0
14 18
12 18
0 13
12 7
4 7
7 16
4 12
11 13
19 4
15 2
10 2
17 11
19 11
3 14
13 19
8 18
16 12
10 19
5 1
7 1
19 6
7 12
