20 20
2 14 6 -11 12 2 9 13 15 -15 13 -13 5 1 2 16 2 6 -2 3 
7 15 17 5 11 14 -15 5 3 8 4 -12 -14 2 8 1 0 10 8 11 
10 17 13 16 1 9 -1 8 9 -16 5 11 7 -9 1 8 6 5 6 8 
4 7 8 -13 8 6 17 12 2 4 6 9 3 11 16 6 -6 7 14 9 
3 -16 13 15 15 1 -14 7 11 1 13 -5 14 5 3 3 4 -5 8 0 
11 3 -4 0 0 6 5 3 16 15 9 5 4 2 14 -14 12 2 -2 5 
7 8 -7 6 9 9 17 16 7 -14 17 -16 14 -13 11 5 1 -10 8 0 
-17 16 5 -17 11 -8 -4 10 -2 -13 4 14 8 2 7 14 -9 -12 17 4 
16 13 0 13 4 0 17 15 -17 3 6 -11 15 0 7 8 13 7 -15 13 
-7 10 17 14 3 -14 -11 6 6 2 -4 15 -8 1 17 7 7 -10 -4 5 
5 -4 -10 7 7 17 1 -8 15 -4 2 6 6 -11 -14 3 14 17 10 -7 
13 -15 7 13 8 7 0 15 -11 6 3 -17 15 17 0 4 13 0 13 16 
4 17 -12 -9 14 7 2 8 14 4 -13 -2 10 -4 -8 11 -17 5 16 -17 
0 8 -10 1 5 11 -13 14 -16 17 -14 7 16 17 9 9 6 -7 8 7 
5 -2 2 12 -14 14 2 4 5 9 15 16 3 5 6 0 0 -4 3 11 
0 8 -5 4 3 3 5 14 -5 13 1 11 7 -14 1 15 15 13 -16 3 
9 14 7 -6 6 16 11 3 9 6 4 2 12 17 6 8 -13 8 7 4 
8 6 5 6 8 1 -9 7 11 5 -16 9 8 -1 9 1 16 13 17 10 
11 8 10 0 1 8 2 -14 -12 4 8 3 5 -15 14 11 5 17 15 7 
3 -2 6 2 16 2 1 5 -13 13 -15 15 13 9 2 12 -11 6 14 2 
34
8
12 8
18 7
8 14
14 1
10 4
8 13
6 15
13 3
7 11
1 12
11 5
5 18
9 15
11 6
13 4
6 16
16
1 4 11
4 6 10
9 11 8
10 7 8
10 16 9
15 17 16
19 5 14
5 9 8
18 15 11
15 13 10
10 8 8
9 12 8
9 3 9
4 2 16
0 14 14
14 10 8
36
17 11
10 0
10 1
7 2
17 16
11 8
4 7
0 4
7 19
1 2
6 0
9 16
1 5
2 4
15 4
14 15
3 14
13 9
2 8
9 19
9 18
12 17
2 3
8 11
15 12
19 15
12 0
18 17
13 19
10 3
18 14
17 15
4 15
5 4
16 5
6 10
