20 20
3 -5 3 -4 5 7 6 1 -1 5 -3 3 7 -7 2 3 2 3 -6 0 
0 3 -3 1 1 -1 1 6 2 7 5 -2 5 2 2 4 -3 3 7 -1 
0 -6 -4 3 2 0 1 -2 5 -5 -6 1 6 -4 7 1 2 6 0 5 
-5 4 3 0 3 -6 0 1 7 2 7 6 6 6 5 6 1 -5 7 -7 
7 3 4 1 -5 3 7 6 3 2 1 2 5 -7 1 5 -4 -2 5 4 
5 3 3 3 4 -4 -7 5 4 -3 5 1 4 7 -2 3 0 -4 4 -4 
-5 1 -2 2 1 7 1 -3 4 0 -1 6 6 4 0 -5 5 7 2 7 
2 -3 -6 7 1 6 7 -2 -4 7 4 -4 3 7 0 4 5 -7 1 -1 
-2 -3 6 7 2 4 0 -6 0 2 5 1 7 -3 7 6 4 1 6 3 
-3 0 3 -1 2 -6 4 -1 1 1 5 5 1 2 7 0 7 5 2 7 
7 2 5 7 0 7 2 1 5 5 1 1 -1 4 -6 2 -1 3 0 -3 
3 6 1 4 6 7 -3 7 1 5 2 0 -6 0 4 2 7 6 -3 -2 
-1 1 -7 5 4 0 7 3 -4 4 7 -4 -2 7 6 1 7 -6 -3 2 
7 2 7 5 -5 0 4 6 6 -1 0 4 -3 1 7 1 2 -2 1 -5 
-4 4 -4 0 3 -2 7 4 1 5 -3 4 5 -7 -4 4 3 3 3 5 
4 5 -2 -4 5 1 -7 5 2 1 2 3 6 7 3 -5 1 4 3 7 
-7 7 -5 1 6 5 6 6 6 7 2 7 1 0 -6 3 0 3 4 -5 
5 0 6 2 1 7 -4 6 1 -6 -5 5 -2 1 0 2 3 -4 -6 0 
-1 7 3 -3 4 2 2 5 -2 5 7 2 6 1 -1 1 1 -3 3 0 
0 -6 3 2 3 2 -7 7 3 -3 5 -1 1 6 7 5 -4 3 -5 3 
41
2
3 19
17 5
16 0
2 14
20
19 17 13
0 7 12
8 12 11
1 6 15
4 12 14
12 8 16
6 14 14
6 7 16
2 10 9
6 18 14
0 2 13
19 12 12
11 7 11
18 13 15
15 7 14
7 11 16
13 5 14
13 12 16
17 9 9
13 1 14
26
19 1
18 3
10 1
13 18
3 18
14 17
1 11
4 8
13 11
1 8
3 4
11 13
14 16
0 18
1 16
9 18
6 1
16 1
5 2
18 8
15 11
6 8
18 11
16 15
8 6
5 3
