20 20
12 6 12 9 0 15 13 15 5 -8 6 -15 13 -9 -12 1 -1 11 4 8 
5 -11 3 -2 7 -4 10 -13 15 5 4 10 5 5 -1 -4 -14 9 3 10 
5 -2 14 11 3 -9 12 14 14 14 -4 5 -9 9 1 0 4 5 -11 2 
8 4 11 5 14 9 11 -12 14 9 -15 9 8 1 9 4 5 -8 3 5 
5 8 14 2 -13 12 5 15 14 0 15 4 14 12 10 8 -9 -8 5 -6 
13 -6 4 11 3 4 13 -5 -3 -4 1 13 14 -13 13 8 7 4 0 -3 
3 -2 12 10 -2 3 1 -4 7 -12 -4 1 14 13 1 10 5 6 4 6 
-11 -12 10 0 -1 -7 11 13 7 10 1 -14 -14 1 1 10 -12 10 7 6 
1 -10 -9 12 5 7 -2 15 -7 7 -1 13 -2 10 3 6 3 6 0 4 
1 7 3 7 10 -8 0 10 1 2 9 3 9 13 0 6 7 -5 8 -14 
-14 8 -5 7 6 0 13 9 3 9 2 1 10 0 -8 10 7 3 7 1 
4 0 6 3 6 3 10 -2 13 -1 7 -7 15 -2 7 5 12 -9 -10 1 
6 7 10 -12 10 1 1 -14 -14 1 10 7 13 11 -7 -1 0 10 -12 -11 
6 4 6 5 10 1 13 14 1 -4 -12 7 -4 1 3 -2 10 12 -2 3 
-3 0 4 7 8 13 -13 14 13 1 -4 -3 -5 13 4 3 11 4 -6 13 
-6 5 -8 -9 8 10 12 14 4 15 0 14 15 5 12 -13 2 14 8 5 
5 3 -8 5 4 9 1 8 9 -15 9 14 -12 11 9 14 5 11 4 8 
2 -11 5 4 0 1 9 -9 5 -4 14 14 14 12 -9 3 11 14 -2 5 
10 3 9 -14 -4 -1 5 5 10 4 5 15 -13 10 -4 7 -2 3 -11 5 
8 4 11 -1 1 -12 -9 13 -15 6 -8 5 15 13 15 0 9 12 6 12 
55
2
14 12
5 10
5 7
14 9
14
10 3 9
0 3 14
18 14 16
17 8 15
7 6 14
2 13 12
5 3 8
9 16 9
19 16 14
1 5 16
2 11 15
12 13 14
17 6 12
14 16 8
32
10 13
15 18
18 16
1 12
14 8
3 6
3 19
0 18
2 5
15 3
3 14
15 17
8 13
13 12
5 19
18 15
9 6
4 1
1 3
18 7
5 11
16 13
16 0
19 1
17 14
4 16
16 5
4 2
11 6
6 7
14 0
1 4
