20 20
5 4 -2 1 5 2 0 1 -2 2 -1 -2 5 4 2 1 0 3 3 5 
4 2 4 5 -3 -4 2 1 2 3 5 5 2 -4 -4 3 -5 2 0 -4 
4 0 -3 5 4 2 5 5 5 3 4 0 -2 0 4 0 -3 3 -2 5 
0 -5 4 5 1 0 -3 5 0 2 -3 4 4 3 4 1 3 4 -4 0 
3 1 0 -5 2 5 0 4 -2 2 5 1 4 1 -2 5 4 3 -2 1 
-4 5 0 3 1 -4 -1 0 0 1 0 3 -5 5 2 1 -4 1 0 0 
-1 2 0 0 1 3 1 3 3 1 4 1 5 2 2 -4 -5 4 2 3 
1 -1 2 4 4 4 -2 4 2 -2 -3 3 5 -3 0 5 1 4 2 2 
0 -4 3 2 1 2 -2 1 5 0 4 1 2 4 1 -4 -3 -4 4 -2 
2 3 5 2 4 1 4 1 4 5 1 2 3 -3 -2 2 1 5 2 -3 
-3 2 5 1 2 -2 -3 3 2 1 5 4 1 4 1 4 2 5 3 2 
-2 4 -4 -3 -4 1 4 2 1 4 0 5 1 -2 2 1 2 3 -4 0 
2 2 4 1 5 0 -3 5 3 -3 -2 2 4 -2 4 4 4 2 -1 1 
3 2 4 -5 -4 2 2 5 1 4 1 3 3 1 3 1 0 0 2 -1 
0 0 1 -4 1 2 5 -5 3 0 1 0 0 -1 -4 1 3 0 5 -4 
1 -2 3 4 5 -2 1 4 1 5 2 -2 4 0 5 2 -5 0 1 3 
0 -4 4 3 1 4 3 4 4 -3 2 0 5 -3 0 1 5 4 -5 0 
5 -2 3 -3 0 4 0 -2 0 4 3 5 5 5 2 4 5 -3 0 4 
-4 0 2 -5 3 -4 -4 2 5 5 3 2 1 2 -4 -3 5 4 2 4 
5 3 3 0 1 2 4 5 -2 -1 2 -2 1 0 2 5 1 -2 4 5 
57
3
17 6
14 5
13 11
2 13
5 14
6 8
12
8 11 16
7 12 8
11 6 10
7 1 14
19 14 16
12 13 8
11 8 16
12 7 8
8 13 10
12 18 14
0 5 16
7 6 8
28
15 4
8 2
8 4
8 17
5 2
9 12
1 13
13 6
10 6
4 14
1 19
4 1
18 13
19 6
4 15
11 17
11 15
11 2
14 17
10 7
18 6
6 13
9 13
15 5
18 0
15 18
1 6
0 13
