20 20
14 -8 15 -10 8 9 3 4 -12 -13 5 11 5 16 4 17 0 15 2 -1 
4 7 10 5 -13 8 10 5 15 5 6 4 1 16 2 12 0 1 9 6 
3 14 -10 14 9 13 1 8 2 -15 16 -6 17 -12 13 7 1 -3 -14 13 
-11 -7 -10 12 -3 12 -13 4 10 -15 8 15 3 -11 14 8 -15 3 4 8 
10 15 11 9 1 -1 10 17 4 12 6 10 1 -13 14 3 6 8 11 12 
8 9 11 8 12 -5 -12 17 14 1 -9 11 7 9 17 3 -11 3 4 -2 
2 2 -3 16 -3 11 17 -12 2 -16 5 17 2 1 15 17 16 -4 -1 5 
13 11 0 14 9 1 4 -9 14 17 16 5 3 3 6 8 6 3 5 8 
14 11 4 -16 -10 0 2 2 -3 -16 6 5 -10 3 7 3 6 2 -9 14 
12 12 5 8 13 -6 4 -14 17 8 9 10 -2 9 12 8 2 12 16 12 
12 16 12 2 8 12 9 -2 10 9 8 17 -14 4 -6 13 8 5 12 12 
14 -9 2 6 3 7 3 -10 5 6 -16 -3 2 2 0 -10 -16 4 11 14 
8 5 3 6 8 6 3 3 5 16 17 14 -9 4 1 9 14 0 11 13 
5 -1 -4 16 17 15 1 2 17 5 -16 2 -12 17 11 -3 16 -3 2 2 
-2 4 3 -11 3 17 9 7 11 -9 1 14 17 -12 -5 12 8 11 9 8 
12 11 8 6 3 14 -13 1 10 6 12 4 17 10 -1 1 9 11 15 10 
8 4 3 -15 8 14 -11 3 15 8 -15 10 4 -13 12 -3 12 -10 -7 -11 
13 -14 -3 1 7 13 -12 17 -6 16 -15 2 8 1 13 9 14 -10 14 3 
6 9 1 0 12 2 16 1 4 6 5 15 5 10 8 -13 5 10 7 4 
-1 2 15 0 17 4 16 5 11 5 -13 -12 4 3 9 8 -10 15 -8 14 
30
7
3 18
13 4
7 10
11 5
2 1
9 13
3 8
16 1
6 15
12 9
8 14
17 18
10 6
16 11
10
10 9 10
17 15 15
13 1 11
12 16 14
2 10 10
9 10 10
2 4 15
6 18 11
7 3 14
17 9 10
40
5 4
18 12
7 19
11 4
9 12
14 2
3 12
17 7
4 13
0 14
13 12
4 10
3 11
3 10
16 15
13 15
18 1
8 13
0 4
0 1
14 15
1 7
12 0
8 15
10 7
5 17
16 7
2 12
15 6
19 5
6 7
15 9
16 8
16 9
3 4
6 4
1 18
11 6
19 15
19 18
