20 20
5 10 8 11 13 3 13 9 13 6 12 -13 11 1 -8 3 -10 10 13 11 
7 9 7 3 3 7 2 8 -3 4 4 -2 -11 8 8 4 3 -6 6 13 
11 -7 12 1 11 13 0 12 9 13 0 1 13 -10 -7 4 10 -2 2 -4 
10 2 -7 5 5 -7 12 2 -11 -9 -9 4 5 -7 4 1 9 -10 4 6 
10 9 9 10 2 6 6 9 6 13 -12 9 13 -7 1 11 4 -7 10 -6 
-13 10 -10 1 3 8 0 6 12 7 -4 -13 -8 2 -5 10 12 1 8 13 
8 2 3 -1 6 1 9 4 6 1 -6 -4 13 -4 -13 3 7 0 3 -10 
-8 -3 7 10 3 13 9 -8 1 -13 11 0 8 -5 4 12 2 -9 12 10 
-6 3 8 12 -1 5 8 2 -2 13 -2 -5 1 7 12 -3 0 11 -11 11 
5 -6 7 -1 10 11 6 -4 12 8 5 1 -4 5 1 7 -12 -5 -3 9 
9 -3 -5 -12 7 1 5 -4 1 5 8 12 -4 6 11 10 -1 7 -6 5 
11 -11 11 0 -3 12 7 1 -5 -2 13 -2 2 8 5 -1 12 8 3 -6 
10 12 -9 2 12 4 -5 8 0 11 -13 1 -8 9 13 3 10 7 -3 -8 
-10 3 0 7 3 -13 -4 13 -4 -6 1 6 4 9 1 6 -1 3 2 8 
13 8 1 12 10 -5 2 -8 -13 -4 7 12 6 0 8 3 1 -10 10 -13 
-6 10 -7 4 11 1 -7 13 9 -12 13 6 9 6 6 2 10 9 9 10 
6 4 -10 9 1 4 -7 5 4 -9 -9 -11 2 12 -7 5 5 -7 2 10 
-4 2 -2 10 4 -7 -10 13 1 0 13 9 12 0 13 11 1 12 -7 11 
13 6 -6 3 4 8 8 -11 -2 4 4 -3 8 2 7 3 3 7 9 7 
11 13 10 -10 3 -8 1 11 -13 12 6 13 9 13 3 13 11 8 10 5 
47
8
14 17
7 14
19 11
4 18
1 9
8 14
18 6
17 11
5 2
12 5
0 8
15 1
18 10
11 5
1 13
2 8
16
12 18 9
1 7 8
2 5 11
14 12 15
9 18 11
3 12 12
15 13 13
8 7 11
7 1 9
18 12 8
17 14 11
5 7 15
10 1 11
16 7 12
4 6 13
11 12 11
26
17 10
6 5
13 18
5 4
8 17
19 8
15 18
16 15
4 16
3 10
14 13
19 14
3 11
2 9
13 14
6 1
14 15
11 2
0 11
4 1
3 4
15 3
16 9
5 6
0 5
16 8
