20 20
15 12 13 3 5 28 -4 14 -10 9 4 0 11 6 16 25 -1 13 13 12 
-21 6 7 -2 23 28 -15 7 10 -20 -7 18 19 1 22 20 4 19 4 9 
-5 6 12 -26 27 15 15 23 3 -9 26 17 21 14 4 -16 24 -8 25 20 
9 -10 -12 5 -6 -24 22 22 14 18 17 28 26 27 6 14 14 7 23 15 
1 -11 8 6 13 7 1 22 16 -27 -10 28 1 -12 -15 20 -27 16 26 2 
12 23 13 22 23 28 0 27 -17 -23 -10 28 -11 -8 18 2 3 9 17 -18 
3 28 -17 20 26 3 22 26 19 10 -11 15 -24 20 19 12 28 -26 6 -22 
22 8 14 5 28 15 -4 15 6 -4 23 -7 11 -12 16 8 0 6 25 -4 
14 14 -8 14 19 17 26 -1 28 13 0 -7 24 11 15 11 -13 28 11 -14 
26 -14 7 16 5 19 0 16 28 6 18 14 12 8 -12 6 9 1 16 18 
18 16 1 9 6 -12 8 12 14 18 6 28 16 0 19 5 16 7 -14 26 
-14 11 28 -13 11 15 11 24 -7 0 13 28 -1 26 17 19 14 -8 14 14 
-4 25 6 0 8 16 -12 11 -7 23 -4 6 15 -4 15 28 5 14 8 22 
-22 6 -26 28 12 19 20 -24 15 -11 10 19 26 22 3 26 20 -17 28 3 
-18 17 9 3 2 18 -8 -11 28 -10 -23 -17 27 0 28 23 22 13 23 12 
2 26 16 -27 20 -15 -12 1 28 -10 -27 16 22 1 7 13 6 8 -11 1 
15 23 7 14 14 6 27 26 28 17 18 14 22 22 -24 -6 5 -12 -10 9 
20 25 -8 24 -16 4 14 21 17 26 -9 3 23 15 15 27 -26 12 6 -5 
9 4 19 4 20 22 1 19 18 -7 -20 10 7 -15 28 23 -2 7 6 -21 
12 13 13 -1 25 16 6 11 0 4 9 -10 14 -4 28 5 3 13 12 15 
56
7
14 15
1 19
3 5
10 0
6 8
8 7
7 8
5 4
18 0
16 14
9 19
13 11
11 12
12 11
8
1 3 13
11 7 10
1 9 11
0 17 13
18 16 13
8 12 10
18 10 11
19 2 13
34
8 4
4 3
17 11
15 17
4 9
7 4
10 6
8 15
17 1
5 9
10 1
2 1
4 17
16 8
12 2
8 16
19 10
11 15
15 16
2 8
4 2
15 10
12 15
9 13
11 4
2 18
14 10
9 18
17 18
15 2
3 11
7 17
11 3
0 9
