20 20
-6 5 -2 4 -11 -21 12 21 -7 8 23 -5 20 15 18 8 -4 -20 20 12 
4 5 17 10 21 14 23 1 5 -14 -7 12 5 1 17 6 -22 -1 12 7 
-3 -5 11 17 -10 -8 19 19 5 19 17 1 1 12 17 4 12 14 2 -16 
14 -21 9 16 2 23 22 22 -17 20 -7 -12 7 13 11 1 8 19 13 10 
14 18 4 21 -16 13 -4 21 3 18 23 2 6 2 7 10 -20 1 15 17 
2 -5 19 -9 -1 11 5 8 4 -12 2 12 16 -17 7 1 16 7 12 -12 
21 12 22 21 12 -21 0 9 3 9 19 1 5 10 1 -11 -11 1 11 20 
7 23 13 13 10 0 11 20 17 4 -11 12 11 5 -12 -22 6 -3 7 1 
5 -6 -11 2 -17 -5 23 9 11 -20 17 9 2 -7 21 14 15 22 4 22 
-17 13 -13 7 1 23 -16 15 12 3 18 11 20 -11 7 19 11 7 23 5 
5 23 7 11 19 7 -11 20 11 18 3 12 15 -16 23 1 7 -13 13 -17 
22 4 22 15 14 21 -7 2 9 17 -20 11 9 23 -5 -17 2 -11 -6 5 
1 7 -3 6 -22 -12 5 11 12 -11 4 17 20 11 0 10 13 13 23 7 
20 11 1 -11 -11 1 10 5 1 19 9 3 9 0 -21 12 21 22 12 21 
-12 12 7 16 1 7 -17 16 12 2 -12 4 8 5 11 -1 -9 19 -5 2 
17 15 1 -20 10 7 2 6 2 23 18 3 21 -4 13 -16 21 4 18 14 
10 13 19 8 1 11 13 7 -12 -7 20 -17 22 22 23 2 16 9 -21 14 
-16 2 14 12 4 17 12 1 1 17 19 5 19 19 -8 -10 17 11 -5 -3 
7 12 -1 -22 6 17 1 5 12 -7 -14 5 1 23 14 21 10 17 5 4 
12 20 -20 -4 8 18 15 20 -5 23 8 -7 21 12 -21 -11 4 -2 5 -6 
40
7
16 8
0 10
15 8
6 16
18 8
18 0
18 3
3 11
19 9
4 11
13 3
1 11
1 19
1 16
10
16 7 12
16 10 11
0 12 16
11 4 9
3 1 8
3 12 12
3 9 11
19 7 16
8 15 9
16 18 8
40
6 13
1 2
3 10
15 16
17 16
13 11
7 18
3 16
13 0
7 19
0 14
10 11
15 3
18 4
15 13
2 7
0 7
17 4
4 9
10 3
13 6
18 17
16 9
4 3
2 3
6 8
12 1
16 3
6 19
12 0
19 5
9 8
4 16
1 15
4 6
17 12
19 12
2 15
15 10
9 16
