20 20
-25 29 27 -11 14 -10 26 5 10 19 -16 13 20 9 26 -12 -21 28 14 25 
7 27 -8 -3 -5 1 5 7 13 8 24 25 28 14 -12 20 3 7 20 22 
24 0 3 6 17 21 13 10 28 14 -5 19 18 4 15 0 -27 26 -22 0 
18 22 17 5 0 27 13 13 12 -15 21 -13 -21 2 2 21 -10 11 23 23 
8 20 10 -9 8 28 12 -21 -26 4 28 -23 9 8 -15 14 -6 6 -25 25 
-29 4 25 -15 25 15 -14 8 1 15 11 -6 20 28 16 0 -24 1 15 25 
24 4 20 28 27 27 2 -18 20 29 12 2 -6 -2 8 24 19 25 -6 2 
24 -25 25 -14 -24 24 -15 18 0 21 16 0 22 18 20 4 20 17 28 17 
11 -7 19 18 -3 9 12 -9 15 13 -24 3 17 21 23 -24 29 1 -21 3 
29 26 -26 1 -12 27 12 7 17 17 1 6 6 19 22 3 10 13 25 28 
28 25 13 10 3 22 19 6 6 1 17 17 7 12 27 -12 1 -26 26 29 
3 -21 1 29 -24 23 21 17 3 -24 13 15 -9 12 9 -3 18 19 -7 11 
17 28 17 20 4 20 18 22 0 16 21 0 18 -15 24 -24 -14 25 -25 24 
2 -6 25 19 24 8 -2 -6 2 12 29 20 -18 2 27 27 28 20 4 24 
25 15 1 -24 0 16 28 20 -6 11 15 1 8 -14 15 25 -15 25 4 -29 
25 -25 6 -6 14 -15 8 9 -23 28 4 -26 -21 12 28 8 -9 10 20 8 
23 23 11 -10 21 2 2 -21 -13 21 -15 12 13 13 27 0 5 17 22 18 
0 -22 26 -27 0 15 4 18 19 -5 14 28 10 13 21 17 6 3 0 24 
22 20 7 3 20 -12 14 28 25 24 8 13 7 5 1 -5 -3 -8 27 7 
25 14 28 -21 -12 26 9 20 13 -16 19 10 5 26 -10 14 -11 27 29 -25 
34
3
5 4
15 19
17 2
14 15
4 0
2 17
20
5 1 14
5 19 9
0 7 12
15 7 10
18 7 10
19 18 9
2 16 15
13 14 14
3 4 9
15 11 9
14 18 14
14 0 9
19 12 12
4 12 10
1 12 10
0 1 9
17 3 15
6 5 14
16 15 9
4 8 9
36
2 1
2 7
14 9
11 13
10 4
10 3
0 18
1 13
13 19
12 15
17 1
4 9
9 8
18 16
4 7
17 9
3 13
17 16
17 18
17 12
5 10
8 6
9 15
9 16
19 1
18 6
6 0
7 4
2 18
15 10
10 11
1 3
15 12
2 10
16 6
2 3
