20 20
17 -11 13 8 -10 17 22 14 -4 19 2 16 -19 -20 13 7 7 21 10 9 
11 9 18 22 -1 8 11 20 12 -12 8 8 11 14 17 -6 -5 15 -8 11 
21 -12 10 -14 -5 16 -1 -21 15 -11 12 -14 16 -3 20 9 7 19 -9 14 
-17 -6 -14 -22 2 19 -10 20 2 20 -1 20 12 8 -19 14 17 12 -9 16 
-7 6 1 3 22 -10 18 21 1 -13 13 18 8 12 22 -1 -18 8 5 -4 
4 8 -8 14 6 20 19 4 7 18 12 9 6 11 3 9 -17 8 12 18 
-20 -4 3 -2 7 11 19 0 0 -6 -14 -3 -4 9 2 18 -13 6 7 20 
-13 -2 6 17 0 19 10 7 2 7 14 6 -8 -11 22 -12 -12 8 6 -10 
7 4 19 15 -16 3 -9 9 -20 13 -20 -10 -3 16 17 -3 10 20 11 -2 
12 20 14 21 7 15 9 -17 12 19 4 4 -2 14 16 2 0 0 12 9 
9 12 0 0 2 16 14 -2 4 4 19 12 -17 9 15 7 21 14 20 12 
-2 11 20 10 -3 17 16 -3 -10 -20 13 -20 9 -9 3 -16 15 19 4 7 
-10 6 8 -12 -12 22 -11 -8 6 14 7 2 7 10 19 0 17 6 -2 -13 
20 7 6 -13 18 2 9 -4 -3 -14 -6 0 0 19 11 7 -2 3 -4 -20 
18 12 8 -17 9 3 11 6 9 12 18 7 4 19 20 6 14 -8 8 4 
-4 5 8 -18 -1 22 12 8 18 13 -13 1 21 18 -10 22 3 1 6 -7 
16 -9 12 17 14 -19 8 12 20 -1 20 2 20 -10 19 2 -22 -14 -6 -17 
14 -9 19 7 9 20 -3 16 -14 12 -11 15 -21 -1 16 -5 -14 10 -12 21 
11 -8 15 -5 -6 17 14 11 8 8 -12 12 20 11 8 -1 22 18 9 11 
9 10 21 7 7 13 -20 -19 16 2 19 -4 14 22 17 -10 8 13 -11 17 
60
2
14 9
19 0
5 10
0 19
16
11 8 12
14 11 14
1 15 14
7 2 11
19 17 15
3 5 12
12 15 15
17 0 8
8 11 12
5 8 14
18 4 14
12 17 11
0 2 15
16 14 12
7 4 15
2 19 8
40
13 19
1 6
1 14
5 18
16 8
10 7
15 2
10 5
19 9
1 12
3 16
16 2
12 10
11 12
3 15
2 14
14 8
16 19
14 0
7 17
6 0
18 13
18 5
14 1
3 11
9 12
4 17
9 14
0 10
18 7
16 3
3 17
7 9
8 7
16 4
17 5
5 11
3 0
5 19
12 2
