20 20
22 -2 1 10 -22 19 21 12 1 9 18 10 8 13 14 19 6 21 -1 11 
-4 19 7 15 18 15 -6 6 1 7 13 21 1 22 -4 21 6 -2 10 13 
-16 14 -4 -22 9 5 20 11 6 10 -12 11 -13 -13 -12 2 -16 8 21 -10 
-2 -19 7 14 -11 8 -8 -15 13 7 -5 15 12 22 6 18 -12 16 8 10 
21 -22 -7 14 -1 -11 8 18 6 11 9 13 -9 -11 -14 12 -5 -21 10 -2 
7 14 -6 13 22 20 8 19 13 20 17 15 5 -9 12 5 -21 -21 -16 8 
4 -20 15 1 -14 -1 -8 10 14 11 -15 8 16 11 -1 22 19 13 3 16 
10 0 8 14 22 -14 12 1 -21 1 20 19 10 15 3 9 5 -3 12 -16 
-22 15 8 -9 19 -4 -15 22 1 19 4 -7 18 -13 17 16 3 10 0 4 
5 -17 -7 0 -14 6 -8 -17 20 -1 2 7 -22 15 -11 21 20 12 22 18 
18 22 12 20 21 -11 15 -22 7 2 -1 20 -17 -8 6 -14 0 -7 -17 5 
4 0 10 3 16 17 -13 18 -7 4 19 1 22 -15 -4 19 -9 8 15 -22 
-16 12 -3 5 9 3 15 10 19 20 1 -21 1 12 -14 22 14 8 0 10 
16 3 13 19 22 -1 11 16 8 -15 11 14 10 -8 -1 -14 1 15 -20 4 
8 -16 -21 -21 5 12 -9 5 15 17 20 13 19 8 20 22 13 -6 14 7 
-2 10 -21 -5 12 -14 -11 -9 13 9 11 6 18 8 -11 -1 14 -7 -22 21 
10 8 16 -12 18 6 22 12 15 -5 7 13 -15 -8 8 -11 14 7 -19 -2 
-10 21 8 -16 2 -12 -13 -13 11 -12 10 6 11 20 5 9 -22 -4 14 -16 
13 10 -2 6 21 -4 22 1 21 13 7 1 6 -6 15 18 15 7 19 -4 
11 -1 21 6 19 14 13 8 10 18 9 1 12 21 19 -22 10 1 -2 22 
41
3
16 9
3 8
1 13
3 10
16 11
18 6
10
15 4 9
5 12 10
15 7 10
16 0 16
15 3 15
4 15 9
14 7 10
4 12 10
3 19 16
4 16 15
40
17 3
5 1
16 1
13 18
19 8
11 18
4 6
13 15
7 2
17 14
7 11
15 16
3 14
15 9
12 14
1 7
14 12
18 10
4 5
14 17
2 16
14 18
3 18
6 1
0 11
8 1
15 13
6 4
12 17
2 5
12 8
4 3
16 5
4 10
7 5
18 12
5 7
1 9
15 14
5 2
