20 20
11 12 5 1 10 12 9 4 0 4 5 12 10 2 11 -5 -1 11 3 7 
-2 -7 -12 4 1 0 7 2 9 -4 9 3 -9 5 -11 -10 -7 4 0 10 
-5 11 7 10 0 10 3 -8 -12 9 4 7 5 -2 -6 3 10 12 12 -10 
7 5 -3 4 11 8 0 11 -8 7 -8 -1 6 6 -3 -4 2 10 9 11 
7 7 7 6 6 -1 10 6 -8 0 -10 11 9 0 2 2 -10 0 -11 2 
0 7 -3 12 4 9 12 -5 4 5 7 3 4 2 1 6 -3 7 12 9 
11 5 11 -4 4 3 -11 8 -4 -8 4 -5 12 10 12 12 10 7 8 -4 
6 0 8 0 10 1 10 -7 11 9 4 -6 -7 7 11 11 5 2 -4 9 
-3 0 10 3 10 -7 -9 6 0 -9 -7 3 8 -4 7 12 6 3 3 1 
10 -3 -5 9 8 -7 4 6 5 12 6 5 4 5 -12 -8 1 6 10 5 
5 10 6 1 -8 -12 5 4 5 6 12 5 6 4 -7 8 9 -5 -3 10 
1 3 3 6 12 7 -4 8 3 -7 -9 0 6 -9 -7 10 3 10 0 -3 
9 -4 2 5 11 11 7 -7 -6 4 9 11 -7 10 1 10 0 8 0 6 
-4 8 7 10 12 12 10 12 -5 4 -8 -4 8 -11 3 4 -4 11 5 11 
9 12 7 -3 6 1 2 4 3 7 5 4 -5 12 9 4 12 -3 7 0 
2 -11 0 -10 2 2 0 9 11 -10 0 -8 6 10 -1 6 6 7 7 7 
11 9 10 2 -4 -3 6 6 -1 -8 7 -8 11 0 8 11 4 -3 5 7 
-10 12 12 10 3 -6 -2 5 7 4 9 -12 -8 3 10 0 10 7 11 -5 
10 0 4 -7 -10 -11 5 -9 3 9 -4 9 2 7 0 1 4 -12 -7 -2 
7 3 11 -1 -5 11 2 10 12 5 4 0 4 9 12 10 1 5 12 11 
51
3
0 16
2 5
9 10
19 3
17 14
10 9
8
1 11 16
15 12 10
14 1 12
6 18 10
18 8 16
4 7 10
5 18 12
13 1 10
30
4 0
19 12
9 6
9 18
16 19
8 19
2 17
19 7
12 10
18 19
3 6
14 13
9 2
14 16
0 4
15 19
0 7
10 13
10 1
3 0
11 0
17 2
0 12
7 9
1 0
16 13
5 6
10 17
5 3
19 15
