20 20
13 27 2 12 -4 6 -11 11 -12 -19 0 13 24 22 8 18 -22 24 -14 0 
-7 0 -4 9 8 8 3 15 19 3 1 9 -14 -4 28 -28 -7 3 27 21 
13 -14 6 10 -26 1 11 1 -28 15 -25 -22 14 12 13 18 -26 6 -15 -6 
20 4 14 -26 17 -18 -27 23 -19 16 13 25 0 12 25 16 15 -21 -25 -21 
-27 -12 27 10 -5 -12 -15 -21 10 29 5 14 0 1 5 10 8 -7 -23 -7 
-13 22 3 -27 16 17 18 15 27 8 27 14 -18 -25 -4 23 0 20 -3 27 
16 -8 19 28 16 28 -9 23 5 21 10 5 -5 4 22 -25 -9 6 17 5 
28 19 4 2 10 3 14 18 -15 18 25 10 9 13 -7 19 -17 13 22 -13 
13 8 25 16 1 2 -2 10 13 11 18 -29 17 12 21 -19 -9 25 -29 -18 
9 3 -23 2 7 -8 4 4 15 11 13 -28 12 10 29 -2 3 18 24 23 
23 24 18 3 -2 29 10 12 -28 13 11 15 4 4 -8 7 2 -23 3 9 
-18 -29 25 -9 -19 21 12 17 -29 18 11 13 10 -2 2 1 16 25 8 13 
-13 22 13 -17 19 -7 13 9 10 25 18 -15 18 14 3 10 2 4 19 28 
5 17 6 -9 -25 22 4 -5 5 10 21 5 23 -9 28 16 28 19 -8 16 
27 -3 20 0 23 -4 -25 -18 14 27 8 27 15 18 17 16 -27 3 22 -13 
-7 -23 -7 8 10 5 1 0 14 5 29 10 -21 -15 -12 -5 10 27 -12 -27 
-21 -25 -21 15 16 25 12 0 25 13 16 -19 23 -27 -18 17 -26 14 4 20 
-6 -15 6 -26 18 13 12 14 -22 -25 15 -28 1 11 1 -26 10 6 -14 13 
21 27 3 -7 -28 28 -4 -14 9 1 3 19 15 3 8 8 9 -4 0 -7 
0 -14 24 -22 18 8 22 24 13 0 -19 -12 11 -11 6 -4 12 2 27 13 
57
8
4 7
5 14
6 16
9 11
6 12
10 5
4 13
6 18
15 12
14 5
13 3
10 8
13 7
9 14
15 6
13 1
12
0 4 14
6 0 15
11 4 8
9 10 15
10 1 8
2 9 12
19 15 14
13 19 15
8 15 8
10 9 15
9 18 8
17 10 12
40
15 16
12 1
11 0
12 5
7 11
16 14
16 0
5 4
10 2
10 12
12 3
14 10
0 18
4 1
6 14
3 11
0 2
13 18
9 13
7 10
4 3
7 18
8 19
7 14
12 8
3 5
3 19
14 15
9 17
9 7
7 16
5 9
19 1
15 18
13 5
16 8
19 17
6 1
10 6
12 9
