20 20
-28 13 -16 25 -8 -22 13 0 21 -2 16 -3 1 6 22 16 28 3 9 -11 
6 18 3 11 30 -26 4 21 -1 -17 14 11 13 18 10 1 16 4 17 17 
12 10 16 14 -23 21 -2 25 -17 29 4 13 9 30 5 16 2 5 -9 27 
-29 28 -26 -11 16 22 25 -6 1 14 -4 -10 -2 15 4 1 2 14 0 24 
15 -5 -1 23 -15 23 19 25 -26 13 28 -27 2 4 14 28 -28 -16 9 20 
11 4 10 10 28 -25 27 29 5 1 11 26 20 5 0 27 21 23 15 16 
17 15 27 10 25 13 14 27 16 4 2 28 9 14 25 30 26 27 18 8 
10 -14 23 10 22 1 14 -7 3 15 26 -27 30 30 -3 11 -17 13 12 20 
13 0 19 15 7 6 5 15 30 -8 15 27 16 25 28 11 -18 -26 26 3 
14 28 4 16 2 20 -27 -11 2 20 14 8 21 3 4 23 8 -21 -20 27 
27 -20 -21 8 23 4 3 21 8 14 20 2 -11 -27 20 2 16 4 28 14 
3 26 -26 -18 11 28 25 16 27 15 -8 30 15 5 6 7 15 19 0 13 
20 12 13 -17 11 -3 30 30 -27 26 15 3 -7 14 1 22 10 23 -14 10 
8 18 27 26 30 25 14 9 28 2 4 16 27 14 13 25 10 27 15 17 
16 15 23 21 27 0 5 20 26 11 1 5 29 27 -25 28 10 10 4 11 
20 9 -16 -28 28 14 4 2 -27 28 13 -26 25 19 23 -15 23 -1 -5 15 
24 0 14 2 1 4 15 -2 -10 -4 14 1 -6 25 22 16 -11 -26 28 -29 
27 -9 5 2 16 5 30 9 13 4 29 -17 25 -2 21 -23 14 16 10 12 
17 17 4 16 1 10 18 13 11 14 -17 -1 21 4 -26 30 11 3 18 6 
-11 9 3 28 16 22 6 1 -3 16 -2 21 0 13 -22 -8 25 -16 13 -28 
33
5
16 2
6 3
10 9
2 8
9 19
3 17
13 16
9 10
17 11
10 0
18
8 1 16
5 2 8
8 14 10
3 1 14
13 11 16
16 8 12
8 12 9
6 9 16
6 11 16
11 18 16
14 17 8
11 5 10
16 18 14
6 8 16
3 11 12
11 7 9
13 10 16
13 8 16
34
3 10
17 19
13 9
8 6
16 1
15 19
11 17
16 5
4 17
3 9
2 4
2 17
1 4
18 3
4 7
8 9
12 0
16 9
2 0
6 10
11 13
3 18
4 0
8 2
3 14
15 2
16 10
17 15
17 2
18 15
1 16
15 12
11 10
7 19
