20 20
11 7 13 2 -11 -7 3 -6 18 10 -4 -10 12 -7 11 9 -11 9 13 14 
5 -3 10 8 1 2 14 9 5 7 8 -14 1 13 17 5 2 -6 18 12 
10 4 -18 13 -17 17 15 12 6 4 16 4 16 14 17 7 15 -12 6 -2 
6 0 5 12 -8 8 14 -10 -4 8 -17 7 2 -11 -18 13 14 8 7 15 
16 18 -7 -16 -4 14 -7 -15 -7 11 10 17 13 8 1 7 17 7 4 8 
-18 11 5 -13 15 12 -1 9 18 16 15 4 -17 17 3 6 12 6 -9 -4 
2 -4 -16 2 10 16 17 -6 -16 7 16 13 4 -14 5 8 16 13 14 -9 
2 3 4 2 8 4 15 10 7 16 17 2 12 -4 -2 11 3 5 8 11 
15 16 -10 11 14 14 17 2 2 -14 12 17 -11 17 13 3 -5 7 11 14 
-16 11 -2 14 -3 14 16 12 14 5 15 9 2 -17 12 -4 0 18 -8 6 
6 -8 18 0 -4 12 -17 2 9 15 5 14 12 16 14 -3 14 -2 11 -16 
14 11 7 -5 3 13 17 -11 17 12 -14 2 2 17 14 14 11 -10 16 15 
11 8 5 3 11 -2 -4 12 2 17 16 7 10 15 4 8 2 4 3 2 
-9 14 13 16 8 5 -14 4 13 16 7 -16 -6 17 16 10 2 -16 -4 2 
-4 -9 6 12 6 3 17 -17 4 15 16 18 9 -1 12 15 -13 5 11 -18 
8 4 7 17 7 1 8 13 17 10 11 -7 -15 -7 14 -4 -16 -7 18 16 
15 7 8 14 13 -18 -11 2 7 -17 8 -4 -10 14 8 -8 12 5 0 6 
-2 6 -12 15 7 17 14 16 4 16 4 6 12 15 17 -17 13 -18 4 10 
12 18 -6 2 5 17 13 1 -14 8 7 5 9 14 2 1 8 10 -3 5 
14 13 9 -11 9 11 -7 12 -10 -4 10 18 -6 3 -7 -11 2 13 7 11 
38
6
15 10
19 5
16 8
13 3
8 5
18 8
4 9
0 14
3 11
6 16
11 14
1 11
8
13 7 16
8 1 13
0 15 15
11 0 13
6 12 16
11 18 13
19 4 15
8 19 13
32
2 13
18 11
13 1
1 16
3 9
5 6
16 5
6 17
3 5
13 18
15 1
18 0
12 14
7 15
5 8
13 5
17 6
1 8
6 18
18 3
16 10
14 13
3 14
13 2
16 14
6 1
4 18
1 19
7 5
12 4
14 11
6 14
