20 20
15 -21 -21 12 17 13 11 -13 23 12 19 6 22 -4 17 -1 -21 11 -11 22 
20 -13 9 23 -11 2 23 14 11 -17 16 18 20 14 17 6 22 14 -12 18 
7 -17 18 16 5 -3 -3 5 -19 22 20 22 8 17 -20 18 -20 -14 6 -3 
12 -15 7 8 22 1 2 2 13 14 6 0 9 23 -10 20 -5 11 16 9 
3 0 9 21 12 -23 19 -19 22 10 19 -8 10 2 13 21 18 12 -12 10 
12 15 -6 11 5 17 20 10 5 10 12 12 -14 10 8 -1 18 17 14 -7 
15 17 5 -3 18 -4 16 -8 20 -5 6 18 -12 18 -1 11 -12 -20 8 2 
4 -1 7 21 20 -9 -8 10 -4 -14 -22 19 -23 11 -20 17 -22 -4 -5 9 
20 11 -20 14 8 -3 6 16 -14 -21 0 6 -19 -10 11 16 -16 12 -1 17 
-22 2 19 10 1 8 -17 17 11 5 -20 -14 16 -10 22 -18 3 -21 -11 18 
18 -11 -21 3 -18 22 -10 16 -14 -20 5 11 17 -17 8 1 10 19 2 -22 
17 -1 12 -16 16 11 -10 -19 6 0 -21 -14 16 6 -3 8 14 -20 11 20 
9 -5 -4 -22 17 -20 11 -23 19 -22 -14 -4 10 -8 -9 20 21 7 -1 4 
2 8 -20 -12 11 -1 18 -12 18 6 -5 20 -8 16 -4 18 -3 5 17 15 
-7 14 17 18 -1 8 10 -14 12 12 10 5 10 20 17 5 11 -6 15 12 
10 -12 12 18 21 13 2 10 -8 19 10 22 -19 19 -23 12 21 9 0 3 
9 16 11 -5 20 -10 23 9 0 6 14 13 2 2 1 22 8 7 -15 12 
-3 6 -14 -20 18 -20 17 8 22 20 22 -19 5 -3 -3 5 16 18 -17 7 
18 -12 14 22 6 17 14 20 18 16 -17 11 14 23 2 -11 23 9 -13 20 
22 -11 11 -21 -1 17 -4 22 6 19 12 23 -13 11 13 17 12 -21 -21 15 
49
7
4 2
10 8
18 15
7 14
17 14
12 6
10 9
15 17
9 11
1 4
12 5
2 5
7 13
9 10
16
3 17 13
6 0 8
19 10 11
8 15 13
2 17 12
16 19 8
8 14 10
0 17 9
16 2 13
13 19 8
0 9 11
11 4 13
17 2 12
3 0 8
11 5 10
19 2 9
30
12 17
1 0
19 16
4 7
15 19
10 7
2 6
15 8
6 5
17 4
14 1
13 18
18 4
10 18
3 13
7 2
18 19
0 3
15 12
4 0
9 12
17 13
4 11
13 14
2 15
5 18
6 1
1 15
9 1
16 6
