20 20
-3 1 -15 7 -6 3 8 8 5 2 11 -15 15 9 3 4 1 8 -5 15 
4 11 15 -2 0 2 4 13 6 9 3 4 -15 11 9 -2 -11 -9 7 6 
15 5 5 2 1 -14 -11 15 -4 -5 6 -11 -4 8 8 -14 10 3 1 -10 
13 -1 10 6 -12 5 2 -1 11 11 12 10 6 1 2 6 1 -8 -2 14 
-5 9 3 4 6 4 -9 -1 10 4 13 12 -6 1 13 -13 7 7 1 -12 
4 1 7 2 10 10 -3 13 1 14 3 1 7 0 2 -10 -9 8 14 10 
-12 15 6 1 5 -12 3 15 15 9 9 -3 11 1 11 1 13 5 -10 9 
11 -3 14 6 11 15 3 13 10 9 5 5 4 12 14 5 9 15 12 6 
10 -13 -8 -14 9 -8 10 14 -3 7 2 9 3 7 -1 9 11 2 7 4 
15 -4 11 -13 6 10 12 4 9 9 8 10 7 2 1 7 10 14 14 14 
14 14 14 10 7 1 2 7 10 8 9 9 4 12 10 6 -13 11 -4 15 
4 7 2 11 9 -1 7 3 9 2 7 -3 14 10 -8 9 -14 -8 -13 10 
6 12 15 9 5 14 12 4 5 5 9 10 13 3 15 11 6 14 -3 11 
9 -10 5 13 1 11 1 11 -3 9 9 15 15 3 -12 5 1 6 15 -12 
10 14 8 -9 -10 2 0 7 1 3 14 1 13 -3 10 10 2 7 1 4 
-12 1 7 7 -13 13 1 -6 12 13 4 10 -1 -9 4 6 4 3 9 -5 
14 -2 -8 1 6 2 1 6 10 12 11 11 -1 2 5 -12 6 10 -1 13 
-10 1 3 10 -14 8 8 -4 -11 6 -5 -4 15 -11 -14 1 2 5 5 15 
6 7 -9 -11 -2 9 11 -15 4 3 9 6 13 4 2 0 -2 15 11 4 
15 -5 8 1 4 3 9 15 -15 11 2 5 8 8 3 -6 7 -15 1 -3 
52
5
4 11
5 11
14 13
9 8
19 17
15 8
14 8
5 6
10 11
0 2
8
10 0 14
10 2 14
10 16 11
0 15 8
9 19 14
9 17 14
9 3 11
19 4 8
40
16 15
5 4
13 2
1 13
7 15
11 14
14 17
9 15
0 5
5 16
0 17
19 6
19 9
7 5
14 7
6 2
17 5
15 14
15 12
6 5
3 4
14 15
6 17
18 6
12 4
8 5
5 2
10 4
19 14
14 3
19 2
0 13
0 10
12 14
5 12
13 17
2 14
4 5
4 7
13 14
