20 20
5 3 1 10 17 -10 15 9 -17 -12 17 -7 9 8 0 12 16 5 7 -1 
11 15 -8 16 13 16 -10 17 -5 12 -17 -7 12 18 3 2 17 -13 -12 15 
14 9 -18 12 0 15 -5 9 19 19 1 10 4 19 14 -6 -13 19 9 9 
-12 -1 -9 3 10 9 -14 3 12 -16 1 5 2 10 15 7 9 19 3 8 
4 8 -17 -4 -17 15 11 18 17 10 15 12 4 -8 13 16 -16 14 3 8 
13 12 7 15 17 -16 -6 14 2 11 -12 -12 0 19 15 -14 -1 2 1 13 
-10 2 19 10 -2 10 3 -1 -7 9 0 -11 -9 2 13 9 -2 18 12 9 
-18 3 -1 4 17 15 1 9 10 9 12 4 17 5 -6 3 -11 8 15 10 
6 2 3 19 5 15 -8 7 -17 -13 19 3 -12 -17 16 10 -10 -12 -7 4 
14 8 3 3 16 16 11 -11 3 2 -16 2 1 16 19 14 16 15 -4 2 
2 -4 15 16 14 19 16 1 2 -16 2 3 -11 11 16 16 3 3 8 14 
4 -7 -12 -10 10 16 -17 -12 3 19 -13 -17 7 -8 15 5 19 3 2 6 
10 15 8 -11 3 -6 5 17 4 12 9 10 9 1 15 17 4 -1 3 -18 
9 12 18 -2 9 13 2 -9 -11 0 9 -7 -1 3 10 -2 10 19 2 -10 
13 1 2 -1 -14 15 19 0 -12 -12 11 2 14 -6 -16 17 15 7 12 13 
8 3 14 -16 16 13 -8 4 12 15 10 17 18 11 15 -17 -4 -17 8 4 
8 3 19 9 7 15 10 2 5 1 -16 12 3 -14 9 10 3 -9 -1 -12 
9 9 19 -13 -6 14 19 4 10 1 19 19 9 -5 15 0 12 -18 9 14 
15 -12 -13 17 2 3 18 12 -7 -17 12 -5 17 -10 16 13 16 -8 15 11 
-1 7 5 16 12 0 8 9 -7 17 -12 -17 9 15 -10 17 10 1 3 5 
44
3
8 2
9 14
19 18
11 17
10 5
0 1
18
4 18 13
4 16 10
15 4 9
3 9 14
10 0 11
13 11 14
3 19 9
2 16 15
16 19 10
15 1 13
15 3 10
4 15 9
16 10 14
9 19 11
6 8 14
16 0 9
17 3 15
3 0 10
28
12 2
1 2
18 8
12 9
0 12
14 9
5 13
16 11
5 16
14 1
5 17
4 1
1 6
4 9
7 17
18 17
1 11
7 10
19 7
5 10
14 6
3 8
14 3
5 18
14 2
15 18
18 13
15 10
