20 20
2 9 10 10 11 9 11 15 8 -4 2 10 -14 -1 8 1 10 4 2 -13 
10 -10 14 4 10 -1 0 12 12 -6 14 0 13 6 14 14 9 -3 6 7 
8 4 -4 4 -8 -7 11 9 -6 -5 -9 4 5 15 4 -2 1 7 -11 -13 
7 3 2 10 14 14 13 12 12 1 -4 -14 2 -9 -3 0 10 2 9 8 
-1 -7 1 -8 11 8 10 2 5 12 10 -9 -15 1 6 -6 -3 -9 5 -2 
-5 4 9 8 6 3 3 3 7 -13 6 -15 15 12 -4 12 5 10 4 -2 
15 9 2 12 0 -13 3 -8 7 15 3 10 1 6 2 7 10 1 1 1 
7 3 11 15 -13 -14 8 2 13 -14 -7 6 11 -9 -13 9 -11 -9 15 7 
-12 5 1 14 -7 11 4 15 5 5 -2 4 13 3 8 -14 -9 0 4 7 
-5 8 -15 4 5 14 5 2 3 9 11 2 -11 5 12 14 -2 4 12 -3 
-3 12 4 -2 14 12 5 -11 2 11 9 3 2 5 14 5 4 -15 8 -5 
7 4 0 -9 -14 8 3 13 4 -2 5 5 15 4 11 -7 14 1 5 -12 
7 15 -9 -11 9 -13 -9 11 6 -7 -14 13 2 8 -14 -13 15 11 3 7 
1 1 1 10 7 2 6 1 10 3 15 7 -8 3 -13 0 12 2 9 15 
-2 4 10 5 12 -4 12 15 -15 6 -13 7 3 3 3 6 8 9 4 -5 
-2 5 -9 -3 -6 6 1 -15 -9 10 12 5 2 10 8 11 -8 1 -7 -1 
8 9 2 10 0 -3 -9 2 -14 -4 1 12 12 13 14 14 10 2 3 7 
-13 -11 7 1 -2 4 15 5 4 -9 -5 -6 9 11 -7 -8 4 -4 4 8 
7 6 -3 9 14 14 6 13 0 14 -6 12 12 0 -1 10 4 14 -10 10 
-13 2 4 10 1 8 -1 -14 10 2 -4 8 15 11 9 11 10 10 9 2 
35
5
15 5
14 15
10 4
15 10
7 17
4 14
5 4
9 15
4 9
12 2
14
14 1 15
14 11 14
13 5 8
4 13 16
14 9 15
4 2 15
9 13 10
5 18 15
5 8 14
6 14 8
15 6 16
5 10 15
15 17 15
10 6 10
30
7 5
9 6
6 5
3 8
3 2
1 9
8 4
1 7
0 18
15 11
4 7
15 7
1 14
12 9
15 19
12 14
10 13
13 14
16 11
16 17
18 10
11 15
18 12
19 1
4 8
15 12
4 12
18 5
7 10
4 0
