20 20
0 1 1 1 -1 3 1 3 2 1 3 3 3 0 2 3 -1 0 0 3 
-1 1 1 1 0 2 2 2 0 3 -1 1 3 -1 3 1 0 -3 2 0 
2 3 3 1 3 1 1 3 3 0 3 1 1 1 2 2 1 3 0 1 
-2 2 2 -3 3 3 -1 3 2 0 -1 -2 -2 -2 -1 -2 0 3 2 2 
-2 -1 0 2 3 1 -3 3 0 0 0 3 2 0 3 1 -3 1 1 1 
-2 -3 -3 0 3 2 -2 -3 2 1 1 2 3 3 2 -3 2 1 1 -1 
-2 -1 1 1 0 1 -3 0 1 -2 1 3 0 2 2 -3 2 0 0 3 
2 2 1 3 3 0 0 3 -1 -2 -1 3 -1 -3 2 1 2 0 2 -3 
-2 -1 -2 3 2 2 2 0 3 3 2 -1 2 -2 3 3 -2 3 -1 3 
1 2 2 -1 -2 2 0 -3 2 2 1 2 0 3 -2 1 0 3 3 -2 
-2 3 3 0 1 -2 3 0 2 1 2 2 -3 0 2 -2 -1 2 2 1 
3 -1 3 -2 3 3 -2 2 -1 2 3 3 0 2 2 2 3 -2 -1 -2 
-3 2 0 2 1 2 -3 -1 3 -1 -2 -1 3 0 0 3 3 1 2 2 
3 0 0 2 -3 2 2 0 3 1 -2 1 0 -3 1 0 1 1 -1 -2 
-1 1 1 2 -3 2 3 3 2 1 1 2 -3 -2 2 3 0 -3 -3 -2 
1 1 1 -3 1 3 0 2 3 0 0 0 3 -3 1 3 2 0 -1 -2 
2 2 3 0 -2 -1 -2 -2 -2 -1 0 2 3 -1 3 3 -3 2 2 -2 
1 0 3 1 2 2 1 1 1 3 0 3 3 1 1 3 1 3 3 2 
0 2 -3 0 1 3 -1 3 1 -1 3 0 2 2 2 0 1 1 1 -1 
3 0 0 -1 3 2 0 3 3 3 1 2 3 1 3 -1 1 1 1 0 
38
6
10 1
10 11
7 5
18 0
3 14
17 15
9 18
9 8
12 14
1 19
16 5
2 4
20
5 13 16
1 17 9
15 8 11
11 18 12
10 15 12
10 8 13
2 1 10
12 9 16
4 1 14
17 0 12
14 6 16
18 2 9
4 11 11
8 1 12
9 4 12
9 11 13
17 18 10
7 10 16
15 18 14
2 19 12
26
6 1
7 19
3 11
2 10
8 14
11 13
1 2
4 13
10 0
15 11
14 3
3 7
12 13
13 18
12 0
16 8
17 9
11 5
8 6
18 17
15 6
9 19
4 8
5 16
16 12
7 6
