20 20
6 8 3 -1 -5 7 -6 4 5 2 2 -2 3 1 5 -5 8 7 6 9 
9 4 -5 -3 2 3 6 8 9 2 -6 7 2 -3 2 9 0 8 6 5 
-5 9 0 1 9 4 2 6 -7 5 9 1 -1 6 4 9 3 -3 3 5 
8 9 7 3 2 2 2 1 0 2 8 4 5 8 0 9 3 4 7 4 
0 1 1 8 7 7 -1 4 2 -5 2 -6 1 7 9 -1 8 4 4 5 
8 9 6 5 0 4 0 9 2 5 7 8 3 1 8 5 8 9 5 4 
6 3 8 2 9 3 1 2 2 -7 -5 -8 8 2 -9 6 3 1 7 -3 
6 9 4 5 4 5 1 3 6 8 -3 1 -1 7 2 7 6 4 4 5 
8 2 2 3 9 1 -1 6 1 8 8 -6 7 -6 3 2 2 3 8 7 
8 -9 3 5 -1 -1 -7 1 0 3 4 -1 7 8 9 4 6 8 7 6 
6 7 8 6 4 9 8 7 -1 4 3 0 1 -7 -1 -1 5 3 -9 8 
7 8 3 2 2 3 -6 7 -6 8 8 1 6 -1 1 9 3 2 2 8 
5 4 4 6 7 2 7 -1 1 -3 8 6 3 1 5 4 5 4 9 6 
-3 7 1 3 6 -9 2 8 -8 -5 -7 2 2 1 3 9 2 8 3 6 
4 5 9 8 5 8 1 3 8 7 5 2 9 0 4 0 5 6 9 8 
5 4 4 8 -1 9 7 1 -6 2 -5 2 4 -1 7 7 8 1 1 0 
4 7 4 3 9 0 8 5 4 8 2 0 1 2 2 2 3 7 9 8 
5 3 -3 3 9 4 6 -1 1 9 5 -7 6 2 4 9 1 0 9 -5 
5 6 8 0 9 2 -3 2 7 -6 2 9 8 6 3 2 -3 -5 4 9 
9 6 7 8 -5 5 1 3 -2 2 2 5 4 -6 7 -5 -1 3 8 6 
51
2
18 2
12 9
1 17
7 10
20
2 13 15
5 0 9
0 10 16
9 7 10
1 5 11
7 19 16
3 8 10
6 2 8
5 9 10
16 8 8
17 6 15
14 19 9
19 9 16
10 12 10
18 14 11
12 0 16
16 11 10
13 17 8
14 10 10
3 11 8
34
14 15
13 14
1 3
10 3
17 7
3 5
19 18
6 18
4 18
11 7
15 2
14 11
11 13
7 1
7 11
1 19
2 0
5 4
6 5
18 16
9 16
2 12
16 14
0 1
13 1
15 1
8 12
4 17
5 8
8 6
12 18
12 8
18 0
17 19
