20 20
10 7 7 1 -10 5 5 12 9 6 0 10 -6 9 9 7 11 11 -9 2 
-7 -9 -2 0 6 1 -1 8 5 11 4 4 9 7 6 -2 6 -4 -2 -9 
-4 1 5 10 11 8 5 3 7 2 5 8 4 2 8 12 1 3 3 1 
-2 11 1 2 5 1 1 0 -7 -4 -3 11 -10 -3 2 -2 -9 2 5 6 
0 -9 3 6 4 -11 9 2 5 8 2 4 5 -9 -5 -12 12 7 -9 11 
-1 5 8 -5 -1 2 12 9 5 9 -12 4 -2 2 3 5 -6 8 4 8 
7 11 0 10 -11 1 1 0 1 6 5 -10 7 9 12 1 0 -11 4 2 
4 10 12 11 10 10 7 6 1 0 4 -7 8 -9 -10 1 11 -10 12 7 
4 3 3 9 2 8 8 2 -1 8 6 11 -4 -11 -7 10 7 0 12 6 
-5 4 -11 10 11 9 10 6 1 11 10 2 -3 0 5 -3 7 -12 7 7 
7 7 -12 7 -3 5 0 -3 2 10 11 1 6 10 9 11 10 -11 4 -5 
6 12 0 7 10 -7 -11 -4 11 6 8 -1 2 8 8 2 9 3 3 4 
7 12 -10 11 1 -10 -9 8 -7 4 0 1 6 7 10 10 11 12 10 4 
2 4 -11 0 1 12 9 7 -10 5 6 1 0 1 1 -11 10 0 11 7 
8 4 8 -6 5 3 2 -2 4 -12 9 5 9 12 2 -1 -5 8 5 -1 
11 -9 7 12 -12 -5 -9 5 4 2 8 5 2 9 -11 4 6 3 -9 0 
6 5 2 -9 -2 2 -3 -10 11 -3 -4 -7 0 1 1 5 2 1 11 -2 
1 3 3 1 12 8 2 4 8 5 2 7 3 5 8 11 10 5 1 -4 
-9 -2 -4 6 -2 6 7 9 4 4 11 5 8 -1 1 6 0 -2 -9 -7 
2 -9 11 11 7 9 9 -6 10 0 6 9 12 5 5 -10 1 7 7 10 
38
6
5 16
1 4
3 6
9 10
1 18
12 4
14 3
18 15
16 13
10 9
18 1
7 15
6
4 5 13
8 19 12
13 8 12
15 14 13
11 0 12
6 11 12
40
3 9
18 10
5 2
16 19
19 1
13 18
1 8
16 1
9 4
7 10
14 15
8 18
15 8
13 17
15 16
12 1
8 9
2 13
3 12
12 0
16 10
1 9
14 17
3 0
0 18
6 1
18 11
3 18
10 15
12 9
5 4
11 1
4 11
6 2
4 3
7 18
11 10
17 6
16 7
7 19
