20 20
9 1 10 4 2 6 -5 7 4 8 3 8 4 3 -10 -4 2 -1 3 3 
1 -2 5 4 2 10 0 -9 3 7 -9 8 10 6 1 1 2 10 5 10 
2 0 4 8 1 1 10 0 -10 2 10 -2 7 -9 -7 10 -4 3 2 10 
-9 2 6 2 3 -1 4 0 7 10 2 5 4 7 6 -5 -6 3 9 10 
0 2 3 4 -5 5 -10 3 1 8 3 6 -9 7 6 1 2 5 3 -7 
6 10 4 1 8 2 0 9 -8 2 2 5 7 5 10 1 5 -8 5 -10 
-8 9 10 5 6 -5 3 7 3 -7 0 5 -10 9 -9 6 -4 8 -6 9 
0 9 0 -5 1 3 -2 9 6 3 -3 1 5 1 6 9 8 9 5 5 
9 5 8 10 -8 2 -9 -7 8 8 -7 8 10 5 1 -2 8 7 8 0 
9 6 5 -5 6 3 5 -9 -2 7 6 4 9 4 0 3 10 1 9 4 
4 9 1 10 3 0 4 9 4 6 7 -2 -9 5 3 6 -5 5 6 9 
0 8 7 8 -2 1 5 10 8 -7 8 8 -7 -9 2 -8 10 8 5 9 
5 5 9 8 9 6 1 5 1 -3 3 6 9 -2 3 1 -5 0 9 0 
9 -6 8 -4 6 -9 9 -10 5 0 -7 3 7 3 -5 6 5 10 9 -8 
-10 5 -8 5 1 10 5 7 5 2 2 -8 9 0 2 8 1 4 10 6 
-7 3 5 2 1 6 7 -9 6 3 8 1 3 -10 5 -5 4 3 2 0 
10 9 3 -6 -5 6 7 4 5 2 10 7 0 4 -1 3 2 6 2 -9 
10 2 3 -4 10 -7 -9 7 -2 10 2 -10 0 10 1 1 8 4 0 2 
10 5 10 2 1 1 6 10 8 -9 7 3 -9 0 10 2 4 5 -2 1 
3 3 -1 2 -4 -10 3 4 8 3 8 4 7 -5 6 2 4 10 1 9 
41
2
9 16
17 7
10 3
2 12
12
1 2 8
13 1 12
10 16 14
8 0 8
7 10 12
2 0 10
18 17 8
6 18 12
9 3 14
11 19 8
12 9 12
17 19 10
34
0 19
1 13
12 10
11 16
2 4
3 7
5 12
8 18
2 10
14 13
5 14
14 6
3 15
11 18
7 17
10 17
15 16
19 0
18 6
7 9
8 3
17 15
16 12
14 7
11 1
17 9
5 6
14 5
5 13
16 4
8 1
12 2
9 2
4 3
