20 20
0 -4 0 -12 6 -14 20 7 3 16 10 -21 17 20 8 3 21 15 11 12 
2 18 20 7 8 -4 20 -7 6 -10 4 4 19 15 8 7 -18 7 3 0 
15 15 9 16 -6 -8 -11 7 4 15 3 5 20 5 10 3 6 -5 3 9 
-7 21 0 -1 -17 19 10 3 2 17 7 18 7 17 7 -11 2 21 12 17 
-15 13 13 17 -11 8 -9 -15 12 1 21 -20 -2 21 17 -7 -13 13 19 9 
10 1 -7 14 4 -20 -10 20 20 -7 18 1 16 7 17 14 11 13 21 7 
2 5 10 14 2 5 15 -18 18 14 11 20 16 20 1 11 15 1 16 -10 
20 5 -21 2 21 4 16 -9 21 19 19 12 -6 1 3 1 -14 6 13 21 
-3 12 19 -21 6 9 3 10 2 -18 -20 14 12 -6 -18 -13 5 20 -12 11 
-5 -1 -13 8 9 11 16 10 19 1 20 12 -2 11 -19 -17 5 0 21 4 
4 21 0 5 -17 -19 11 -2 12 20 1 19 10 16 11 9 8 -13 -1 -5 
11 -12 20 5 -13 -18 -6 12 14 -20 -18 2 10 3 9 6 -21 19 12 -3 
21 13 6 -14 1 3 1 -6 12 19 19 21 -9 16 4 21 2 -21 5 20 
-10 16 1 15 11 1 20 16 20 11 14 18 -18 15 5 2 14 10 5 2 
7 21 13 11 14 17 7 16 1 18 -7 20 20 -10 -20 4 14 -7 1 10 
9 19 13 -13 -7 17 21 -2 -20 21 1 12 -15 -9 8 -11 17 13 13 -15 
17 12 21 2 -11 7 17 7 18 7 17 2 3 10 19 -17 -1 0 21 -7 
9 3 -5 6 3 10 5 20 5 3 15 4 7 -11 -8 -6 16 9 15 15 
0 3 7 -18 7 8 15 19 4 4 -10 6 -7 20 -4 8 7 20 18 2 
12 11 15 21 3 8 20 17 -21 10 16 3 7 20 -14 6 -12 0 -4 0 
44
2
10 17
7 4
9 2
12 15
20
5 2 13
15 1 15
11 8 11
4 15 16
8 12 9
7 13 9
9 13 8
4 6 10
19 5 9
10 18 8
14 17 13
4 18 15
8 11 11
15 4 16
11 7 9
12 6 9
10 6 8
15 13 10
0 14 9
9 1 8
38
2 9
1 10
10 12
18 11
14 9
18 15
6 16
15 9
17 6
11 1
16 2
19 2
15 14
6 9
2 16
12 8
0 13
12 7
7 15
17 10
18 9
9 7
1 8
5 10
1 4
13 3
4 10
2 13
8 18
3 17
0 17
4 5
13 10
17 3
7 11
19 6
7 12
12 4
