20 20
-6 19 5 2 -6 24 15 19 -12 19 8 15 10 14 -16 27 12 23 6 0 
6 30 28 3 7 -28 20 -11 27 -22 -25 21 -9 23 -8 20 29 12 -13 28 
-29 0 -11 5 13 22 10 6 17 17 -13 -13 -20 -6 13 0 10 19 -27 -7 
5 7 28 13 2 -12 -11 11 -23 17 15 10 8 21 22 -14 -26 20 20 30 
1 2 26 10 -5 -29 -18 16 24 7 20 -1 -15 -16 27 5 -19 29 28 -27 
-22 28 10 13 13 5 -24 17 13 -18 26 18 -22 24 7 1 27 14 19 24 
21 22 -30 10 0 16 -30 -22 12 8 22 -1 6 11 24 23 -6 2 -1 -3 
13 1 23 -2 -4 -4 -22 -26 11 16 6 -8 30 23 10 1 -1 8 -13 -22 
23 10 -16 -13 16 -13 28 9 28 -7 -15 4 -15 -28 -30 21 17 20 6 -20 
1 16 -30 -6 -18 -18 13 -18 12 25 21 14 28 11 -19 3 24 15 24 13 
13 24 15 24 3 -19 11 28 14 21 25 12 -18 13 -18 -18 -6 -30 16 1 
-20 6 20 17 21 -30 -28 -15 4 -15 -7 28 9 28 -13 16 -13 -16 10 23 
-22 -13 8 -1 1 10 23 30 -8 6 16 11 -26 -22 -4 -4 -2 23 1 13 
-3 -1 2 -6 23 24 11 6 -1 22 8 12 -22 -30 16 0 10 -30 22 21 
24 19 14 27 1 7 24 -22 18 26 -18 13 17 -24 5 13 13 10 28 -22 
-27 28 29 -19 5 27 -16 -15 -1 20 7 24 16 -18 -29 -5 10 26 2 1 
30 20 20 -26 -14 22 21 8 10 15 17 -23 11 -11 -12 2 13 28 7 5 
-7 -27 19 10 0 13 -6 -20 -13 -13 17 17 6 10 22 13 5 -11 0 -29 
28 -13 12 29 20 -8 23 -9 21 -25 -22 27 -11 20 -28 7 3 28 30 6 
0 6 23 12 27 -16 14 10 15 8 19 -12 19 15 24 -6 2 5 19 -6 
38
4
19 15
18 0
1 3
16 15
0 4
1 19
18 16
3 4
6
2 15 15
7 18 8
10 8 14
17 4 15
12 1 8
9 11 14
30
9 17
1 13
15 8
5 16
6 0
2 19
8 11
7 4
17 8
3 10
15 1
7 1
9 4
0 8
17 6
10 2
18 6
4 11
14 3
13 19
17 0
11 8
12 15
2 11
16 9
4 18
12 18
10 15
19 11
2 13
