20 20
-1 10 2 -6 7 4 -13 12 21 4 10 5 -17 -14 10 -18 12 11 9 13 
0 21 12 13 -3 10 -7 14 12 -1 15 5 5 -7 1 18 5 -12 -6 20 
11 10 10 3 13 4 20 -6 21 17 -9 4 4 -18 -3 14 4 19 -21 10 
19 20 -12 12 20 -2 -11 20 8 15 17 10 1 3 -17 3 17 3 4 16 
15 -16 11 3 4 9 11 0 17 -9 14 6 15 10 -20 -11 2 10 3 3 
3 17 5 13 10 4 19 -7 5 -3 10 1 10 8 -21 12 17 7 19 -21 
20 8 14 15 10 18 14 1 -16 5 -1 0 13 0 -21 14 19 14 -14 -9 
-7 10 21 -9 9 18 1 12 19 15 3 -6 11 13 3 17 2 15 16 7 
11 7 -15 19 0 -21 -3 11 4 -1 19 17 21 11 -1 18 6 2 0 13 
-11 0 1 11 16 -19 5 6 20 11 1 7 3 -3 13 15 18 -5 8 0 
0 8 -5 18 15 13 -3 3 7 1 11 20 6 5 -19 16 11 1 0 -11 
13 0 2 6 18 -1 11 21 17 19 -1 4 11 -3 -21 0 19 -15 7 11 
7 16 15 2 17 3 13 11 -6 3 15 19 12 1 18 9 -9 21 10 -7 
-9 -14 14 19 14 -21 0 13 0 -1 5 -16 1 14 18 10 15 14 8 20 
-21 19 7 17 12 -21 8 10 1 10 -3 5 -7 19 4 10 13 5 17 3 
3 3 10 2 -11 -20 10 15 6 14 -9 17 0 11 9 4 3 11 -16 15 
16 4 3 17 3 -17 3 1 10 17 15 8 20 -11 -2 20 12 -12 20 19 
10 -21 19 4 14 -3 -18 4 4 -9 17 21 -6 20 4 13 3 10 10 11 
20 -6 -12 5 18 1 -7 5 5 15 -1 12 14 -7 10 -3 13 12 21 0 
13 9 11 12 -18 10 -14 -17 5 10 4 21 12 -13 4 7 -6 2 10 -1 
47
5
14 3
2 10
13 3
17 0
7 10
5 16
17 9
6 16
2 19
12 9
14
5 12 15
15 11 12
7 12 8
7 13 15
3 18 9
14 15 12
15 0 16
14 7 15
4 8 12
12 7 8
12 6 15
16 1 9
5 4 12
4 19 16
26
13 9
16 14
8 7
5 14
16 15
17 10
11 3
5 15
0 15
7 16
17 3
1 8
9 19
6 10
3 5
11 12
14 5
3 4
2 9
8 16
14 4
19 4
12 3
2 16
18 11
10 0
