20 20
-2 8 3 5 1 6 6 4 4 8 -8 5 7 5 -10 8 1 10 -8 2 
-1 4 8 8 9 7 8 8 6 9 8 8 -4 0 6 6 10 5 5 10 
9 6 4 2 8 8 6 4 3 -5 -2 9 3 -9 -3 -2 3 3 0 9 
10 4 -9 2 7 6 -2 -10 -2 7 -2 8 8 -9 5 10 6 -1 3 6 
1 -1 -6 3 1 9 0 7 -1 -10 -4 9 3 9 7 5 7 -8 4 8 
5 9 1 2 -1 -6 2 7 1 -4 7 -10 10 3 8 5 -1 1 -7 -9 
9 7 5 -2 1 5 0 6 7 2 -1 -10 0 3 4 10 -5 7 8 4 
7 0 2 0 10 8 5 9 1 -8 7 1 0 -1 5 5 -8 -2 -5 5 
5 9 -3 3 -7 3 6 1 9 -4 -9 -5 0 5 7 -9 6 4 2 -6 
7 4 0 4 3 -1 8 1 -6 6 10 10 1 9 7 0 5 3 4 6 
6 4 3 5 0 7 9 1 10 10 6 -6 1 8 -1 3 4 0 4 7 
-6 2 4 6 -9 7 5 0 -5 -9 -4 9 1 6 3 -7 3 -3 9 5 
5 -5 -2 -8 5 5 -1 0 1 7 -8 1 9 5 8 10 0 2 0 7 
4 8 7 -5 10 4 3 0 -10 -1 2 7 6 0 5 1 -2 5 7 9 
-9 -7 1 -1 5 8 3 10 -10 7 -4 1 7 2 -6 -1 2 1 9 5 
8 4 -8 7 5 7 9 3 9 -4 -10 -1 7 0 9 1 3 -6 -1 1 
6 3 -1 6 10 5 -9 8 8 -2 7 -2 -10 -2 6 7 2 -9 4 10 
9 0 3 3 -2 -3 -9 3 9 -2 -5 3 4 6 8 8 2 4 6 9 
10 5 5 10 6 6 0 -4 8 8 9 6 8 8 7 9 8 8 4 -1 
2 -8 10 1 8 -10 5 7 5 -8 8 4 4 6 6 1 5 3 8 -2 
36
5
18 19
7 3
11 16
1 7
17 6
1 0
12 16
8 3
18 12
2 13
8
3 1 14
12 17 12
7 4 8
1 2 13
16 18 14
7 2 12
12 15 8
18 17 13
40
2 9
15 11
4 15
9 17
4 10
5 8
18 14
0 19
1 17
10 4
19 10
12 1
2 3
14 15
4 13
11 8
5 3
6 15
7 15
17 11
17 10
4 8
15 4
10 2
15 9
14 11
1 5
19 0
18 2
9 15
0 9
7 18
17 16
5 4
15 6
8 11
14 16
13 4
12 4
2 8
