20 20
-3 -21 23 11 13 16 -3 23 5 -9 -21 14 14 9 18 12 6 -16 17 4 
10 14 2 10 10 12 9 15 5 -10 23 1 21 11 6 17 15 11 19 20 
23 5 -13 20 8 20 2 13 23 2 12 -12 8 20 21 21 -15 2 3 17 
8 4 14 14 -22 21 5 -2 19 17 2 17 5 2 7 8 23 -21 4 1 
18 2 13 23 7 5 22 17 22 -21 21 11 -9 20 -3 -22 0 -2 22 20 
-1 8 -22 21 15 9 5 14 -14 2 9 -3 -9 12 14 23 8 -16 -9 3 
16 1 22 7 9 12 20 -13 21 -12 17 5 23 23 10 11 2 0 -19 -6 
-6 16 13 -14 6 6 19 5 10 7 4 -17 19 3 15 22 -3 14 4 8 
8 6 -6 11 13 9 18 19 11 -16 -16 15 19 10 -19 9 -6 -16 -8 -9 
20 11 -17 1 5 17 16 -8 -9 12 17 -21 12 3 18 23 18 13 20 18 
18 20 13 18 23 18 3 12 -21 17 12 -9 -8 16 17 5 1 -17 11 20 
-9 -8 -16 -6 9 -19 10 19 15 -16 -16 11 19 18 9 13 11 -6 6 8 
8 4 14 -3 22 15 3 19 -17 4 7 10 5 19 6 6 -14 13 16 -6 
-6 -19 0 2 11 10 23 23 5 17 -12 21 -13 20 12 9 7 22 1 16 
3 -9 -16 8 23 14 12 -9 -3 9 2 -14 14 5 9 15 21 -22 8 -1 
20 22 -2 0 -22 -3 20 -9 11 21 -21 22 17 22 5 7 23 13 2 18 
1 4 -21 23 8 7 2 5 17 2 17 19 -2 5 21 -22 14 14 4 8 
17 3 2 -15 21 21 20 8 -12 12 2 23 13 2 20 8 20 -13 5 23 
20 19 11 15 17 6 11 21 1 23 -10 5 15 9 12 10 10 2 14 10 
4 17 -16 6 12 18 9 14 14 -21 -9 5 23 -3 16 13 11 23 -21 -3 
34
2
4 9
15 6
15 10
4 13
12
2 5 8
17 9 8
0 3 12
6 13 9
11 8 16
18 6 8
17 14 8
2 10 8
19 16 12
13 6 9
8 11 16
1 13 8
40
2 13
1 2
13 2
14 16
8 14
14 19
15 9
1 15
12 0
16 0
5 15
19 15
0 17
15 8
14 7
16 17
16 7
16 6
15 1
0 5
17 6
18 17
6 17
5 3
11 5
5 0
4 10
18 4
7 19
3 19
14 4
0 4
19 2
4 11
5 12
3 2
3 12
3 13
4 18
19 14
