20 20
0 17 17 4 8 -10 17 3 19 -29 -2 -7 -3 -3 26 5 16 -5 10 14 
17 7 -26 -16 22 2 11 -8 -28 19 15 -10 -1 7 -25 20 13 12 26 17 
15 18 11 20 15 4 13 7 18 24 -17 21 28 -25 3 -20 16 23 13 -24 
-12 18 29 -7 5 5 -28 -10 3 0 16 8 -1 9 18 11 -25 22 26 11 
6 23 28 7 0 29 13 26 14 23 2 20 23 1 5 -22 -18 7 5 18 
11 18 3 11 22 3 1 -23 7 16 7 -24 8 11 1 18 22 5 19 15 
26 9 15 11 11 20 16 1 11 -14 -11 -16 21 1 -21 0 -13 20 21 4 
-13 1 4 10 -29 -20 -1 -29 15 24 -10 26 18 29 26 11 22 26 5 22 
16 4 17 -21 -3 22 28 -14 23 1 21 -29 -20 10 12 12 13 6 22 13 
24 8 14 -4 21 -9 26 -19 15 13 24 7 1 17 -4 21 25 6 23 20 
20 23 6 25 21 -4 17 1 7 24 13 15 -19 26 -9 21 -4 14 8 24 
13 22 6 13 12 12 10 -20 -29 21 1 23 -14 28 22 -3 -21 17 4 16 
22 5 26 22 11 26 29 18 26 -10 24 15 -29 -1 -20 -29 10 4 1 -13 
4 21 20 -13 0 -21 1 21 -16 -11 -14 11 1 16 20 11 11 15 9 26 
15 19 5 22 18 1 11 8 -24 7 16 7 -23 1 3 22 11 3 18 11 
18 5 7 -18 -22 5 1 23 20 2 23 14 26 13 29 0 7 28 23 6 
11 26 22 -25 11 18 9 -1 8 16 0 3 -10 -28 5 5 -7 29 18 -12 
-24 13 23 16 -20 3 -25 28 21 -17 24 18 7 13 4 15 20 11 18 15 
17 26 12 13 20 -25 7 -1 -10 15 19 -28 -8 11 2 22 -16 -26 7 17 
14 10 -5 16 5 26 -3 -3 -7 -2 -29 19 3 17 -10 8 4 17 17 0 
48
6
7 14
13 10
18 15
3 6
1 7
7 4
12 5
6 9
1 4
16 13
18 12
12 15
12
14 13 9
18 0 16
5 15 13
18 5 13
7 5 15
13 6 16
5 6 9
1 19 16
14 4 13
1 14 13
12 14 15
6 13 16
36
14 18
18 11
19 7
17 5
14 10
8 15
2 17
4 17
2 5
16 15
14 19
1 5
3 11
8 4
4 5
9 17
13 12
16 11
5 1
1 8
0 12
2 14
5 9
11 4
17 2
15 2
17 14
3 4
5 0
18 14
16 8
11 15
15 14
10 2
6 7
3 8
