20 20
2 -7 22 8 -11 20 18 1 21 23 -6 10 9 -4 -21 -2 -13 1 18 21 
11 -1 4 5 -15 -21 -17 5 14 17 20 1 5 18 11 16 -4 12 19 21 
9 11 14 10 6 14 8 21 9 12 10 -15 3 20 15 1 -10 19 14 8 
4 -6 23 9 23 19 -10 -7 8 12 6 16 22 14 4 -8 -20 -3 -16 9 
9 21 6 1 16 -5 14 5 20 -11 7 21 12 15 1 2 15 7 4 -4 
18 12 0 18 -20 2 8 10 8 12 -19 -21 21 20 11 16 -6 6 16 3 
-3 -15 18 19 7 1 19 7 22 22 19 9 15 20 5 21 19 6 -23 2 
-9 11 19 13 18 -20 16 -10 10 -9 3 7 -14 -22 19 18 3 19 7 6 
11 4 21 7 -9 -11 22 17 11 0 7 10 21 16 -5 3 6 12 3 -16 
2 11 23 -12 11 20 16 -16 15 -18 1 16 -6 -17 20 12 -4 10 17 -9 
-9 17 10 -4 12 20 -17 -6 16 1 -18 15 -16 16 20 11 -12 23 11 2 
-16 3 12 6 3 -5 16 21 10 7 0 11 17 22 -11 -9 7 21 4 11 
6 7 19 3 18 19 -22 -14 7 3 -9 10 -10 16 -20 18 13 19 11 -9 
2 -23 6 19 21 5 20 15 9 19 22 22 7 19 1 7 19 18 -15 -3 
3 16 6 -6 16 11 20 21 -21 -19 12 8 10 8 2 -20 18 0 12 18 
-4 4 7 15 2 1 15 12 21 7 -11 20 5 14 -5 16 1 6 21 9 
9 -16 -3 -20 -8 4 14 22 16 6 12 8 -7 -10 19 23 9 23 -6 4 
8 14 19 -10 1 15 20 3 -15 10 12 9 21 8 14 6 10 14 11 9 
21 19 12 -4 16 11 18 5 1 20 17 14 5 -17 -21 -15 5 4 -1 11 
21 18 1 -13 -2 -21 -4 9 10 -6 23 21 1 18 20 -11 8 22 -7 2 
32
5
14 8
18 4
4 5
6 11
17 16
5 11
1 15
15 14
13 8
2 3
18
0 3 10
19 4 12
9 3 14
17 12 10
18 10 15
10 19 11
18 8 9
9 5 14
6 15 12
19 16 10
0 15 12
10 16 14
2 7 10
1 9 15
9 0 11
1 11 9
10 14 14
13 4 12
36
2 6
2 1
0 5
6 8
14 0
16 4
2 18
1 6
15 0
8 13
12 11
0 2
9 1
15 19
9 10
9 18
8 10
10 0
17 13
17 18
19 14
13 11
5 19
3 15
17 1
18 13
4 19
11 6
7 8
19 17
10 18
4 0
10 9
10 1
11 9
9 19
