20 20
5 4 5 4 0 7 3 -2 2 4 1 1 0 0 7 -6 7 4 2 4 
4 6 6 6 -3 0 7 6 4 3 3 1 7 -4 3 4 6 -1 3 2 
4 0 7 7 6 -6 1 7 4 6 -6 -5 -7 5 3 4 7 7 6 4 
-5 3 3 6 7 6 7 1 -7 1 2 2 0 4 -1 7 3 3 6 2 
5 4 2 5 -5 4 3 0 -7 -7 7 6 2 -7 0 3 6 4 3 3 
0 -6 -2 2 -3 0 0 7 1 3 1 -1 4 5 2 7 4 0 -1 0 
-4 4 4 0 -7 4 -7 6 5 -6 0 6 -6 7 4 5 1 -1 -1 7 
3 -7 3 -5 7 5 2 2 7 1 -6 -6 2 4 5 -3 0 6 5 -7 
4 2 1 4 5 7 2 6 2 -2 5 6 0 6 2 5 1 3 5 4 
7 1 6 7 -5 4 4 -5 -4 5 7 -3 7 0 7 4 3 5 -5 2 
2 -5 5 3 4 7 0 7 -3 7 5 -4 -5 4 4 -5 7 6 1 7 
4 5 3 1 5 2 6 0 6 5 -2 2 6 2 7 5 4 1 2 4 
-7 5 6 0 -3 5 4 2 -6 -6 1 7 2 2 5 7 -5 3 -7 3 
7 -1 -1 1 5 4 7 -6 6 0 -6 5 6 -7 4 -7 0 4 4 -4 
0 -1 0 4 7 2 5 4 -1 1 3 1 7 0 0 -3 2 -2 -6 0 
3 3 4 6 3 0 -7 2 6 7 -7 -7 0 3 4 -5 5 2 4 5 
2 6 3 3 7 -1 4 0 2 2 1 -7 1 7 6 7 6 3 3 -5 
4 6 7 7 4 3 5 -7 -5 -6 6 4 7 1 -6 6 7 7 0 4 
2 3 -1 6 4 3 -4 7 1 3 3 4 6 7 0 -3 6 6 6 4 
4 2 4 7 -6 7 0 0 1 1 4 2 -2 3 7 0 4 5 4 5 
44
4
15 14
18 5
15 1
18 4
4 5
1 14
4 18
1 15
8
3 0 12
11 19 13
3 16 10
10 6 14
16 19 12
8 0 13
16 3 10
9 13 14
34
12 9
15 7
3 10
2 11
3 7
1 17
4 11
9 8
14 16
2 3
11 7
10 7
4 17
2 0
2 10
4 7
13 7
7 10
4 12
16 9
17 8
16 12
18 2
15 8
10 11
5 3
17 16
8 12
9 12
15 2
17 19
17 9
15 12
6 12
