20 20
9 8 9 7 3 -10 -9 8 1 5 6 9 1 -3 -3 2 -8 3 10 2 
5 -9 -2 5 4 2 6 2 -1 3 1 1 3 -3 -8 1 2 9 0 7 
0 0 4 2 10 5 10 10 -5 -2 -9 6 0 5 3 5 1 10 2 -1 
-1 -10 -4 10 -6 9 7 -9 7 2 -5 6 7 7 9 4 -9 10 9 8 
5 6 -10 10 -7 3 7 0 5 -9 -2 -4 9 4 -10 5 10 8 10 8 
8 1 2 2 -5 9 9 6 8 10 4 4 3 7 3 7 7 2 3 6 
2 -2 9 9 5 3 1 0 10 3 -7 9 1 6 9 4 -1 9 -1 1 
-5 2 1 3 9 3 10 -6 9 -5 -6 8 9 9 3 3 0 1 7 2 
-2 1 10 5 3 10 -3 3 10 5 0 9 -6 7 -3 0 10 7 4 -2 
4 10 0 7 0 7 -8 8 8 8 7 -9 6 1 8 -6 -6 4 9 1 
1 9 4 -6 -6 8 1 6 -9 7 8 8 8 -8 7 0 7 0 10 4 
-2 4 7 10 0 -3 7 -6 9 0 5 10 3 -3 10 3 5 10 1 -2 
2 7 1 0 3 3 9 9 8 -6 -5 9 -6 10 3 9 3 1 2 -5 
1 -1 9 -1 4 9 6 1 9 -7 3 10 0 1 3 5 9 9 -2 2 
6 3 2 7 7 3 7 3 4 4 10 8 6 9 9 -5 2 2 1 8 
8 10 8 10 5 -10 4 9 -4 -2 -9 5 0 7 3 -7 10 -10 6 5 
8 9 10 -9 4 9 7 7 6 -5 2 7 -9 7 9 -6 10 -4 -10 -1 
-1 2 10 1 5 3 5 0 6 -9 -2 -5 10 10 5 10 2 4 0 0 
7 0 9 2 1 -8 -3 3 1 1 3 -1 2 6 2 4 5 -2 -9 5 
2 10 3 -8 2 -3 -3 1 9 6 5 1 8 -9 -10 3 7 9 8 9 
32
8
19 5
8 3
8 2
15 19
18 8
8 7
13 16
11 0
0 14
11 16
11 17
4 0
1 11
11 12
6 3
8 19
8
19 7 13
1 9 13
16 6 14
13 19 15
0 12 13
18 10 13
3 13 14
6 0 15
36
15 6
10 15
5 13
19 2
5 4
16 13
17 12
7 14
0 13
9 17
10 12
3 1
15 1
16 0
18 19
9 14
14 8
13 10
4 13
9 4
14 6
0 17
14 15
3 6
2 7
12 5
19 6
10 2
9 7
16 18
4 18
3 19
1 0
10 5
5 11
6 9
