20 20
-18 23 4 18 -28 21 22 5 24 24 16 2 -28 23 9 22 13 5 17 27 
19 19 -3 9 -5 -18 5 -24 -3 20 22 -13 1 14 15 -15 14 24 12 22 
11 10 23 0 22 8 -7 25 23 14 23 22 10 17 13 18 -2 11 5 15 
12 8 8 0 20 12 23 7 8 -15 2 9 9 -27 25 27 19 14 -13 11 
-28 -15 -21 1 -19 11 28 14 5 19 -13 28 21 -13 -3 -18 11 2 22 12 
26 -27 26 19 18 26 11 2 5 5 20 14 10 13 5 -15 12 -19 23 13 
28 16 -7 19 6 6 -4 10 6 5 -7 -22 6 0 11 -16 13 -7 25 1 
9 3 4 10 4 0 7 1 14 19 8 5 22 27 -9 1 19 -10 17 21 
22 25 7 -24 11 -14 8 13 16 3 20 2 3 6 3 -20 19 0 8 19 
13 19 24 6 0 22 7 -3 24 28 -19 20 18 -6 0 10 -19 -24 28 20 
20 28 -24 -19 10 0 -6 18 20 -19 28 24 -3 7 22 0 6 24 19 13 
19 8 0 19 -20 3 6 3 2 20 3 16 13 8 -14 11 -24 7 25 22 
21 17 -10 19 1 -9 27 22 5 8 19 14 1 7 0 4 10 4 3 9 
1 25 -7 13 -16 11 0 6 -22 -7 5 6 10 -4 6 6 19 -7 16 28 
13 23 -19 12 -15 5 13 10 14 20 5 5 2 11 26 18 19 26 -27 26 
12 22 2 11 -18 -3 -13 21 28 -13 19 5 14 28 11 -19 1 -21 -15 -28 
11 -13 14 19 27 25 -27 9 9 2 -15 8 7 23 12 20 0 8 8 12 
15 5 11 -2 18 13 17 10 22 23 14 23 25 -7 8 22 0 23 10 11 
22 12 24 14 -15 15 14 1 -13 22 20 -3 -24 5 -18 -5 9 -3 19 19 
27 17 5 13 22 9 23 -28 2 16 24 24 5 22 21 -28 18 4 23 -18 
53
5
3 8
1 15
2 3
16 3
2 19
16 11
18 4
17 16
3 16
17 0
12
0 12 10
0 15 16
14 5 16
3 5 13
8 9 8
17 18 12
19 7 10
19 4 16
5 14 16
16 14 13
11 10 8
2 1 12
38
18 8
19 0
15 0
14 7
0 13
17 3
18 5
14 10
15 8
3 19
14 2
10 17
9 15
1 0
6 10
9 17
17 9
0 10
8 6
1 11
0 19
4 19
5 12
19 6
2 16
1 14
5 9
4 11
16 0
5 17
9 2
10 4
18 19
13 9
10 2
2 10
19 9
11 13
