20 20
4 -20 -8 21 -5 5 8 3 -1 15 14 20 7 5 -8 5 -16 20 2 11 
-2 10 5 -1 -10 12 10 5 2 -14 4 11 2 0 16 16 4 -6 10 0 
2 -14 13 -19 4 18 16 15 10 17 -18 0 -5 13 -4 11 -9 2 11 15 
15 6 12 18 21 8 -12 12 -2 13 8 21 17 14 2 -2 -2 -21 8 2 
3 -21 6 18 -15 1 4 11 6 -8 4 -20 15 17 14 9 7 19 18 12 
12 2 0 6 19 13 5 -18 -14 -5 5 5 14 0 6 -10 8 15 -7 15 
0 18 12 16 -16 11 -13 15 7 17 17 -18 -11 6 2 18 -18 -16 -6 21 
6 1 -3 7 -8 18 8 -18 2 -2 7 -13 -3 16 10 13 5 -1 -14 12 
-6 14 -8 2 -14 4 13 4 17 19 10 5 2 2 14 -2 5 11 5 2 
8 14 14 9 -15 5 -19 11 10 11 6 9 -21 -18 14 -18 4 10 3 20 
20 3 10 4 -18 14 -18 -21 9 6 11 10 11 -19 5 -15 9 14 14 8 
2 5 11 5 -2 14 2 2 5 10 19 17 4 13 4 -14 2 -8 14 -6 
12 -14 -1 5 13 10 16 -3 -13 7 -2 2 -18 8 18 -8 7 -3 1 6 
21 -6 -16 -18 18 2 6 -11 -18 17 17 7 15 -13 11 -16 16 12 18 0 
15 -7 15 8 -10 6 0 14 5 5 -5 -14 -18 5 13 19 6 0 2 12 
12 18 19 7 9 14 17 15 -20 4 -8 6 11 4 1 -15 18 6 -21 3 
2 8 -21 -2 -2 2 14 17 21 8 13 -2 12 -12 8 21 18 12 6 15 
15 11 2 -9 11 -4 13 -5 0 -18 17 10 15 16 18 4 -19 13 -14 2 
0 10 -6 4 16 16 0 2 11 4 -14 2 5 10 12 -10 -1 5 10 -2 
11 2 20 -16 5 -8 5 7 20 14 15 -1 3 8 5 -5 21 -8 -20 4 
37
4
7 16
0 1
10 8
2 12
12 3
19 18
9 11
17 7
20
10 2 10
13 16 16
11 13 8
1 16 8
5 3 8
12 2 9
18 17 14
12 9 15
14 15 11
10 13 8
9 17 10
6 3 16
8 6 8
18 3 8
14 16 8
7 17 9
1 2 14
7 10 15
5 4 11
9 6 8
26
10 11
0 19
19 15
5 17
4 13
18 8
7 6
15 19
3 16
0 13
13 18
13 1
11 17
9 8
19 0
0 4
14 2
15 6
1 11
12 13
4 0
16 3
19 6
6 1
6 18
8 2
