20 20
-1 -11 10 -4 12 1 3 -4 2 8 -11 4 0 5 -1 -9 -3 10 5 0 
2 10 6 -9 9 -12 6 5 -8 7 4 8 3 12 12 -6 0 10 7 9 
6 3 2 12 7 -7 4 8 8 12 3 12 12 6 3 -9 5 -5 -2 1 
0 7 2 3 9 0 12 4 -3 4 3 11 11 5 -12 9 11 10 9 -12 
10 -12 8 1 -6 -5 1 5 1 2 12 -12 -3 6 12 6 -12 11 -3 1 
3 1 10 10 -8 10 11 4 6 0 8 6 2 6 -10 7 7 4 2 9 
-11 -12 7 6 -5 3 -3 8 1 11 4 3 9 4 6 7 11 12 4 9 
11 -3 8 6 11 12 12 -7 1 11 10 0 7 -7 0 11 1 6 -10 -4 
8 2 1 -9 11 6 9 4 2 -9 -2 -8 -3 -5 -4 11 10 -3 -9 4 
6 0 1 5 2 5 6 2 8 -5 4 12 -4 12 1 0 12 6 7 -1 
-1 7 6 12 0 1 12 -4 12 4 -5 8 2 6 5 2 5 1 0 6 
4 -9 -3 10 11 -4 -5 -3 -8 -2 -9 2 4 9 6 11 -9 1 2 8 
-4 -10 6 1 11 0 -7 7 0 10 11 1 -7 12 12 11 6 8 -3 11 
9 4 12 11 7 6 4 9 3 4 11 1 8 -3 3 -5 6 7 -12 -11 
9 2 4 7 7 -10 6 2 6 8 0 6 4 11 10 -8 10 10 1 3 
1 -3 11 -12 6 12 6 -3 -12 12 2 1 5 1 -5 -6 1 8 -12 10 
-12 9 10 11 9 -12 5 11 11 3 4 -3 4 12 0 9 3 2 7 0 
1 -2 -5 5 -9 3 6 12 12 3 12 8 8 4 -7 7 12 2 3 6 
9 7 10 0 -6 12 12 3 8 4 7 -8 5 6 -12 9 -9 6 10 2 
0 5 10 -3 -9 -1 5 0 4 -11 8 2 -4 3 1 12 -4 10 -11 -1 
44
4
17 14
12 9
7 4
8 12
2 5
7 10
12 15
11 7
12
2 16 10
17 4 16
3 0 12
7 14 11
2 10 8
17 16 14
17 3 10
2 15 16
16 19 12
12 5 11
17 9 8
2 3 14
36
0 12
15 16
12 3
10 4
16 3
19 12
8 19
0 15
15 4
3 10
10 0
18 8
13 14
3 14
1 0
13 4
4 7
4 1
19 7
4 3
7 16
9 15
3 16
0 7
11 0
19 4
4 15
16 9
9 19
1 11
6 5
16 5
18 19
6 15
15 12
15 18
