20 20
12 5 -1 -1 17 7 11 -7 4 10 11 5 5 0 8 4 -5 5 -5 11 
3 -7 10 5 17 13 -7 16 14 2 8 7 9 -10 14 4 0 -9 17 6 
15 9 -12 12 18 6 10 -10 1 15 -18 1 -10 4 16 12 19 13 3 8 
13 -2 9 17 -14 1 15 20 7 -9 18 1 10 8 2 -17 -19 6 17 -4 
10 2 -3 9 2 7 19 2 20 17 -19 19 3 16 -11 7 -12 -11 20 19 
4 -7 -17 -9 -11 7 19 4 15 2 3 14 -17 13 7 -15 15 6 4 6 
13 8 18 -2 18 3 5 8 18 10 -7 16 13 -4 -8 -13 20 10 11 3 
16 8 6 10 13 6 10 14 -19 3 13 6 17 14 -9 2 -8 14 14 -4 
5 -17 7 19 3 1 13 -11 19 -3 -10 3 4 1 16 -15 -9 -9 -12 5 
11 -13 4 2 17 -13 -3 10 -2 20 -14 7 5 1 2 9 -6 -9 13 7 
7 13 -9 -6 9 2 1 5 7 -14 20 -2 10 -3 -13 17 2 4 -13 11 
5 -12 -9 -9 -15 16 1 4 3 -10 -3 19 -11 13 1 3 19 7 -17 5 
-4 14 14 -8 2 -9 14 17 6 13 3 -19 14 10 6 13 10 6 8 16 
3 11 10 20 -13 -8 -4 13 16 -7 10 18 8 5 3 18 -2 18 8 13 
6 4 6 15 -15 7 13 -17 14 3 2 15 4 19 7 -11 -9 -17 -7 4 
19 20 -11 -12 7 -11 16 3 19 -19 17 20 2 19 7 2 9 -3 2 10 
-4 17 6 -19 -17 2 8 10 1 18 -9 7 20 15 1 -14 17 9 -2 13 
8 3 13 19 12 16 4 -10 1 -18 15 1 -10 10 6 18 12 -12 9 15 
6 17 -9 0 4 14 -10 9 7 8 2 14 16 -7 13 17 5 10 -7 3 
11 -5 5 -5 4 8 0 5 5 11 10 4 -7 11 7 17 -1 -1 5 12 
45
4
4 13
5 9
0 19
1 12
15 6
14 10
19 0
18 7
14
2 4 11
2 9 12
16 0 11
13 19 15
3 2 11
14 0 14
2 17 13
17 15 11
17 10 12
3 19 11
6 0 15
16 17 11
5 19 14
17 2 13
38
1 11
3 9
17 0
14 15
17 1
19 4
15 2
6 18
2 5
2 3
6 1
0 6
2 12
1 16
18 2
16 4
12 1
7 5
15 1
18 8
16 10
2 19
5 4
2 18
0 15
4 17
13 1
17 14
17 16
13 18
19 13
17 7
18 3
1 17
3 15
7 18
12 14
4 18
