20 20
5 -9 5 1 6 2 -9 7 5 4 9 6 -7 -4 4 -7 8 9 0 -7 
-8 1 5 7 1 6 4 -4 7 7 5 8 9 -8 8 2 3 3 3 9 
1 5 2 8 6 -8 1 6 5 7 9 7 2 1 3 -4 4 -6 -9 7 
7 -4 8 -6 7 5 6 8 1 5 3 2 6 0 5 4 -6 1 7 0 
3 2 4 -4 9 -8 -6 2 2 8 -9 -1 1 4 3 7 0 5 5 2 
2 5 1 7 -4 -3 -2 -2 -1 3 3 -2 9 -4 4 6 4 2 4 -8 
-6 6 8 -5 -7 6 6 0 1 -6 5 -5 2 2 9 5 8 -5 6 8 
-6 -7 5 3 9 9 3 2 9 5 6 8 4 1 0 5 9 -1 0 2 
3 1 9 8 4 2 -6 -1 9 9 5 1 8 -8 6 4 1 9 -8 -9 
6 2 5 7 5 -4 6 9 6 -5 5 6 9 3 0 -8 8 6 8 5 
5 8 6 8 -8 0 3 9 6 5 -5 6 9 6 -4 5 7 5 2 6 
-9 -8 9 1 4 6 -8 8 1 5 9 9 -1 -6 2 4 8 9 1 3 
2 0 -1 9 5 0 1 4 8 6 5 9 2 3 9 9 3 5 -7 -6 
8 6 -5 8 5 9 2 2 -5 5 -6 1 0 6 6 -7 -5 8 6 -6 
-8 4 2 4 6 4 -4 9 -2 3 3 -1 -2 -2 -3 -4 7 1 5 2 
2 5 5 0 7 3 4 1 -1 -9 8 2 2 -6 -8 9 -4 4 2 3 
0 7 1 -6 4 5 0 6 2 3 5 1 8 6 5 7 -6 8 -4 7 
7 -9 -6 4 -4 3 1 2 7 9 7 5 6 1 -8 6 8 2 5 1 
9 3 3 3 2 8 -8 9 8 5 7 7 -4 4 6 1 7 5 1 -8 
-7 0 9 8 -7 4 -4 -7 6 9 4 5 7 -9 2 6 1 5 -9 5 
42
4
15 13
11 2
15 1
8 10
4 6
8 17
4 18
11 9
10
4 7 11
16 6 16
6 19 13
0 13 9
9 6 9
15 12 11
3 13 16
13 0 13
19 6 9
10 13 9
40
0 18
13 6
5 11
4 2
14 0
17 2
11 6
13 11
7 19
14 5
10 14
16 15
3 1
17 12
5 3
2 16
19 16
11 3
10 16
14 10
19 1
6 13
14 8
15 17
5 19
2 17
8 13
6 8
12 0
5 14
9 5
3 4
16 18
2 7
14 16
17 3
0 3
8 16
9 3
5 9
