20 20
5 -8 5 7 7 8 6 5 7 7 6 3 3 3 4 -2 -3 1 6 1 
3 1 4 6 -3 -5 5 5 4 5 6 8 1 1 3 1 -3 1 -6 6 
4 3 4 2 -4 8 -7 -8 2 8 2 -1 -4 8 -1 8 3 8 4 1 
8 -3 3 5 5 1 5 3 7 1 1 -6 8 1 5 2 -8 6 4 4 
4 1 1 4 1 5 4 -2 6 2 8 2 5 3 0 -5 -8 1 4 6 
8 -1 7 4 6 4 7 7 -2 6 7 5 2 -5 -4 2 -2 -7 5 6 
4 6 -3 3 -8 5 5 -2 -3 2 3 8 4 -6 5 7 8 2 6 -1 
5 -1 7 -6 3 8 -3 3 -6 8 2 3 3 1 5 5 3 7 2 4 
2 6 7 3 4 -6 6 -1 3 2 -3 2 -2 8 4 6 -7 0 8 1 
7 4 4 5 3 -2 5 3 7 2 5 2 7 8 0 1 -5 7 -1 -3 
-3 -1 7 -5 1 0 8 7 2 5 2 7 3 5 -2 3 5 4 4 7 
1 8 0 -7 6 4 8 -2 2 -3 2 3 -1 6 -6 4 3 7 6 2 
4 2 7 3 5 5 1 3 3 2 8 -6 3 -3 8 3 -6 7 -1 5 
-1 6 2 8 7 5 -6 4 8 3 2 -3 -2 5 5 -8 3 -3 6 4 
6 5 -7 -2 2 -4 -5 2 5 7 6 -2 7 7 4 6 4 7 -1 8 
6 4 1 -8 -5 0 3 5 2 8 2 6 -2 4 5 1 4 1 1 4 
4 4 6 -8 2 5 1 8 -6 1 1 7 3 5 1 5 5 3 -3 8 
1 4 8 3 8 -1 8 -4 -1 2 8 2 -8 -7 8 -4 2 4 3 4 
6 -6 1 -3 1 3 1 1 8 6 5 4 5 5 -5 -3 6 4 1 3 
1 6 1 -3 -2 4 3 3 3 6 7 7 5 6 8 7 7 5 -8 5 
51
7
12 5
5 4
13 9
14 3
18 15
15 0
19 10
7 14
14 15
6 10
5 16
1 4
4 19
0 9
20
13 18 13
8 4 13
11 18 13
1 11 11
7 6 15
3 14 9
10 9 10
18 6 13
4 2 12
14 6 8
6 1 13
11 15 13
8 1 13
18 8 11
12 13 15
16 5 9
9 10 10
1 13 13
15 17 12
5 13 8
30
15 19
6 14
6 19
14 7
12 9
2 11
13 15
19 15
0 14
5 14
16 15
10 8
6 3
3 16
19 8
4 0
13 5
13 0
5 12
7 10
17 8
6 4
0 4
19 5
14 5
3 4
9 11
13 16
16 3
0 11
