20 20
1 3 15 12 3 14 -11 13 10 4 6 6 3 6 6 -15 16 13 1 1 
1 -4 13 1 13 -2 7 -9 7 -10 8 5 -13 2 15 0 -4 15 -10 3 
-4 3 8 -14 1 -9 6 -10 -5 -9 12 7 15 16 15 -9 -15 -10 13 -11 
12 -15 11 8 14 -16 10 -9 10 14 15 7 1 8 9 5 -6 4 0 11 
16 12 11 14 11 2 12 7 -14 9 6 3 6 12 6 15 0 11 3 -7 
-6 9 11 10 2 -4 12 -13 12 -16 6 14 7 -2 5 -3 4 6 2 3 
-8 -10 -7 0 -8 -1 11 -4 -4 8 15 1 4 0 3 8 8 11 5 7 
10 9 -13 11 -13 0 -9 9 -6 -14 9 4 1 7 9 1 11 8 8 4 
8 5 14 -2 15 3 2 11 5 -4 -2 12 9 -13 -2 13 -6 7 16 7 
6 8 7 -1 7 15 -9 12 -16 1 8 1 -5 14 3 6 9 16 -4 -11 
-11 -4 16 9 6 3 14 -5 1 8 1 -16 12 -9 15 7 -1 7 8 6 
7 16 7 -6 13 -2 -13 9 12 -2 -4 5 11 2 3 15 -2 14 5 8 
4 8 8 11 1 9 7 1 4 9 -14 -6 9 -9 0 -13 11 -13 9 10 
7 5 11 8 8 3 0 4 1 15 8 -4 -4 11 -1 -8 0 -7 -10 -8 
3 2 6 4 -3 5 -2 7 14 6 -16 12 -13 12 -4 2 10 11 9 -6 
-7 3 11 0 15 6 12 6 3 6 9 -14 7 12 2 11 14 11 12 16 
11 0 4 -6 5 9 8 1 7 15 14 10 -9 10 -16 14 8 11 -15 12 
-11 13 -10 -15 -9 15 16 15 7 12 -9 -5 -10 6 -9 1 -14 8 3 -4 
3 -10 15 -4 0 15 2 -13 5 8 -10 7 -9 7 -2 13 1 13 -4 1 
1 1 13 16 -15 6 6 3 6 6 4 10 13 -11 14 3 12 15 3 1 
47
5
18 3
17 6
8 9
2 14
4 5
1 16
2 13
11 10
17 5
15 14
16
19 8 8
16 13 11
14 12 9
7 13 9
6 17 16
5 8 10
19 7 9
18 8 16
0 11 8
3 6 11
5 7 9
12 6 9
13 2 16
14 11 10
0 12 9
1 11 16
32
16 19
10 16
16 0
7 11
19 16
7 1
10 18
10 11
11 8
1 13
11 14
8 6
0 19
12 13
16 3
19 5
3 0
9 3
3 19
12 8
0 3
12 18
9 1
9 8
8 11
18 6
8 5
11 13
19 0
7 6
3 16
0 14
