20 20
-5 2 2 0 -2 -6 3 4 5 -4 3 3 4 -3 0 -4 -5 3 0 -5 
3 5 6 2 -1 -3 3 5 2 3 4 -3 0 -2 4 -3 -1 2 1 -4 
0 -5 -6 5 -1 3 3 6 3 -6 1 1 3 6 -1 4 6 4 5 1 
-3 6 -3 2 -3 5 0 6 3 -4 3 2 2 4 -3 0 6 2 -4 -3 
5 0 5 1 6 -6 -1 5 -4 -5 4 0 6 1 1 5 3 5 4 5 
-5 -6 1 6 3 -5 1 -3 1 3 6 1 0 -4 3 -5 -1 -4 3 3 
-2 0 6 1 -4 5 4 -5 2 -2 3 5 -4 3 -6 3 2 6 3 4 
2 -1 0 6 3 6 4 -5 1 1 -2 0 3 6 2 5 4 -5 -3 2 
5 6 0 6 3 5 1 5 1 4 3 4 5 4 2 -2 1 2 -1 5 
2 6 2 6 6 3 -4 -6 -5 1 1 2 5 0 -4 2 1 4 5 3 
3 5 4 1 2 -4 0 5 2 1 1 -5 -6 -4 3 6 6 2 6 2 
5 -1 2 1 -2 2 4 5 4 3 4 1 5 1 5 3 6 0 6 5 
2 -3 -5 4 5 2 6 3 0 -2 1 1 -5 4 6 3 6 0 -1 2 
4 3 6 2 3 -6 3 -4 5 3 -2 2 -5 4 5 -4 1 6 0 -2 
3 3 -4 -1 -5 3 -4 0 1 6 3 1 -3 1 -5 3 6 1 -6 -5 
5 4 5 3 5 1 1 6 0 4 -5 -4 5 -1 -6 6 1 5 0 5 
-3 -4 2 6 0 -3 4 2 2 3 -4 3 6 0 5 -3 2 -3 6 -3 
1 5 4 6 4 -1 6 3 1 1 -6 3 6 3 3 -1 5 -6 -5 0 
-4 1 2 -1 -3 4 -2 0 -3 4 3 2 5 3 -3 -1 2 6 5 3 
-5 0 3 -5 -4 0 -3 4 3 3 -4 5 4 3 -6 -2 0 2 2 -5 
35
4
14 9
3 5
13 1
8 11
5 10
16 14
6 18
11 8
14
2 11 9
13 11 13
14 11 10
10 5 14
7 16 13
8 13 15
14 10 8
17 8 9
6 8 13
5 8 10
9 14 14
12 3 13
11 6 15
5 9 8
32
1 13
0 13
2 3
4 8
5 17
1 12
11 10
18 19
7 14
8 6
7 5
13 7
8 10
13 9
3 6
10 7
18 6
19 6
17 16
15 11
14 2
18 7
8 9
1 0
12 5
11 13
12 14
6 12
11 9
6 10
16 13
9 12
