20 20
3 0 2 15 11 -10 16 9 5 -15 8 -11 2 6 14 4 -13 5 -7 14 
4 10 10 17 19 8 1 19 6 -5 12 8 16 4 4 4 17 10 3 -8 
3 -13 14 6 19 0 4 13 16 4 -19 16 4 5 1 9 -10 14 5 -17 
-14 14 1 17 11 11 1 4 17 18 9 -15 9 16 6 12 9 -6 1 -15 
8 12 10 19 -19 8 6 18 3 -9 8 6 4 2 -13 7 -6 6 10 -17 
1 19 15 -14 15 -6 8 3 -17 10 13 11 -4 13 15 15 2 8 4 -18 
7 14 -2 15 16 14 -2 19 11 8 -11 15 -3 17 -4 3 -15 -15 4 -9 
1 -6 -16 17 7 16 15 16 6 11 12 15 1 1 15 10 16 9 9 13 
2 8 -1 9 7 19 15 5 -14 3 19 1 -11 10 2 2 17 13 2 4 
19 3 1 14 -14 17 4 13 -8 0 10 -6 -17 7 6 10 4 19 6 9 
9 6 19 4 10 6 7 -17 -6 10 0 -8 13 4 17 -14 14 1 3 19 
4 2 13 17 2 2 10 -11 1 19 3 -14 5 15 19 7 9 -1 8 2 
13 9 9 16 10 15 1 1 15 12 11 6 16 15 16 7 17 -16 -6 1 
-9 4 -15 -15 3 -4 17 -3 15 -11 8 11 19 -2 14 16 15 -2 14 7 
-18 4 8 2 15 15 13 -4 11 13 10 -17 3 8 -6 15 -14 15 19 1 
-17 10 6 -6 7 -13 2 4 6 8 -9 3 18 6 8 -19 19 10 12 8 
-15 1 -6 9 12 6 16 9 -15 9 18 17 4 1 11 11 17 1 14 -14 
-17 5 14 -10 9 1 5 4 16 -19 4 16 13 4 0 19 6 14 -13 3 
-8 3 10 17 4 4 4 16 8 12 -5 6 19 1 8 19 17 10 10 4 
14 -7 5 -13 4 14 6 2 -11 8 -15 5 9 16 -10 11 15 2 0 3 
47
5
13 12
15 18
12 7
8 15
1 7
6 7
4 1
7 12
11 4
18 12
12
5 12 10
8 10 14
16 0 11
6 13 11
4 9 16
4 13 10
14 7 10
11 9 14
3 19 11
13 6 11
15 10 16
15 6 10
34
10 12
6 9
14 9
15 14
1 9
17 4
16 14
18 4
19 16
10 9
9 6
7 5
5 4
1 13
10 7
2 13
13 18
9 7
13 10
5 10
4 5
18 10
2 15
3 5
1 15
0 3
9 10
10 13
12 14
14 15
18 6
9 12
17 6
6 1
