20 20
7 -10 25 -25 16 19 -28 21 4 -19 26 -19 14 -21 -3 14 -17 15 0 17 
16 3 -26 14 27 -12 -17 -25 -4 6 -3 3 20 3 17 6 10 -13 1 16 
9 -7 0 -12 21 -5 23 21 15 -25 2 25 3 3 -24 19 18 22 -22 21 
-19 -1 7 25 13 21 21 -25 11 17 12 21 27 15 21 20 -8 24 8 -23 
11 -23 2 -8 8 3 7 17 -13 17 7 -5 28 5 11 8 17 -24 15 5 
7 19 -16 26 7 26 14 26 2 18 10 0 20 25 8 10 12 -17 3 10 
0 -10 -14 0 17 21 27 18 9 13 20 -8 -22 16 4 -3 24 23 -2 -6 
-26 -22 -8 10 -11 9 -9 26 11 10 22 0 12 27 10 13 14 26 5 17 
-3 -23 5 17 21 5 -22 17 13 26 8 -10 12 9 9 2 20 12 12 17 
-4 20 -28 11 6 2 2 20 0 6 11 23 27 13 -27 14 -14 25 1 7 
7 1 25 -14 14 -27 13 27 23 11 6 0 20 2 2 6 11 -28 20 -4 
17 12 12 20 2 9 9 12 -10 8 26 13 17 -22 5 21 17 5 -23 -3 
17 5 26 14 13 10 27 12 0 22 10 11 26 -9 9 -11 10 -8 -22 -26 
-6 -2 23 24 -3 4 16 -22 -8 20 13 9 18 27 21 17 0 -14 -10 0 
10 3 -17 12 10 8 25 20 0 10 18 2 26 14 26 7 26 -16 19 7 
5 15 -24 17 8 11 5 28 -5 7 17 -13 17 7 3 8 -8 2 -23 11 
-23 8 24 -8 20 21 15 27 21 12 17 11 -25 21 21 13 25 7 -1 -19 
21 -22 22 18 19 -24 3 3 25 2 -25 15 21 23 -5 21 -12 0 -7 9 
16 1 -13 10 6 17 3 20 3 -3 6 -4 -25 -17 -12 27 14 -26 3 16 
17 0 15 -17 14 -3 -21 14 -19 26 -19 4 21 -28 19 16 -25 25 -10 7 
37
8
16 1
10 3
3 14
19 14
15 12
11 16
10 14
6 17
3 18
9 16
16 5
0 5
4 7
8 3
9 5
13 2
6
16 4 8
15 4 8
14 13 9
3 15 8
4 15 8
5 6 9
36
1 6
13 19
0 8
8 4
7 6
16 2
0 15
15 3
16 6
16 8
4 17
11 17
3 4
4 10
18 11
15 6
13 11
4 6
18 13
6 0
19 11
11 15
12 13
3 17
19 4
4 16
3 13
3 11
15 2
8 2
16 15
15 9
1 8
4 13
6 8
15 13
