20 20
7 3 6 4 3 3 6 2 2 5 1 7 2 -1 5 3 -2 3 3 6 
5 1 6 -5 6 3 5 5 7 -3 6 -1 0 7 -4 6 7 3 1 -3 
3 7 5 -6 6 5 6 5 7 7 4 4 5 4 6 -2 -4 6 5 -7 
-5 -1 2 3 4 2 2 2 -1 0 -2 1 6 2 6 3 4 -4 5 7 
-7 6 4 -7 5 6 -2 0 6 6 -7 3 0 4 -7 1 4 1 5 1 
5 3 1 7 6 -1 7 7 4 2 2 7 -7 3 4 7 3 -2 4 2 
0 5 6 -6 -5 0 -5 -6 5 1 2 4 0 5 5 7 1 7 4 6 
4 6 6 7 3 -5 0 6 -4 6 3 2 6 -1 0 1 6 0 4 1 
-6 6 5 6 1 7 -3 3 -1 4 -2 6 -6 -2 2 -4 3 -5 2 1 
4 4 4 4 3 6 5 -3 5 -6 1 -2 -4 0 0 -1 7 -1 2 7 
7 2 -1 7 -1 0 0 -4 -2 1 -6 5 -3 5 6 3 4 4 4 4 
1 2 -5 3 -4 2 -2 -6 6 -2 4 -1 3 -3 7 1 6 5 6 -6 
1 4 0 6 1 0 -1 6 2 3 6 -4 6 0 -5 3 7 6 6 4 
6 4 7 1 7 5 5 0 4 2 1 5 -6 -5 0 -5 -6 6 5 0 
2 4 -2 3 7 4 3 -7 7 2 2 4 7 7 -1 6 7 1 3 5 
1 5 1 4 1 -7 4 0 3 -7 6 6 0 -2 6 5 -7 4 6 -7 
7 5 -4 4 3 6 2 6 1 -2 0 -1 2 2 2 4 3 2 -1 -5 
-7 5 6 -4 -2 6 4 5 4 4 7 7 5 6 5 6 -6 5 7 3 
-3 1 3 7 6 -4 7 0 -1 6 -3 7 5 5 3 6 -5 6 1 5 
6 3 3 -2 3 5 -1 2 7 1 5 2 2 6 3 3 4 6 3 7 
30
5
4 6
8 4
16 13
12 16
19 8
15 13
11 15
3 6
7 3
0 11
16
17 6 8
6 19 13
5 11 11
10 18 9
9 14 8
13 2 14
6 16 14
1 3 14
2 13 8
13 0 13
14 8 11
9 1 9
10 5 8
6 17 14
13 3 14
18 16 14
26
14 9
10 9
0 4
16 15
15 1
7 2
12 11
1 12
17 18
18 9
6 0
15 17
5 13
5 10
9 10
19 15
3 4
4 18
12 17
7 8
18 7
2 1
1 10
13 19
4 2
14 6
