20 20
19 0 4 10 22 -13 18 9 15 1 -6 20 18 -10 -4 -22 15 8 6 18 
-21 8 -8 5 6 8 14 4 21 15 22 21 -18 -10 3 -16 7 6 -21 4 
13 18 -18 22 15 15 -15 -11 4 0 22 18 15 -18 21 5 20 10 -13 17 
8 22 6 2 18 1 19 -17 -21 20 17 -20 17 -18 5 15 22 12 13 -3 
6 21 6 16 15 1 22 7 2 15 17 14 19 -17 16 1 3 5 -22 22 
1 13 9 13 -9 22 0 -18 15 5 19 7 19 15 6 2 15 3 11 -5 
2 13 16 -15 5 20 2 19 -11 13 -15 22 9 1 5 9 14 22 -7 -5 
15 4 10 -6 10 -7 15 14 22 -16 3 6 5 8 10 3 22 14 2 22 
-1 8 -2 1 -4 22 12 -14 -22 8 18 7 -6 18 -17 22 13 21 14 20 
0 15 7 14 11 -22 1 3 21 1 10 17 17 -10 -10 18 3 1 19 6 
6 19 1 3 18 -10 -10 17 17 10 1 21 3 1 -22 11 14 7 15 0 
20 14 21 13 22 -17 18 -6 7 18 8 -22 -14 12 22 -4 1 -2 8 -1 
22 2 14 22 3 10 8 5 6 3 -16 22 14 15 -7 10 -6 10 4 15 
-5 -7 22 14 9 5 1 9 22 -15 13 -11 19 2 20 5 -15 16 13 2 
-5 11 3 15 2 6 15 19 7 19 5 15 -18 0 22 -9 13 9 13 1 
22 -22 5 3 1 16 -17 19 14 17 15 2 7 22 1 15 16 6 21 6 
-3 13 12 22 15 5 -18 17 -20 17 20 -21 -17 19 1 18 2 6 22 8 
17 -13 10 20 5 21 -18 15 18 22 0 4 -11 -15 15 15 22 -18 18 13 
4 -21 6 7 -16 3 -10 -18 21 22 15 21 4 14 8 6 5 -8 8 -21 
18 6 8 15 -22 -4 -10 18 20 -6 1 15 9 18 -13 22 10 4 0 19 
39
8
8 2
8 11
7 0
8 4
9 16
4 10
19 3
9 10
11 17
11 8
12 19
11 15
10 3
15 9
0 16
10 9
14
16 5 9
18 14 14
11 2 16
15 7 13
17 5 14
16 2 15
8 0 14
3 14 9
1 5 14
8 17 16
4 12 13
2 14 14
3 17 15
11 19 14
36
14 6
16 3
10 17
18 10
9 19
5 8
7 10
4 0
8 16
0 4
13 6
0 5
13 16
4 7
3 2
18 3
10 2
18 2
5 13
3 16
9 2
1 9
10 0
14 11
12 9
15 19
11 3
19 15
6 13
19 14
6 3
15 12
16 17
1 16
9 17
1 17
