20 20
3 -2 1 0 5 0 1 4 5 -1 -2 5 4 6 1 3 3 5 -6 3 
0 6 0 3 2 6 5 4 2 -4 6 1 4 5 5 3 5 5 3 -5 
-1 5 5 5 2 6 2 1 1 4 4 0 -3 1 5 6 4 4 0 3 
6 0 1 5 -3 2 3 3 1 -1 6 6 0 3 4 -5 6 -3 -2 -3 
1 -6 0 2 4 2 -5 -3 -6 -4 6 0 -5 5 -5 2 0 1 0 -4 
3 -4 6 3 -1 4 6 -5 2 6 6 4 4 -4 6 3 -3 -4 2 6 
0 5 2 4 0 6 5 1 0 4 -4 4 3 6 -5 -2 1 5 -5 5 
5 0 0 5 2 -5 2 6 -6 6 -6 -5 3 2 4 0 -5 6 -3 -5 
-3 6 1 4 2 4 3 2 3 -2 -3 -5 2 6 -4 1 0 0 1 6 
4 2 5 4 2 5 -6 1 5 4 -5 5 1 1 3 0 0 6 2 5 
5 2 6 0 0 3 1 1 5 -5 4 5 1 -6 5 2 4 5 2 4 
6 1 0 0 1 -4 6 2 -5 -3 -2 3 2 3 4 2 4 1 6 -3 
-5 -3 6 -5 0 4 2 3 -5 -6 6 -6 6 2 -5 2 5 0 0 5 
5 -5 5 1 -2 -5 6 3 4 -4 4 0 1 5 6 0 4 2 5 0 
6 2 -4 -3 3 6 -4 4 4 6 6 2 -5 6 4 -1 3 6 -4 3 
-4 0 1 0 2 -5 5 -5 0 6 -4 -6 -3 -5 2 4 2 0 -6 1 
-3 -2 -3 6 -5 4 3 0 6 6 -1 1 3 3 2 -3 5 1 0 6 
3 0 4 4 6 5 1 -3 0 4 4 1 1 2 6 2 5 5 5 -1 
-5 3 5 5 3 5 5 4 1 6 -4 2 4 5 6 2 3 0 6 0 
3 -6 5 3 3 1 6 4 5 -2 -1 5 4 1 0 5 0 1 -2 3 
42
2
6 13
0 10
13 6
19 9
20
7 17 16
19 13 9
5 0 14
12 5 11
10 15 15
0 19 9
7 15 13
9 8 15
3 17 9
2 12 13
12 2 16
0 6 9
14 19 14
7 14 11
9 4 15
19 0 9
12 4 13
10 11 15
16 2 9
17 7 13
30
11 19
0 17
0 4
13 10
8 10
11 17
15 4
5 14
4 9
16 3
10 1
6 15
18 1
16 8
5 8
8 0
19 2
19 15
6 9
11 9
8 2
4 15
14 5
15 10
3 16
9 18
13 4
1 18
3 11
14 11
