20 20
9 0 -14 13 6 8 -13 13 7 13 13 5 1 3 6 1 14 10 -5 2 
14 -3 14 -5 -2 0 2 11 13 12 -2 3 10 -12 9 5 8 10 11 -2 
7 11 12 15 -10 -12 1 -15 10 -1 -10 -13 12 2 -11 8 3 8 14 -3 
8 9 -9 15 -13 1 0 -4 9 -3 7 1 5 11 7 10 2 6 -11 1 
3 10 5 -5 12 -13 2 -11 10 13 14 -13 1 12 10 7 4 13 14 14 
7 13 -8 14 -4 -8 2 4 1 11 11 -5 9 6 15 -13 -9 14 6 -14 
14 14 -12 3 -5 -9 3 13 12 -13 -14 7 9 0 4 2 8 -12 13 12 
-4 -2 5 -13 -4 -14 12 8 2 15 5 8 10 8 -11 -6 2 8 10 11 
-5 -4 -8 10 15 11 -1 3 10 7 -2 -15 4 -3 0 10 12 -8 8 3 
11 4 7 13 6 12 6 3 6 7 11 12 14 15 4 6 -10 8 12 1 
1 12 8 -10 6 4 15 14 12 11 7 6 3 6 12 6 13 7 4 11 
3 8 -8 12 10 0 -3 4 -15 -2 7 10 3 -1 11 15 10 -8 -4 -5 
11 10 8 2 -6 -11 8 10 8 5 15 2 8 12 -14 -4 -13 5 -2 -4 
12 13 -12 8 2 4 0 9 7 -14 -13 12 13 3 -9 -5 3 -12 14 14 
-14 6 14 -9 -13 15 6 9 -5 11 11 1 4 2 -8 -4 14 -8 13 7 
14 14 13 4 7 10 12 1 -13 14 13 10 -11 2 -13 12 -5 5 10 3 
1 -11 6 2 10 7 11 5 1 7 -3 9 -4 0 1 -13 15 -9 9 8 
-3 14 8 3 8 -11 2 12 -13 -10 -1 10 -15 1 -12 -10 15 12 11 7 
-2 11 10 8 5 9 -12 10 3 -2 12 13 11 2 0 -2 -5 14 -3 14 
2 -5 10 14 1 6 3 1 5 13 13 7 13 -13 8 6 13 -14 0 9 
48
5
2 1
19 10
16 10
3 15
8 5
17 18
0 9
3 9
16 4
11 14
18
4 7 12
19 9 14
16 11 11
13 18 13
1 18 14
1 11 16
17 12 9
2 17 11
14 4 12
15 12 12
0 10 14
3 8 11
6 1 13
18 1 14
18 8 16
2 7 9
17 2 11
5 15 12
32
14 15
15 2
1 2
10 5
8 18
8 6
13 8
11 17
14 0
18 16
18 19
13 11
0 17
4 9
12 14
13 0
5 4
4 17
18 17
9 14
11 1
11 13
6 11
8 2
5 19
1 3
1 0
6 8
19 2
15 10
7 5
6 19
