20 20
3 -4 3 2 1 2 4 2 3 4 4 0 1 2 1 2 1 -4 1 -2 
3 3 -1 4 -3 -3 -2 2 3 4 1 3 1 3 0 3 -4 1 2 2 
3 -4 1 2 2 3 0 2 1 -3 4 3 1 -4 1 0 3 3 3 -2 
0 0 -4 -2 2 -2 2 4 0 1 0 1 1 3 2 -4 4 -3 3 4 
3 4 -2 -4 3 0 -1 1 1 -2 3 1 1 2 1 1 4 4 4 0 
4 -1 1 4 -3 -4 -3 2 -1 4 -1 -2 4 0 1 -2 3 2 1 0 
0 4 4 -2 2 0 4 4 3 3 3 3 4 3 1 -1 2 4 4 4 
2 2 -3 2 2 0 1 4 4 3 0 1 2 1 0 -1 4 -4 2 2 
4 2 -1 1 -2 4 4 4 -3 0 0 -2 2 -4 1 4 1 4 4 -2 
1 3 0 0 3 4 1 3 2 4 3 4 2 2 3 -4 3 0 3 -3 
-3 3 0 3 -4 3 2 2 4 3 4 2 3 1 4 3 0 0 3 1 
-2 4 4 1 4 1 -4 2 -2 0 0 -3 4 4 4 -2 1 -1 2 4 
2 2 -4 4 -1 0 1 2 1 0 3 4 4 1 0 2 2 -3 2 2 
4 4 4 2 -1 1 3 4 3 3 3 3 4 4 0 2 -2 4 4 0 
0 1 2 3 -2 1 0 4 -2 -1 4 -1 2 -3 -4 -3 4 1 -1 4 
0 4 4 4 1 1 2 1 1 3 -2 1 1 -1 0 3 -4 -2 4 3 
4 3 -3 4 -4 2 3 1 1 0 1 0 4 2 -2 2 -2 -4 0 0 
-2 3 3 3 0 1 -4 1 3 4 -3 1 2 0 3 2 2 1 -4 3 
2 2 1 -4 3 0 3 1 3 1 4 3 2 -2 -3 -3 4 -1 3 3 
-2 1 -4 1 2 1 2 1 0 4 4 3 2 4 2 1 2 3 -4 3 
46
8
14 17
8 1
7 1
0 15
2 3
0 5
13 3
16 10
5 2
11 18
12 18
19 4
17 16
19 14
6 16
3 9
18
12 19 9
19 6 9
18 15 11
6 4 12
0 3 14
2 12 8
7 9 14
2 18 14
3 13 8
7 0 9
0 13 9
1 4 11
13 15 12
19 16 14
17 7 8
12 10 14
17 1 14
16 6 8
34
11 8
4 8
9 5
6 11
8 7
7 11
1 17
18 5
6 5
11 13
15 6
14 9
7 17
16 5
19 2
12 11
17 11
8 11
15 11
10 14
13 8
11 12
12 8
18 2
1 14
13 14
8 6
4 13
5 10
12 2
3 14
0 17
7 8
2 8
