20 20
1 2 19 19 -12 19 2 22 16 2 8 10 20 -15 11 19 12 16 -18 19 
22 2 18 14 8 -9 4 4 -8 18 20 10 -11 4 17 18 -6 1 5 21 
-7 16 4 18 14 8 -3 15 13 2 -13 -21 1 -4 1 -22 6 -7 21 -9 
6 12 17 -3 -22 5 16 -11 20 21 5 11 17 -22 22 2 3 -4 4 12 
12 5 -15 19 22 11 21 -11 2 -15 4 3 -21 17 4 11 9 -12 8 -12 
-10 -11 8 -8 22 6 2 2 7 -8 18 15 11 12 20 15 16 14 -17 21 
3 3 -11 21 14 14 9 -10 18 9 14 -2 -5 12 -15 2 6 11 8 3 
3 12 4 14 21 10 9 4 7 18 -17 3 11 13 -17 -13 17 -5 17 3 
9 8 17 7 19 0 12 21 -16 1 3 3 4 21 10 -16 14 -22 11 17 
17 22 -4 -19 17 11 7 10 22 5 4 4 11 11 13 16 20 4 3 5 
5 3 4 20 16 13 11 11 4 4 5 22 10 7 11 17 -19 -4 22 17 
17 11 -22 14 -16 10 21 4 3 3 1 -16 21 12 0 19 7 17 8 9 
3 17 -5 17 -13 -17 13 11 3 -17 18 7 4 9 10 21 14 4 12 3 
3 8 11 6 2 -15 12 -5 -2 14 9 18 -10 9 14 14 21 -11 3 3 
21 -17 14 16 15 20 12 11 15 18 -8 7 2 2 6 22 -8 8 -11 -10 
-12 8 -12 9 11 4 17 -21 3 4 -15 2 -11 21 11 22 19 -15 5 12 
12 4 -4 3 2 22 -22 17 11 5 21 20 -11 16 5 -22 -3 17 12 6 
-9 21 -7 6 -22 1 -4 1 -21 -13 2 13 15 -3 8 14 18 4 16 -7 
21 5 1 -6 18 17 4 -11 10 20 18 -8 4 4 -9 8 14 18 2 22 
19 -18 16 12 19 11 -15 20 10 8 2 16 22 2 19 -12 19 19 2 1 
37
8
13 12
1 18
8 2
11 13
3 18
15 18
9 19
8 15
6 7
18 1
11 17
8 6
16 1
4 1
10 0
11 4
12
0 4 12
16 6 16
6 1 11
17 18 11
15 13 14
10 3 16
19 15 12
3 13 16
13 18 11
2 1 11
4 6 14
9 16 16
30
10 17
2 15
6 5
1 13
3 14
15 9
8 1
13 8
17 8
10 5
5 2
1 0
14 15
3 19
5 18
9 2
17 4
13 14
18 6
16 5
4 10
11 18
6 11
2 11
9 14
14 17
18 19
5 4
16 0
14 1
