20 20
12 12 -6 13 -5 -17 18 10 -12 12 0 16 -9 2 12 -1 14 -7 -4 5 
5 7 4 10 15 8 17 18 15 6 -8 3 17 13 14 6 4 3 10 -18 
11 -2 18 18 11 0 9 14 10 12 4 6 9 12 -7 -9 8 9 15 6 
15 12 -2 11 -13 -17 18 2 7 2 5 18 14 -11 6 7 11 12 4 -8 
18 15 -9 -15 15 14 -1 6 11 6 -7 7 10 5 1 14 1 2 4 2 
-18 16 11 7 -16 16 6 12 7 -2 14 -3 6 -15 16 3 6 -10 4 7 
11 15 -6 13 14 16 11 6 4 7 13 -12 -1 12 -5 4 -11 16 13 -6 
-10 6 8 1 1 5 16 10 1 10 16 13 -3 6 2 -18 -11 2 1 18 
6 4 13 8 12 5 13 16 17 15 -12 12 -1 10 -16 1 3 -10 9 16 
7 -10 4 10 17 6 -8 4 8 15 18 18 -8 -13 11 -13 17 -9 -2 18 
18 -2 -9 17 -13 11 -13 -8 18 18 15 8 4 -8 6 17 10 4 -10 7 
16 9 -10 3 1 -16 10 -1 12 -12 15 17 16 13 5 12 8 13 4 6 
18 1 2 -11 -18 2 6 -3 13 16 10 1 10 16 5 1 1 8 6 -10 
-6 13 16 -11 4 -5 12 -1 -12 13 7 4 6 11 16 14 13 -6 15 11 
7 4 -10 6 3 16 -15 6 -3 14 -2 7 12 6 16 -16 7 11 16 -18 
2 4 2 1 14 1 5 10 7 -7 6 11 6 -1 14 15 -15 -9 15 18 
-8 4 12 11 7 6 -11 14 18 5 2 7 2 18 -17 -13 11 -2 12 15 
6 15 9 8 -9 -7 12 9 6 4 12 10 14 9 0 11 18 18 -2 11 
-18 10 3 4 6 14 13 17 3 -8 6 15 18 17 8 15 10 4 7 5 
5 -4 -7 14 -1 12 2 -9 16 0 12 -12 10 18 -17 -5 13 -6 12 12 
60
3
11 18
8 10
7 1
8 1
11 9
12 18
6
14 18 15
7 6 13
17 11 12
5 1 15
12 13 13
2 8 12
32
10 14
3 2
3 11
4 3
15 6
18 9
18 3
8 4
5 3
12 17
17 19
16 3
12 7
4 12
0 7
9 17
9 5
16 17
16 8
15 16
4 13
1 10
1 16
11 15
14 16
7 2
2 0
3 16
7 12
15 7
19 12
10 2
