20 20
-4 23 -1 18 15 22 5 -17 20 14 9 16 24 11 7 -9 14 -10 -10 17 
26 -17 -16 16 22 -24 13 24 12 -14 15 0 6 10 24 -20 15 -6 1 26 
23 11 24 23 3 -13 23 10 18 -19 -24 5 26 6 0 -16 -17 -22 -23 -18 
12 -24 13 18 6 -14 24 26 13 -4 3 -5 26 19 22 3 7 8 23 -11 
-11 13 16 -25 6 23 12 23 14 -9 8 7 20 -4 19 -25 -16 7 19 0 
21 -20 -2 18 -23 23 13 -23 -21 18 23 -24 -9 1 -19 10 4 22 22 -8 
5 24 -22 14 7 -2 17 22 4 -12 -18 22 -8 13 24 12 10 3 2 -1 
-22 1 17 -5 0 -1 3 -6 0 7 2 -6 11 9 8 19 13 -3 3 -3 
22 21 18 3 9 20 7 1 1 5 26 11 15 6 24 -2 23 -15 18 -2 
25 26 23 22 2 22 -18 0 8 24 21 -19 -20 5 -21 19 -26 8 -11 -10 
-10 -11 8 -26 19 -21 5 -20 -19 21 24 8 0 -18 22 2 22 23 26 25 
-2 18 -15 23 -2 24 6 15 11 26 5 1 1 7 20 9 3 18 21 22 
-3 3 -3 13 19 8 9 11 -6 2 7 0 -6 3 -1 0 -5 17 1 -22 
-1 2 3 10 12 24 13 -8 22 -18 -12 4 22 17 -2 7 14 -22 24 5 
-8 22 22 4 10 -19 1 -9 -24 23 18 -21 -23 13 23 -23 18 -2 -20 21 
0 19 7 -16 -25 19 -4 20 7 8 -9 14 23 12 23 6 -25 16 13 -11 
-11 23 8 7 3 22 19 26 -5 3 -4 13 26 24 -14 6 18 13 -24 12 
-18 -23 -22 -17 -16 0 6 26 5 -24 -19 18 10 23 -13 3 23 24 11 23 
26 1 -6 15 -20 24 10 6 0 15 -14 12 24 13 -24 22 16 -16 -17 26 
17 -10 -10 14 -9 7 11 24 16 9 14 20 -17 5 22 15 18 -1 23 -4 
41
4
11 16
7 19
10 4
15 8
8 3
12 0
9 15
4 11
6
13 12 16
7 1 10
5 10 15
6 7 16
12 18 10
14 9 15
38
0 15
15 3
13 5
12 14
11 7
0 13
0 3
10 14
6 3
2 6
4 5
9 1
2 9
12 19
10 15
18 16
2 0
19 11
12 15
19 4
4 16
6 14
7 5
8 12
19 6
19 16
9 5
13 16
17 13
15 14
10 18
17 10
7 0
9 4
1 3
17 19
0 8
7 4
