20 20
12 2 9 0 7 -14 -8 12 -7 -9 11 15 3 12 0 5 18 -4 2 10 
-9 5 -5 5 6 -9 -8 11 15 2 5 5 2 -12 11 11 18 18 2 5 
13 14 7 -17 5 6 12 17 5 17 12 -4 3 12 18 0 7 15 4 0 
1 8 5 10 4 5 13 6 15 17 -1 14 18 5 1 -11 0 -4 -2 2 
8 -3 9 15 15 -11 8 -2 -2 13 -14 8 9 1 -13 1 -8 -5 -17 7 
18 13 9 9 -6 4 14 -10 8 13 -16 15 9 12 11 6 2 14 16 13 
3 7 11 12 5 14 -7 -11 16 4 -17 3 1 6 -12 -3 -12 -17 13 7 
5 12 16 -8 -13 15 2 3 12 17 7 15 15 -12 4 -10 8 -9 -7 -1 
18 9 12 0 14 -15 8 2 -15 -7 18 -18 4 -3 0 10 4 8 9 10 
-14 0 10 4 13 9 4 9 -2 -17 13 8 11 7 10 15 5 7 14 10 
10 14 7 5 15 10 7 11 8 13 -17 -2 9 4 9 13 4 10 0 -14 
10 9 8 4 10 0 -3 4 -18 18 -7 -15 2 8 -15 14 0 12 9 18 
-1 -7 -9 8 -10 4 -12 15 15 7 17 12 3 2 15 -13 -8 16 12 5 
7 13 -17 -12 -3 -12 6 1 3 -17 4 16 -11 -7 14 5 12 11 7 3 
13 16 14 2 6 11 12 9 15 -16 13 8 -10 14 4 -6 9 9 13 18 
7 -17 -5 -8 1 -13 1 9 8 -14 13 -2 -2 8 -11 15 15 9 -3 8 
2 -2 -4 0 -11 1 5 18 14 -1 17 15 6 13 5 4 10 5 8 1 
0 4 15 7 0 18 12 3 -4 12 17 5 17 12 6 5 -17 7 14 13 
5 2 18 18 11 11 -12 2 5 5 2 15 11 -8 -9 6 5 -5 5 -9 
10 2 -4 18 5 0 12 3 15 11 -9 -7 12 -8 -14 7 0 9 2 12 
42
4
10 1
18 12
2 3
10 3
9 18
1 7
17 16
9 16
12
7 9 10
17 2 10
5 0 14
2 19 15
12 13 11
11 12 16
12 10 10
2 17 10
14 19 14
17 0 15
7 6 11
8 7 16
26
4 0
18 7
0 18
14 10
14 8
1 19
8 10
19 13
5 15
4 2
1 5
18 17
13 5
15 19
1 12
19 1
5 9
5 11
18 0
11 9
0 6
14 4
15 17
18 14
1 2
6 14
