20 20
11 8 -3 7 2 1 -4 2 3 2 9 -9 9 14 12 -13 10 3 -11 -11 
1 11 5 1 10 13 9 -6 4 8 7 5 14 4 8 8 13 6 5 13 
11 6 1 9 13 13 9 2 6 12 -10 0 -4 2 12 1 -2 8 8 12 
11 11 7 11 12 3 -5 6 14 10 9 2 3 11 5 2 3 -1 13 9 
9 2 -8 13 12 12 6 14 -4 -4 12 7 11 10 6 5 10 -4 8 2 
11 8 6 -1 6 7 14 1 2 1 2 3 2 -3 12 2 1 -14 13 -8 
2 9 13 2 5 5 -6 5 3 11 2 6 4 2 7 -7 -7 9 4 -6 
6 4 1 12 6 -12 -13 -14 3 8 4 -11 9 8 3 14 6 4 10 4 
9 13 -11 7 -9 5 5 -14 9 7 8 -11 -6 -3 2 5 4 -4 5 9 
4 1 6 -8 14 9 -11 7 10 9 12 7 4 1 12 8 10 -6 -8 -8 
-8 -8 -6 10 8 12 1 4 7 12 9 10 7 -11 9 14 -8 6 1 4 
9 5 -4 4 5 2 -3 -6 -11 8 7 9 -14 5 5 -9 7 -11 13 9 
4 10 4 6 14 3 8 9 -11 4 8 3 -14 -13 -12 6 12 1 4 6 
-6 4 9 -7 -7 7 2 4 6 2 11 3 5 -6 5 5 2 13 9 2 
-8 13 -14 1 2 12 -3 2 3 2 1 2 1 14 7 6 -1 6 8 11 
2 8 -4 10 5 6 10 11 7 12 -4 -4 14 6 12 12 13 -8 2 9 
9 13 -1 3 2 5 11 3 2 9 10 14 6 -5 3 12 11 7 11 11 
12 8 8 -2 1 12 2 -4 0 -10 12 6 2 9 13 13 9 1 6 11 
13 5 6 13 8 8 4 14 5 7 8 4 -6 9 13 10 1 5 11 1 
-11 -11 3 10 -13 12 14 9 -9 9 2 3 2 -4 1 2 7 -3 8 11 
55
5
3 18
6 15
15 3
11 6
16 0
16 1
13 4
4 16
8 13
3 19
8
16 13 9
12 14 13
17 6 8
19 1 10
3 6 9
7 5 13
2 13 8
0 18 10
30
16 10
4 13
8 10
14 16
19 6
0 7
7 11
3 16
13 11
18 11
10 18
0 17
10 11
2 6
10 4
3 9
15 6
11 9
5 3
0 13
19 12
12 8
16 3
6 8
1 8
9 1
19 2
9 8
17 13
9 15
