20 20
2 2 1 2 2 2 3 3 1 1 3 0 3 -3 3 3 2 3 2 3 
1 3 2 1 1 -1 1 0 1 3 3 2 1 3 0 3 3 2 1 3 
2 3 3 1 -3 1 -2 3 1 3 2 1 1 3 -2 3 -2 2 0 1 
0 1 2 2 -1 -2 3 3 1 -2 2 3 -3 -1 1 3 -1 1 0 1 
1 2 0 -2 1 3 1 3 3 1 0 0 3 0 0 -3 2 3 -3 -1 
-1 3 3 2 3 3 -2 2 2 2 3 0 1 2 2 3 2 1 1 -1 
-2 2 3 -1 0 1 2 1 1 0 -3 2 -3 1 1 -3 3 3 -3 2 
0 1 1 2 2 0 3 2 -3 0 3 2 3 3 0 2 0 3 2 -3 
2 -2 0 2 3 -1 -3 3 -3 1 2 3 3 3 -1 1 2 3 1 1 
0 -2 2 -1 3 2 -2 1 1 1 2 3 2 2 0 1 3 3 1 -1 
-1 1 3 3 1 0 2 2 3 2 1 1 1 -2 2 3 -1 2 -2 0 
1 1 3 2 1 -1 3 3 3 2 1 -3 3 -3 -1 3 2 0 -2 2 
-3 2 3 0 2 0 3 3 2 3 0 -3 2 3 0 2 2 1 1 0 
2 -3 3 3 -3 1 1 -3 2 -3 0 1 1 2 1 0 -1 3 2 -2 
-1 1 1 2 3 2 2 1 0 3 2 2 2 -2 3 3 2 3 3 -1 
-1 -3 3 2 -3 0 0 3 0 0 1 3 3 1 3 1 -2 0 2 1 
1 0 1 -1 3 1 -1 -3 3 2 -2 1 3 3 -2 -1 2 2 1 0 
1 0 2 -2 3 -2 3 1 1 2 3 1 3 -2 1 -3 1 3 3 2 
3 1 2 3 3 0 3 1 2 3 3 1 0 1 -1 1 1 2 3 1 
3 2 3 2 3 3 -3 3 0 3 1 1 3 3 2 2 2 1 2 2 
35
7
1 3
11 10
6 16
8 11
10 15
2 16
8 7
18 16
8 9
13 3
11 8
9 4
17 3
11 12
18
6 17 11
12 11 10
16 5 14
3 11 16
11 2 9
17 19 14
4 7 10
5 4 13
7 3 16
13 2 11
7 8 10
3 14 14
16 8 16
8 17 9
2 0 14
15 12 10
14 15 13
12 16 16
38
16 12
4 1
15 10
5 9
15 16
16 7
12 9
5 8
8 0
19 0
0 4
19 10
11 1
10 16
11 4
9 1
12 2
16 6
12 14
3 7
15 18
4 9
14 10
4 3
3 12
7 10
14 11
11 19
0 19
19 15
0 9
8 18
9 3
8 15
10 18
7 17
3 13
7 5
