20 20
8 1 16 -18 -12 -18 4 12 11 15 9 -1 18 8 13 8 -2 1 -13 -2 
-5 16 11 3 3 2 18 9 3 1 14 13 12 -3 12 17 7 11 14 13 
1 2 0 -10 20 15 17 -2 15 -2 -5 9 -11 10 13 4 15 2 8 -12 
9 -18 9 20 14 -5 20 11 18 9 7 -18 10 -11 -11 7 -6 -20 14 7 
-20 -2 -10 3 20 -7 6 -8 17 -20 12 4 8 6 -18 17 7 -3 8 8 
4 18 10 -3 14 -12 8 19 9 16 19 16 2 1 -20 -8 -17 1 10 4 
0 2 19 13 7 11 6 -16 18 10 11 15 0 7 -16 -6 -1 4 15 -9 
6 2 20 15 3 -16 18 19 1 9 11 16 18 -19 15 8 3 18 -18 -2 
15 1 14 2 7 11 -12 18 4 19 9 4 -20 -4 4 7 6 19 9 20 
16 3 -18 3 16 5 6 14 2 1 11 19 9 11 -3 6 17 20 3 7 
7 3 20 17 6 -3 11 9 19 11 1 2 14 6 5 16 3 -18 3 16 
20 9 19 6 7 4 -4 -20 4 9 19 4 18 -12 11 7 2 14 1 15 
-2 -18 18 3 8 15 -19 18 16 11 9 1 19 18 -16 3 15 20 2 6 
-9 15 4 -1 -6 -16 7 0 15 11 10 18 -16 6 11 7 13 19 2 0 
4 10 1 -17 -8 -20 1 2 16 19 16 9 19 8 -12 14 -3 10 18 4 
8 8 -3 7 17 -18 6 8 4 12 -20 17 -8 6 -7 20 3 -10 -2 -20 
7 14 -20 -6 7 -11 -11 10 -18 7 9 18 11 20 -5 14 20 9 -18 9 
-12 8 2 15 4 13 10 -11 9 -5 -2 15 -2 17 15 20 -10 0 2 1 
13 14 11 7 17 12 -3 12 13 14 1 3 9 18 2 3 3 11 16 -5 
-2 -13 1 -2 8 13 8 18 -1 9 15 11 12 4 -18 -12 -18 16 1 8 
38
4
0 11
1 3
5 8
7 16
19 8
18 16
14 11
12 3
8
16 17 16
15 2 13
11 6 13
10 0 10
3 2 16
4 17 13
8 13 13
9 19 10
28
8 7
16 10
8 0
15 16
11 5
15 18
16 8
4 14
18 5
15 12
12 17
9 4
10 14
19 7
11 12
3 9
11 19
4 3
8 14
4 1
3 11
15 5
1 14
4 7
7 2
10 15
9 5
0 12
