20 20
-8 11 10 -4 10 -10 -3 10 5 7 9 -8 12 2 10 4 10 8 -9 12 
5 5 0 2 1 6 2 4 2 -4 -5 5 8 -10 11 0 8 11 3 -9 
1 7 -8 11 -7 4 -12 8 5 3 2 9 7 11 9 -9 3 8 10 -1 
11 5 10 2 8 4 6 1 12 4 11 8 9 4 -4 0 9 6 1 10 
3 9 -5 1 3 -1 -6 4 11 -1 -12 11 -11 10 0 12 -6 4 -4 12 
7 8 4 9 -5 -6 6 5 -6 7 4 2 11 2 5 -8 7 4 11 -1 
3 9 8 -11 -11 -8 9 5 12 -5 2 7 8 7 9 3 11 8 12 5 
2 -12 9 7 10 12 -9 5 -7 11 10 6 8 5 10 12 2 3 4 -9 
1 10 -5 -1 -2 4 5 11 -7 6 4 1 12 5 -2 6 -6 2 -8 8 
11 11 1 3 8 8 -12 -5 10 7 -12 1 5 2 -1 -11 12 9 9 -1 
-1 9 9 12 -11 -1 2 5 1 -12 7 10 -5 -12 8 8 3 1 11 11 
8 -8 2 -6 6 -2 5 12 1 4 6 -7 11 5 4 -2 -1 -5 10 1 
-9 4 3 2 12 10 5 8 6 10 11 -7 5 -9 12 10 7 9 -12 2 
5 12 8 11 3 9 7 8 7 2 -5 12 5 9 -8 -11 -11 8 9 3 
-1 11 4 7 -8 5 2 11 2 4 7 -6 5 6 -6 -5 9 4 8 7 
12 -4 4 -6 12 0 10 -11 11 -12 -1 11 4 -6 -1 3 1 -5 9 3 
10 1 6 9 0 -4 4 9 8 11 4 12 1 6 4 8 2 10 5 11 
-1 10 8 3 -9 9 11 7 9 2 3 5 8 -12 4 -7 11 -8 7 1 
-9 3 11 8 0 11 -10 8 5 -5 -4 2 4 2 6 1 2 0 5 5 
12 -9 8 10 4 10 2 12 -8 9 7 5 10 -3 -10 10 -4 10 11 -8 
41
5
0 17
7 5
1 4
18 11
9 8
19 2
12 14
18 15
1 8
10 11
12
12 18 14
8 13 14
2 8 15
7 16 12
0 19 12
19 9 13
7 1 14
11 6 14
17 11 15
12 3 12
19 0 12
0 10 13
26
17 15
13 8
8 1
19 7
18 6
0 6
11 14
13 0
13 3
4 2
7 19
5 0
5 10
2 4
6 11
11 18
0 12
1 13
19 13
8 5
6 19
6 16
15 17
12 0
14 19
14 9
