20 20
13 -20 15 18 -1 12 17 4 7 -5 18 24 3 1 1 -20 -3 6 16 21 
9 22 13 27 6 1 -17 19 0 14 -1 -22 25 22 -17 11 -12 10 22 1 
10 -19 8 12 26 6 13 25 21 25 22 5 12 12 10 6 12 16 2 26 
-18 17 9 27 18 16 22 8 20 15 -16 17 26 1 10 4 16 -17 14 -9 
19 22 -3 4 8 16 2 16 9 -17 25 -27 14 8 6 17 17 14 1 8 
24 4 -10 18 -6 18 4 26 1 26 16 10 1 6 24 7 16 5 23 14 
-19 5 19 -7 0 17 3 1 22 8 13 11 -6 3 1 10 12 15 8 16 
24 9 11 6 10 7 -20 1 12 12 20 2 15 12 26 17 -22 0 11 24 
1 18 -2 12 5 2 11 11 -2 25 1 23 13 26 16 5 19 21 26 27 
8 7 5 21 11 -12 23 26 4 -11 7 25 16 -8 16 10 -5 4 -2 0 
0 -2 4 -5 10 16 -8 16 25 7 -11 4 26 23 -12 11 21 5 7 8 
27 26 21 19 5 16 26 13 23 1 25 -2 11 11 2 5 12 -2 18 1 
24 11 0 -22 17 26 12 15 2 20 12 12 1 -20 7 10 6 11 9 24 
16 8 15 12 10 1 3 -6 11 13 8 22 1 3 17 0 -7 19 5 -19 
14 23 5 16 7 24 6 1 10 16 26 1 26 4 18 -6 18 -10 4 24 
8 1 14 17 17 6 8 14 -27 25 -17 9 16 2 16 8 4 -3 22 19 
-9 14 -17 16 4 10 1 26 17 -16 15 20 8 22 16 18 27 9 17 -18 
26 2 16 12 6 10 12 12 5 22 25 21 25 13 6 26 12 8 -19 10 
1 22 10 -12 11 -17 22 25 -22 -1 14 0 19 -17 1 6 27 13 22 9 
21 16 6 -3 -20 1 1 3 24 18 -5 7 4 17 12 -1 18 15 -20 13 
60
3
0 19
16 11
14 2
19 0
3 8
5 17
18
17 2 13
19 15 15
18 7 11
0 18 16
18 15 12
18 12 11
17 19 15
0 17 13
11 1 9
2 17 13
0 4 15
1 12 11
19 1 16
1 4 12
1 7 11
2 0 15
19 2 13
8 18 9
26
13 1
4 18
3 11
10 17
17 1
13 12
15 7
16 7
13 6
14 7
3 18
1 0
11 12
6 18
15 1
16 8
9 2
2 18
6 7
4 12
3 12
6 13
5 12
16 1
18 19
8 7
