20 20
-9 -11 -9 8 8 19 7 4 9 13 -3 -11 12 14 -17 3 16 6 12 -14 
19 6 -11 -11 7 -14 -20 -6 15 1 6 15 -17 -2 17 1 -3 0 1 17 
-11 6 -8 0 13 1 -17 6 1 4 19 5 20 -3 10 19 -10 19 5 13 
11 10 -8 12 2 10 20 8 13 20 16 7 10 -7 20 20 2 -19 2 20 
-10 -16 16 19 2 19 -2 3 7 6 15 17 19 19 -14 -11 -13 2 -10 6 
13 1 6 15 -10 2 3 -4 9 20 -4 4 9 -1 4 4 11 -13 2 8 
-10 17 19 5 1 14 2 17 -2 10 11 14 2 15 13 5 18 2 18 17 
6 20 -11 16 13 18 -7 15 9 17 -12 9 7 16 -14 6 2 10 10 11 
-20 20 14 4 0 20 3 4 4 5 7 3 18 8 -5 14 9 6 5 18 
13 3 3 12 -14 -8 17 18 13 10 18 -7 14 17 3 10 9 6 6 20 
20 6 6 9 10 3 17 14 -7 18 10 13 18 17 -8 -14 12 3 3 13 
18 5 6 9 14 -5 8 18 3 7 5 4 4 3 20 0 4 14 20 -20 
11 10 10 2 6 -14 16 7 9 -12 17 9 15 -7 18 13 16 -11 20 6 
17 18 2 18 5 13 15 2 14 11 10 -2 17 2 14 1 5 19 17 -10 
8 2 -13 11 4 4 -1 9 4 -4 20 9 -4 3 2 -10 15 6 1 13 
6 -10 2 -13 -11 -14 19 19 17 15 6 7 3 -2 19 2 19 16 -16 -10 
20 2 -19 2 20 20 -7 10 7 16 20 13 8 20 10 2 12 -8 10 11 
13 5 19 -10 19 10 -3 20 5 19 4 1 6 -17 1 13 0 -8 6 -11 
17 1 0 -3 1 17 -2 -17 15 6 1 15 -6 -20 -14 7 -11 -11 6 19 
-14 12 6 16 3 -17 14 12 -11 -3 13 9 4 7 19 8 8 -9 -11 -9 
39
4
1 6
6 3
16 12
19 14
18 13
13 16
3 7
0 5
10
2 18 10
13 6 9
6 17 13
1 16 14
9 4 16
17 1 10
6 13 9
13 2 13
18 3 14
10 15 16
36
2 7
16 13
5 3
6 7
17 11
5 0
11 18
14 1
10 9
16 4
3 9
14 4
1 10
0 7
14 0
15 4
16 15
3 17
17 12
3 6
14 16
13 12
2 8
14 19
8 1
5 18
9 10
3 15
16 10
5 15
18 9
19 12
5 19
4 15
3 4
16 2
