20 20
-5 26 12 4 0 10 8 8 25 24 -24 0 4 19 19 17 24 22 -24 3 
19 -19 20 26 -3 9 19 5 4 -7 14 4 11 19 4 -26 11 25 -3 19 
5 5 15 8 4 1 21 -26 5 16 5 15 16 8 19 -18 13 0 -4 26 
-1 -4 25 -16 2 -8 -5 1 15 17 -23 18 15 1 4 26 10 7 9 17 
26 23 6 1 7 -8 2 9 26 -14 7 21 16 12 9 18 17 -20 1 19 
20 4 26 17 20 5 20 9 23 -5 -1 1 20 9 -20 -5 -22 4 -13 4 
1 19 -17 11 5 24 21 16 7 6 26 23 -9 2 5 11 -25 11 -3 -18 
1 1 7 9 23 17 3 17 4 22 17 12 13 4 11 14 9 -24 23 -7 
8 -17 18 6 4 14 8 -21 3 -2 0 25 19 19 7 14 21 -17 23 22 
21 0 7 -12 9 2 2 14 1 24 3 18 3 23 3 8 25 16 1 24 
24 1 16 25 8 3 23 3 18 3 24 1 14 2 2 9 -12 7 0 21 
22 23 -17 21 14 7 19 19 25 0 -2 3 -21 8 14 4 6 18 -17 8 
-7 23 -24 9 14 11 4 13 12 17 22 4 17 3 17 23 9 7 1 1 
-18 -3 11 -25 11 5 2 -9 23 26 6 7 16 21 24 5 11 -17 19 1 
4 -13 4 -22 -5 -20 9 20 1 -1 -5 23 9 20 5 20 17 26 4 20 
19 1 -20 17 18 9 12 16 21 7 -14 26 9 2 -8 7 1 6 23 26 
17 9 7 10 26 4 1 15 18 -23 17 15 1 -5 -8 2 -16 25 -4 -1 
26 -4 0 13 -18 19 8 16 15 5 16 5 -26 21 1 4 8 15 5 5 
19 -3 25 11 -26 4 19 11 4 14 -7 4 5 19 9 -3 26 20 -19 19 
3 -24 22 24 17 19 19 4 0 -24 24 25 8 8 10 0 4 12 26 -5 
33
6
6 12
14 16
11 16
3 9
18 5
14 19
13 7
5 3
8 3
16 10
1 14
5 0
8
1 13 9
1 17 13
15 3 14
16 11 14
18 6 9
18 2 13
4 16 14
3 8 14
28
7 1
1 19
11 15
18 8
8 2
9 15
15 10
4 19
19 1
11 7
0 16
19 14
17 15
17 4
12 18
18 0
8 4
1 11
11 17
10 4
4 9
15 0
0 18
8 12
19 3
0 5
2 4
2 15
