20 20
0 0 -8 6 10 6 10 1 13 5 0 8 12 5 10 -9 -6 2 7 7 
-5 10 11 12 6 1 4 -3 -8 1 2 2 -10 6 6 7 9 2 13 2 
13 4 4 6 11 9 6 7 2 0 6 -8 11 12 9 -11 5 6 -9 -4 
-4 7 3 13 -6 1 3 5 11 -7 0 -6 7 -2 -6 -7 3 6 12 8 
9 13 6 7 -13 10 9 4 0 13 0 2 4 -5 2 8 13 2 11 -1 
-3 0 10 1 -5 -1 -4 -2 3 -2 2 -6 9 4 11 -13 9 3 10 11 
7 8 1 9 6 10 5 5 4 8 13 -3 12 4 4 5 3 11 6 5 
11 7 13 13 12 13 4 6 13 1 5 2 -5 10 4 7 -9 8 6 12 
11 13 13 0 6 8 12 13 11 9 1 6 9 5 7 -6 -2 9 -7 7 
2 11 -3 3 11 2 8 12 4 11 10 8 2 4 6 -6 10 13 -7 6 
6 -7 13 10 -6 6 4 2 8 10 11 4 12 8 2 11 3 -3 11 2 
7 -7 9 -2 -6 7 5 9 6 1 9 11 13 12 8 6 0 13 13 11 
12 6 8 -9 7 4 10 -5 2 5 1 13 6 4 13 12 13 13 7 11 
5 6 11 3 5 4 4 12 -3 13 8 4 5 5 10 6 9 1 8 7 
11 10 3 9 -13 11 4 9 -6 2 -2 3 -2 -4 -1 -5 1 10 0 -3 
-1 11 2 13 8 2 -5 4 2 0 13 0 4 9 10 -13 7 6 13 9 
8 12 6 3 -7 -6 -2 7 -6 0 -7 11 5 3 1 -6 13 3 7 -4 
-4 -9 6 5 -11 9 12 11 -8 6 0 2 7 6 9 11 6 4 4 13 
2 13 2 9 7 6 6 -10 2 2 1 -8 -3 4 1 6 12 11 10 -5 
7 7 2 -6 -9 10 5 12 8 0 5 13 1 10 6 10 6 -8 0 0 
47
2
10 7
19 11
9 12
0 8
12
12 1 12
7 6 12
0 6 13
9 16 16
19 17 9
5 0 12
7 18 12
12 13 12
19 13 13
10 3 16
0 2 9
14 19 12
38
13 6
11 10
19 12
12 0
14 5
15 8
16 4
11 15
10 12
1 7
19 7
4 12
4 19
15 5
18 4
8 3
18 6
0 16
9 8
6 13
8 9
0 7
7 19
5 14
4 11
3 15
8 4
9 7
18 12
0 12
15 7
15 0
4 14
1 15
11 16
1 13
19 3
10 11
