20 20
-16 -20 0 5 1 0 7 21 17 7 16 11 17 -9 9 7 13 17 -19 -10 
-14 15 0 -19 11 8 -2 -8 14 -18 -11 1 5 -6 16 1 3 14 1 -1 
3 -17 -9 -7 2 21 5 16 12 2 2 10 16 11 -2 9 16 8 -13 20 
4 7 -10 -20 16 8 5 20 17 17 8 5 3 6 -11 -16 -5 2 13 14 
2 7 10 -3 20 5 20 -9 4 11 6 -13 22 -1 -8 5 -1 17 -21 -7 
16 17 12 19 -10 16 17 21 7 20 13 15 -7 9 8 15 17 0 -1 14 
2 5 12 -18 20 5 -6 13 22 11 9 15 21 2 3 4 -9 11 21 15 
16 -18 6 18 17 4 3 18 0 7 -3 16 4 13 22 16 19 -11 5 12 
15 5 18 2 18 17 14 3 15 20 14 -4 2 10 16 12 13 13 -22 6 
-1 12 16 21 -17 -15 -3 7 22 4 -12 10 22 11 19 10 10 5 -15 4 
4 -15 5 10 10 19 11 22 10 -12 4 22 7 -3 -15 -17 21 16 12 -1 
6 -22 13 13 12 16 10 2 -4 14 20 15 3 14 17 18 2 18 5 15 
12 5 -11 19 16 22 13 4 16 -3 7 0 18 3 4 17 18 6 -18 16 
15 21 11 -9 4 3 2 21 15 9 11 22 13 -6 5 20 -18 12 5 2 
14 -1 0 17 15 8 9 -7 15 13 20 7 21 17 16 -10 19 12 17 16 
-7 -21 17 -1 5 -8 -1 22 -13 6 11 4 -9 20 5 20 -3 10 7 2 
14 13 2 -5 -16 -11 6 3 5 8 17 17 20 5 8 16 -20 -10 7 4 
20 -13 8 16 9 -2 11 16 10 2 2 12 16 5 21 2 -7 -9 -17 3 
-1 1 14 3 1 16 -6 5 1 -11 -18 14 -8 -2 8 11 -19 0 15 -14 
-10 -19 17 13 7 9 -9 17 11 16 7 17 21 7 0 1 5 0 -20 -16 
45
5
11 6
0 13
8 4
1 13
14 12
8 13
19 6
11 15
18 6
5 7
10
16 0 8
1 9 12
13 8 14
5 11 10
3 7 14
3 19 8
18 10 12
6 11 14
14 8 10
16 12 14
34
18 17
17 9
12 10
19 12
15 13
3 15
15 3
13 10
19 5
16 19
8 0
4 2
10 13
3 12
7 10
6 5
6 10
1 2
2 10
7 9
0 7
4 6
16 4
4 16
6 9
0 14
3 0
11 19
15 17
9 6
16 7
12 9
13 14
13 9
