20 20
22 12 20 16 12 16 19 -7 15 -20 -15 18 -10 7 -11 -6 12 17 23 23 
-3 18 14 4 14 9 22 4 16 24 25 2 -6 20 10 3 -22 10 15 -13 
25 11 -7 1 7 -3 -11 25 17 11 1 23 20 11 18 3 20 16 13 7 
-5 -12 15 -12 6 -23 -8 25 0 -14 1 22 10 -24 25 4 -15 15 20 11 
-15 5 5 12 19 22 4 9 11 21 12 6 10 -24 -24 -3 14 10 0 2 
16 12 12 6 -13 25 7 3 11 21 8 13 12 0 15 -5 -9 -6 24 17 
21 -9 3 15 14 21 8 14 24 10 15 2 5 8 -18 5 9 10 9 6 
3 4 -1 24 -15 24 25 12 -13 4 13 21 -10 20 5 8 4 -5 11 4 
-10 -11 -19 12 15 14 13 24 16 18 -5 11 1 17 2 3 22 9 7 -5 
0 18 21 -18 22 7 8 7 21 -8 1 20 17 5 -4 16 8 22 14 8 
8 14 22 8 16 -4 5 17 20 1 -8 21 7 8 7 22 -18 21 18 0 
-5 7 9 22 3 2 17 1 11 -5 18 16 24 13 14 15 12 -19 -11 -10 
4 11 -5 4 8 5 20 -10 21 13 4 -13 12 25 24 -15 24 -1 4 3 
6 9 10 9 5 -18 8 5 2 15 10 24 14 8 21 14 15 3 -9 21 
17 24 -6 -9 -5 15 0 12 13 8 21 11 3 7 25 -13 6 12 12 16 
2 0 10 14 -3 -24 -24 10 6 12 21 11 9 4 22 19 12 5 5 -15 
11 20 15 -15 4 25 -24 10 22 1 -14 0 25 -8 -23 6 -12 15 -12 -5 
7 13 16 20 3 18 11 20 23 1 11 17 25 -11 -3 7 1 -7 11 25 
-13 15 10 -22 3 10 20 -6 2 25 24 16 4 22 9 14 4 14 18 -3 
23 23 17 12 -6 -11 7 -10 18 -15 -20 15 -7 19 16 12 16 20 12 22 
38
4
11 10
7 9
6 10
6 0
8 9
12 10
13 9
13 19
12
14 6 10
12 18 9
4 15 12
11 0 13
4 5 13
14 13 16
5 13 10
7 1 9
15 4 12
8 19 13
15 14 13
5 6 16
28
2 4
1 0
6 5
9 10
7 15
14 9
17 19
6 19
9 3
18 0
0 19
6 4
13 3
0 5
17 15
18 19
13 14
10 9
12 4
5 10
2 0
13 0
10 16
1 19
19 0
13 15
6 16
19 14
