20 20
1 11 -8 11 -11 0 5 4 -4 2 -1 -8 -6 -12 -12 4 8 5 12 10 
3 8 7 9 10 -10 7 9 11 7 7 1 0 11 1 -7 12 -7 -10 -4 
11 2 -9 10 9 12 11 1 2 5 1 9 -6 3 10 2 6 11 5 11 
-7 0 2 2 2 7 -11 5 9 8 3 11 3 12 7 4 -7 -7 -1 4 
7 2 1 12 1 -6 5 7 3 11 1 -7 8 -4 1 -9 1 12 -5 -10 
2 6 11 10 9 -5 1 -9 -2 4 0 10 -6 12 -12 8 8 6 -7 7 
6 -11 6 1 12 -2 3 10 9 1 6 -8 -12 -12 -11 4 0 6 11 5 
-10 7 -12 1 12 11 0 8 4 11 -6 3 8 11 3 10 3 3 11 -5 
-10 8 3 4 9 1 -12 -4 9 -11 4 5 10 5 11 6 4 -2 0 8 
8 -8 11 1 3 -11 -9 9 -12 12 12 12 5 2 1 -9 -1 10 12 0 
0 12 10 -1 -9 1 2 5 12 12 12 -12 9 -9 -11 3 1 11 -8 8 
8 0 -2 4 6 11 5 10 5 4 -11 9 -4 -12 1 9 4 3 8 -10 
-5 11 3 3 10 3 11 8 3 -6 11 4 8 0 11 12 1 -12 7 -10 
5 11 6 0 4 -11 -12 -12 -8 6 1 9 10 3 -2 12 1 6 -11 6 
7 -7 6 8 8 -12 12 -6 10 0 4 -2 -9 1 -5 9 10 11 6 2 
-10 -5 12 1 -9 1 -4 8 -7 1 11 3 7 5 -6 1 12 1 2 7 
4 -1 -7 -7 4 7 12 3 11 3 8 9 5 -11 7 2 2 2 0 -7 
11 5 11 6 2 10 3 -6 9 1 5 2 1 11 12 9 10 -9 2 11 
-4 -10 -7 12 -7 1 11 0 1 7 7 11 9 7 -10 10 9 7 8 3 
10 12 5 8 4 -12 -12 -6 -8 -1 2 -4 4 5 0 -11 11 -8 11 1 
40
2
9 6
1 14
10 13
18 5
10
10 3 15
19 12 10
5 9 10
7 13 16
6 18 11
9 16 15
0 7 10
14 10 10
12 6 16
13 1 11
36
12 16
19 9
1 6
7 18
8 17
9 14
17 6
11 18
14 11
8 9
1 17
16 15
11 3
0 19
16 17
2 14
11 19
9 19
7 3
0 10
18 13
12 1
11 2
10 5
2 13
8 1
5 8
11 10
18 2
3 4
8 16
19 0
3 2
17 5
8 0
10 0
