20 20
1 -3 -5 1 0 1 -5 4 2 -1 0 5 2 0 -5 5 2 2 2 1 
5 2 -5 1 5 4 3 2 4 -2 -2 -5 4 -2 5 -4 2 1 1 3 
5 3 3 0 4 1 3 1 5 0 4 3 0 -1 5 -3 0 4 1 3 
5 3 -4 1 4 -5 1 3 5 1 -2 3 2 4 4 5 3 3 0 3 
0 2 5 5 2 3 3 3 -3 3 3 -1 -2 1 3 1 1 4 2 0 
3 1 2 2 -4 3 -5 5 4 5 2 2 -3 1 2 5 2 -3 3 -1 
0 1 -3 5 -2 1 -3 3 3 5 1 1 1 -3 4 5 3 1 -5 5 
-1 2 0 5 3 4 0 0 0 3 5 -1 2 4 5 0 5 4 -1 1 
4 5 1 2 3 5 5 3 3 2 0 4 0 -4 -2 3 5 -1 0 3 
5 1 -4 3 1 4 -2 1 1 4 2 5 1 1 5 4 1 3 3 5 
5 3 3 1 4 5 1 1 5 2 4 1 1 -2 4 1 3 -4 1 5 
3 0 -1 5 3 -2 -4 0 4 0 2 3 3 5 5 3 2 1 5 4 
1 -1 4 5 0 5 4 2 -1 5 3 0 0 0 4 3 5 0 2 -1 
5 -5 1 3 5 4 -3 1 1 1 5 3 3 -3 1 -2 5 -3 1 0 
-1 3 -3 2 5 2 1 -3 2 2 5 4 5 -5 3 -4 2 2 1 3 
0 2 4 1 1 3 1 -2 -1 3 3 -3 3 3 3 2 5 5 2 0 
3 0 3 3 5 4 4 2 3 -2 1 5 3 1 -5 4 1 -4 3 5 
3 1 4 0 -3 5 -1 0 3 4 0 5 1 3 1 4 0 3 3 5 
3 1 1 2 -4 5 -2 4 -5 -2 -2 4 2 3 4 5 1 -5 2 5 
1 2 2 2 5 -5 0 2 5 0 -1 2 4 -5 1 0 1 -5 -3 1 
46
5
18 1
16 8
2 4
11 5
2 18
1 18
3 11
17 15
8 14
17 1
16
7 8 15
16 9 10
18 5 12
0 17 9
9 18 11
3 14 8
6 11 11
6 1 8
12 11 15
3 10 10
1 14 12
19 2 9
10 1 11
16 5 8
13 8 11
13 18 8
26
12 16
4 2
0 9
5 15
19 18
12 8
11 13
12 7
15 5
9 14
8 9
4 8
19 0
7 3
15 17
19 10
14 4
0 1
7 11
8 6
7 12
4 14
10 5
11 10
15 11
0 19
