20 20
11 8 -12 10 12 12 8 13 1 -3 -5 14 12 -1 -12 -4 10 -13 3 10 
2 8 14 -10 10 1 -4 -6 3 -8 5 10 7 8 14 12 8 4 6 9 
7 9 -13 8 -10 -9 4 -4 13 11 2 -2 -6 7 10 2 14 -10 14 4 
10 -10 3 5 13 -3 3 11 13 4 11 11 4 1 3 6 12 4 2 14 
5 -11 6 6 9 2 12 9 13 8 3 -2 9 2 6 -6 -14 10 5 9 
1 14 8 -7 -4 8 8 -7 8 -8 0 13 1 1 8 13 11 1 0 8 
9 -11 -6 4 13 11 10 -1 0 -4 11 -4 14 10 2 -11 13 11 4 -4 
8 3 7 2 -11 -11 1 10 11 12 14 -9 -13 7 0 14 -1 6 -6 6 
10 7 5 12 5 2 4 8 10 4 8 1 1 13 12 6 2 10 6 -7 
6 8 7 -11 6 9 -8 14 11 -5 0 5 12 -10 6 13 12 1 11 11 
11 11 1 12 13 6 -10 12 5 0 -5 11 14 -8 9 6 -11 7 8 6 
-7 6 10 2 6 12 13 1 1 8 4 10 8 4 2 5 12 5 7 10 
6 -6 6 -1 14 0 7 -13 -9 14 12 11 10 1 -11 -11 2 7 3 8 
-4 4 11 13 -11 2 10 14 -4 11 -4 0 -1 10 11 13 4 -6 -11 9 
8 0 1 11 13 8 1 1 13 0 -8 8 -7 8 8 -4 -7 8 14 1 
9 5 10 -14 -6 6 2 9 -2 3 8 13 9 12 2 9 6 6 -11 5 
14 2 4 12 6 3 1 4 11 11 4 13 11 3 -3 13 5 3 -10 10 
4 14 -10 14 2 10 7 -6 -2 2 11 13 -4 4 -9 -10 8 -13 9 7 
9 6 4 8 12 14 8 7 10 5 -8 3 -6 -4 1 10 -10 14 8 2 
10 3 -13 10 -4 -12 -1 12 14 -5 -3 1 13 8 12 12 10 -12 8 11 
51
5
17 15
10 0
7 0
7 16
9 7
2 4
9 19
12 19
12 3
10 12
6
12 13 9
17 5 14
5 4 9
7 6 9
2 14 14
14 15 9
32
19 12
8 19
16 13
13 14
16 7
8 16
2 0
16 2
11 7
5 19
13 0
6 4
15 5
5 3
7 4
0 17
0 7
11 0
3 6
6 5
3 12
11 3
17 19
3 17
8 12
14 0
6 19
13 15
4 14
14 16
12 15
19 2
