20 20
4 5 7 3 14 -13 14 29 8 1 18 13 -17 6 27 2 20 16 -16 5 
-6 11 11 27 30 7 -7 -9 -30 24 1 21 -22 13 27 13 -22 -26 2 30 
0 -4 12 -17 2 -5 30 -28 6 8 -25 9 23 11 25 21 6 8 -8 5 
-27 27 14 24 18 -6 -28 26 29 22 25 4 0 22 21 17 21 -12 22 -15 
12 12 16 -12 -7 -2 -23 17 4 23 16 13 -27 25 16 0 14 -8 4 -21 
1 5 0 17 2 9 26 12 12 -12 14 -30 -9 2 0 13 -27 28 -6 -7 
10 4 -30 15 20 -10 27 6 1 5 22 17 17 -16 19 -2 -20 0 7 22 
27 21 23 24 6 -26 24 30 -27 18 25 -6 1 13 23 10 4 22 22 14 
5 -17 13 30 -18 -23 3 24 -12 3 -26 17 24 -19 5 8 20 28 0 25 
7 0 -26 3 -16 9 0 29 17 -7 -11 -3 15 -18 23 20 25 27 -26 8 
8 -26 27 25 20 23 -18 15 -3 -11 -7 17 29 0 9 -16 3 -26 0 7 
25 0 28 20 8 5 -19 24 17 -26 3 -12 24 3 -23 -18 30 13 -17 5 
14 22 22 4 10 23 13 1 -6 25 18 -27 30 24 -26 6 24 23 21 27 
22 7 0 -20 -2 19 -16 17 17 22 5 1 6 27 -10 20 15 -30 4 10 
-7 -6 28 -27 13 0 2 -9 -30 14 -12 12 12 26 9 2 17 0 5 1 
-21 4 -8 14 0 16 25 -27 13 16 23 4 17 -23 -2 -7 -12 16 12 12 
-15 22 -12 21 17 21 22 0 4 25 22 29 26 -28 -6 18 24 14 27 -27 
5 -8 8 6 21 25 11 23 9 -25 8 6 -28 30 -5 2 -17 12 -4 0 
30 2 -26 -22 13 27 13 -22 21 1 24 -30 -9 -7 7 30 27 11 11 -6 
5 -16 16 20 2 27 6 -17 13 18 1 8 29 14 -13 14 3 7 5 4 
50
5
11 16
17 15
0 15
16 3
6 5
8 3
2 4
19 4
3 16
13 14
16
10 7 15
3 1 13
6 0 15
12 6 10
17 7 11
4 10 11
1 14 13
5 19 10
9 12 15
16 18 13
13 19 15
7 13 10
2 12 11
15 9 11
18 5 13
14 0 10
36
7 6
8 12
17 16
11 17
16 6
2 13
16 2
5 16
15 1
10 3
19 5
9 8
18 14
3 15
5 8
14 18
6 1
16 19
12 13
11 7
2 3
8 2
3 13
17 6
3 17
14 3
4 18
9 16
0 14
10 11
1 5
16 4
14 11
5 1
13 18
3 0
