20 20
1 7 -3 2 8 -4 -14 3 4 8 -6 8 -7 0 -4 13 4 5 9 5 
1 10 -3 -12 7 11 14 -6 -14 11 -10 4 3 -3 -6 9 0 8 1 6 
-10 -14 -7 -3 14 -2 7 10 10 4 0 -3 8 5 7 14 13 -10 12 2 
13 8 14 -12 -5 7 6 -7 12 11 -11 -11 3 9 8 11 -5 -13 10 1 
-8 -8 9 -3 14 -7 4 -7 8 13 4 13 1 -5 7 0 12 5 10 9 
14 7 9 2 14 3 -1 1 13 -10 4 -9 8 8 9 8 -2 7 14 3 
14 6 10 -13 8 14 -8 1 8 5 9 14 8 -1 14 14 4 6 0 -9 
9 1 7 -2 7 -7 10 13 -3 -2 1 12 2 8 10 7 12 12 11 3 
14 7 1 2 11 6 10 4 -8 9 -5 8 6 13 -13 11 -10 9 8 2 
11 9 0 3 4 6 4 5 3 12 4 -5 7 -6 2 2 -2 -7 11 5 
5 11 -7 -2 2 2 -6 7 -5 4 12 3 5 4 6 4 3 0 9 11 
2 8 9 -10 11 -13 13 6 8 -5 9 -8 4 10 6 11 2 1 7 14 
3 11 12 12 7 10 8 2 12 1 -2 -3 13 10 -7 7 -2 7 1 9 
-9 0 6 4 14 14 -1 8 14 9 5 8 1 -8 14 8 -13 10 6 14 
3 14 7 -2 8 9 8 8 -9 4 -10 13 1 -1 3 14 2 9 7 14 
9 10 5 12 0 7 -5 1 13 4 13 8 -7 4 -7 14 -3 9 -8 -8 
1 10 -13 -5 11 8 9 3 -11 -11 11 12 -7 6 7 -5 -12 14 8 13 
2 12 -10 13 14 7 5 8 -3 0 4 10 10 7 -2 14 -3 -7 -14 -10 
6 1 8 0 9 -6 -3 3 4 -10 11 -14 -6 14 11 7 -12 -3 10 1 
5 9 5 4 13 -4 0 -7 8 -6 8 4 3 -14 -4 8 2 -3 7 1 
36
2
0 6
17 15
19 13
2 4
8
3 8 16
2 19 8
13 16 15
16 3 13
16 11 16
17 0 8
6 3 15
3 16 13
40
9 11
15 19
8 3
8 2
15 6
5 19
1 18
5 10
0 8
3 4
6 11
18 7
1 6
1 4
1 17
4 15
11 9
15 2
5 13
7 18
10 8
4 0
11 16
11 17
4 13
14 0
18 1
14 9
19 11
16 15
13 8
1 12
18 13
18 15
18 2
15 4
8 10
4 17
14 6
12 1
