20 20
-11 2 12 -12 11 14 7 8 1 -12 -12 13 5 6 10 -7 3 4 -11 12 
9 6 -6 13 10 11 2 4 -1 10 8 -13 14 8 1 -5 5 2 7 10 
1 -12 7 -4 -11 12 -5 9 14 7 -9 9 10 -10 10 -11 12 -14 5 13 
-8 -5 1 6 6 10 13 7 14 -1 4 0 -1 6 14 0 -1 4 13 13 
1 8 14 6 1 3 -13 13 13 11 10 -4 9 10 9 14 8 3 -14 14 
13 1 14 14 0 8 -9 2 3 -4 6 4 -14 7 9 -1 9 5 2 2 
-5 -3 8 14 7 3 8 -9 13 0 2 9 13 0 11 -8 -7 -7 -5 8 
2 14 -8 5 13 10 14 -14 12 7 8 8 12 1 10 8 10 0 7 -2 
4 -6 9 0 10 2 10 -10 14 12 -11 -12 3 10 3 -6 4 9 13 -1 
6 12 1 6 14 13 4 -3 8 13 13 -1 3 -6 -13 13 4 6 8 12 
12 8 6 4 13 -13 -6 3 -1 13 13 8 -3 4 13 14 6 1 12 6 
-1 13 9 4 -6 3 10 3 -12 -11 12 14 -10 10 2 10 0 9 -6 4 
-2 7 0 10 8 10 1 12 8 8 7 12 -14 14 10 13 5 -8 14 2 
8 -5 -7 -7 -8 11 0 13 9 2 0 13 -9 8 3 7 14 8 -3 -5 
2 2 5 9 -1 9 7 -14 4 6 -4 3 2 -9 8 0 14 14 1 13 
14 -14 3 8 14 9 10 9 -4 10 11 13 13 -13 3 1 6 14 8 1 
13 13 4 -1 0 14 6 -1 0 4 -1 14 7 13 10 6 6 1 -5 -8 
13 5 -14 12 -11 10 -10 10 9 -9 7 14 9 -5 12 -11 -4 7 -12 1 
10 7 2 5 -5 1 8 14 -13 8 10 -1 4 2 11 10 13 -6 6 9 
12 -11 4 3 -7 10 6 5 13 -12 -12 1 8 7 14 11 -12 12 2 -11 
54
7
1 14
17 6
17 2
1 19
5 17
2 1
15 17
18 5
2 13
2 17
18 0
14 2
17 18
4 2
12
17 12 15
12 7 16
2 3 14
19 2 12
10 2 16
14 1 9
2 7 15
7 12 16
17 16 14
0 17 12
9 17 16
5 18 9
38
12 17
9 11
4 13
12 0
0 11
16 17
18 10
16 14
5 10
9 18
16 13
1 4
9 2
16 2
16 9
3 14
18 17
16 3
10 5
7 2
10 8
15 6
7 19
19 8
3 2
1 9
3 5
14 9
10 1
3 6
18 15
10 17
3 17
3 10
16 5
1 2
3 16
9 14
