20 20
2 0 0 0 2 -2 3 -1 0 0 1 2 -1 2 2 1 1 -1 -2 2 
-3 1 2 2 1 2 1 -3 2 1 2 3 1 1 0 -2 1 2 3 2 
1 -2 1 0 2 1 -1 1 -2 2 0 1 -2 2 1 3 3 3 -3 2 
0 3 0 3 0 1 2 3 1 3 1 3 2 -1 -1 -1 1 -1 0 -3 
3 1 1 3 -1 1 3 0 2 1 -3 -1 3 -3 0 -3 2 2 -1 2 
3 1 1 3 1 3 -1 -1 1 -2 -2 3 1 0 2 0 -1 -1 3 3 
2 1 2 1 2 1 3 0 3 3 3 2 1 0 -2 3 2 -3 3 -3 
3 2 3 0 1 -2 2 -3 1 2 2 -1 -2 3 1 1 0 -1 1 2 
-3 3 2 2 0 3 0 2 3 0 -3 1 1 0 0 3 1 0 1 0 
2 -1 2 -3 1 3 0 0 3 0 1 3 3 3 -1 3 1 2 -1 1 
1 -1 2 1 3 -1 3 3 3 1 0 3 0 0 3 1 -3 2 -1 2 
0 1 0 1 3 0 0 1 1 -3 0 3 2 0 3 0 2 2 3 -3 
2 1 -1 0 1 1 3 -2 -1 2 2 1 -3 2 -2 1 0 3 2 3 
-3 3 -3 2 3 -2 0 1 2 3 3 3 0 3 1 2 1 2 1 2 
3 3 -1 -1 0 2 0 1 3 -2 -2 1 -1 -1 3 1 3 1 1 3 
2 -1 2 2 -3 0 -3 3 -1 -3 1 2 0 3 1 -1 3 1 1 3 
-3 0 -1 1 -1 -1 -1 2 3 1 3 1 3 2 1 0 3 0 3 0 
2 -3 3 3 3 1 2 -2 1 0 2 -2 1 -1 1 2 0 1 -2 1 
2 3 2 1 -2 0 1 1 3 2 1 2 -3 1 2 1 2 2 1 -3 
2 -2 -1 1 1 2 2 -1 2 1 0 0 -1 3 -2 2 0 0 0 2 
51
2
14 4
12 5
5 15
7 14
12
10 4 15
6 7 12
7 18 14
12 18 15
19 5 12
6 1 14
9 15 15
13 12 12
12 1 14
7 1 15
0 14 12
13 18 14
40
18 5
9 2
18 9
0 8
12 11
0 13
1 12
18 4
5 4
7 12
14 19
1 18
7 16
4 7
1 0
1 17
15 5
12 2
0 3
4 18
1 14
10 17
1 10
19 11
7 8
19 6
18 7
1 15
14 15
12 7
5 0
18 1
12 3
15 12
18 19
18 2
4 14
7 17
19 16
15 1
