20 20
27 7 -8 19 10 -23 2 9 -30 -18 27 25 -22 26 1 16 20 16 29 11 
11 2 -27 16 -25 4 25 17 25 -4 8 3 0 19 16 3 21 17 -26 -7 
17 20 -17 23 -18 -27 5 17 23 27 17 15 23 -23 -5 -26 27 12 9 1 
0 14 24 22 5 30 25 -29 -3 25 27 4 11 13 -24 27 12 -14 0 9 
-17 -21 8 13 -30 -18 3 -27 24 9 17 21 -5 15 -29 7 0 -22 -2 9 
10 10 11 -18 28 23 -4 28 -5 16 17 15 6 8 8 30 -8 -24 16 -27 
16 -10 10 20 20 29 18 -4 -24 -21 16 12 30 14 -25 8 17 14 -9 30 
8 1 0 21 28 -4 14 23 26 -24 -17 14 -27 9 -5 -6 2 25 -27 14 
23 0 16 5 19 24 20 6 8 2 13 29 19 -10 28 3 -4 29 12 -28 
15 3 30 7 -26 -11 -5 -26 22 -12 20 9 -9 18 -5 -28 8 10 -24 -21 
-21 -24 10 8 -28 -5 18 -9 9 20 -12 22 -26 -5 -11 -26 7 30 3 15 
-28 12 29 -4 3 28 -10 19 29 13 2 8 6 20 24 19 5 16 0 23 
14 -27 25 2 -6 -5 9 -27 14 -17 -24 26 23 14 -4 28 21 0 1 8 
30 -9 14 17 8 -25 14 30 12 16 -21 -24 -4 18 29 20 20 10 -10 16 
-27 16 -24 -8 30 8 8 6 15 17 16 -5 28 -4 23 28 -18 11 10 10 
9 -2 -22 0 7 -29 15 -5 21 17 9 24 -27 3 -18 -30 13 8 -21 -17 
9 0 -14 12 27 -24 13 11 4 27 25 -3 -29 25 30 5 22 24 14 0 
1 9 12 27 -26 -5 -23 23 15 17 27 23 17 5 -27 -18 23 -17 20 17 
-7 -26 17 21 3 16 19 0 3 8 -4 25 17 25 4 -25 16 -27 2 11 
11 29 16 20 16 1 26 -22 25 27 -18 -30 9 2 -23 10 19 -8 7 27 
43
3
14 7
2 8
12 10
5 12
17 11
7 9
6
8 10 15
1 7 11
8 2 11
11 9 15
18 12 11
11 17 11
34
2 18
17 8
1 17
8 13
15 7
18 8
0 1
17 4
15 6
16 0
13 8
2 9
15 8
3 17
5 1
16 18
13 11
17 1
2 11
18 2
11 6
4 12
1 11
19 18
2 15
4 13
3 19
6 11
17 10
4 11
16 2
14 18
3 1
6 8
