20 20
13 12 -17 3 -19 -7 2 23 7 10 7 13 -19 19 -22 18 12 14 11 -13 
9 -6 18 6 -4 -7 -1 1 22 7 -20 -4 16 17 16 -24 21 6 3 12 
-5 11 12 10 -4 11 -12 10 4 23 -20 -7 22 -8 22 19 3 7 23 3 
21 22 5 22 -11 12 16 23 21 18 12 10 1 -3 -24 -1 3 13 2 8 
11 0 12 15 -14 22 22 15 0 -16 0 5 3 -4 -24 4 12 2 3 4 
1 -20 24 3 4 -14 4 8 15 7 14 7 17 24 10 2 13 10 8 3 
18 19 19 17 4 24 6 2 7 6 -5 6 6 7 24 -17 -6 5 -11 22 
22 23 22 2 -20 -23 -18 -12 23 5 21 18 3 -8 -13 14 -18 22 1 13 
19 -21 0 20 -22 18 -12 -8 18 11 18 22 5 7 12 -12 -5 12 17 15 
-10 1 -16 20 -5 -12 -20 15 -14 -15 9 9 -12 13 21 14 -5 22 23 22 
22 23 22 -5 14 21 13 -12 9 9 -15 -14 15 -20 -12 -5 20 -16 1 -10 
15 17 12 -5 -12 12 7 5 22 18 11 18 -8 -12 18 -22 20 0 -21 19 
13 1 22 -18 14 -13 -8 3 18 21 5 23 -12 -18 -23 -20 2 22 23 22 
22 -11 5 -6 -17 24 7 6 6 -5 6 7 2 6 24 4 17 19 19 18 
3 8 10 13 2 10 24 17 7 14 7 15 8 4 -14 4 3 24 -20 1 
4 3 2 12 4 -24 -4 3 5 0 -16 0 15 22 22 -14 15 12 0 11 
8 2 13 3 -1 -24 -3 1 10 12 18 21 23 16 12 -11 22 5 22 21 
3 23 7 3 19 22 -8 22 -7 -20 23 4 10 -12 11 -4 10 12 11 -5 
12 3 6 21 -24 16 17 16 -4 -20 7 22 1 -1 -7 -4 6 18 -6 9 
-13 11 14 12 18 -22 19 -19 13 7 10 7 23 2 -7 -19 3 -17 12 13 
44
5
18 16
18 9
12 6
14 15
16 7
1 3
1 10
7 13
5 4
3 12
6
14 4 9
17 6 9
14 11 15
5 15 9
2 13 9
5 8 15
34
16 11
10 0
19 10
19 1
13 3
19 3
12 9
19 9
16 17
4 19
14 3
12 13
8 14
0 12
2 10
6 19
8 16
3 8
9 19
0 9
0 18
6 16
0 16
7 10
0 10
3 2
15 0
5 16
7 6
11 5
19 7
17 9
13 0
11 3
