20 20
0 10 12 -3 4 -10 16 -7 15 14 7 11 8 14 4 -7 -7 7 -16 -16 
3 7 -5 4 9 9 8 -8 12 16 16 9 -8 -12 13 1 0 -15 14 13 
-1 11 6 11 -15 14 14 11 1 -15 -4 9 2 16 6 11 -15 -3 6 6 
7 4 3 8 -8 12 -14 4 10 12 10 13 5 13 4 8 10 9 7 2 
-16 8 1 -5 -2 -11 15 11 -14 3 3 5 8 16 16 -5 -8 11 -13 14 
12 13 5 -1 4 -9 3 7 -6 16 14 -10 -9 6 5 -14 0 -11 1 5 
-6 2 -13 12 5 -11 9 6 13 5 -9 14 15 -14 10 0 7 -7 -6 13 
6 -4 16 3 -4 -5 7 7 6 0 5 5 -2 4 -9 16 10 11 4 -4 
13 -12 -3 -10 -1 12 3 14 4 15 0 12 1 10 -6 14 -8 -12 -16 2 
3 -13 16 -14 16 5 11 10 0 4 15 -14 1 -16 6 7 13 -8 7 8 
8 7 -8 13 7 6 -16 1 -14 15 4 0 10 11 5 16 -14 16 -13 3 
2 -16 -12 -8 14 -6 10 1 12 0 15 4 14 3 12 -1 -10 -3 -12 13 
-4 4 11 10 16 -9 4 -2 5 5 0 6 7 7 -5 -4 3 16 -4 6 
13 -6 -7 7 0 10 -14 15 14 -9 5 13 6 9 -11 5 12 -13 2 -6 
5 1 -11 0 -14 5 6 -9 -10 14 16 -6 7 3 -9 4 -1 5 13 12 
14 -13 11 -8 -5 16 16 8 5 3 3 -14 11 15 -11 -2 -5 1 8 -16 
2 7 9 10 8 4 13 5 13 10 12 10 4 -14 12 -8 8 3 4 7 
6 6 -3 -15 11 6 16 2 9 -4 -15 1 11 14 14 -15 11 6 11 -1 
13 14 -15 0 1 13 -12 -8 9 16 16 12 -8 8 9 9 4 -5 7 3 
-16 -16 7 -7 -7 4 14 8 11 7 14 15 -7 16 -10 4 -3 12 10 0 
43
2
13 6
1 2
6 13
18 17
18
15 11 13
1 14 16
2 10 14
7 5 14
10 5 10
7 11 15
4 11 15
3 16 13
6 2 10
4 8 13
18 5 16
17 9 14
12 14 14
9 14 10
12 8 15
15 8 15
16 3 13
13 17 10
26
8 15
2 17
10 15
5 9
11 3
14 2
13 8
0 2
4 16
14 7
3 1
13 12
12 11
11 4
17 2
9 4
14 10
8 16
5 17
6 11
19 17
15 3
5 12
16 18
6 7
7 8
