20 20
-10 -11 4 -2 9 -16 4 10 17 16 3 11 4 -15 12 1 13 16 15 8 
11 -3 7 9 5 6 5 4 0 3 -3 17 5 -5 17 7 3 -13 8 -14 
7 -17 -13 -3 7 13 17 5 15 -17 16 8 13 14 0 6 -3 -14 7 8 
17 16 3 13 -13 9 5 5 7 -10 1 8 9 17 -10 17 1 6 -8 17 
6 5 17 2 2 -13 2 8 4 13 -10 10 6 7 5 12 12 -8 8 12 
16 11 4 -15 11 15 1 14 9 -14 -9 3 -7 -10 2 13 -7 4 3 13 
-4 10 8 7 13 5 10 8 5 5 15 -8 13 11 6 -10 1 -8 -1 12 
16 1 17 -4 2 -6 5 12 8 14 4 11 -7 17 3 -12 17 10 13 15 
15 2 0 16 -13 7 13 5 14 14 7 -17 4 12 1 12 15 14 1 5 
9 3 -8 3 15 0 6 -14 14 -2 -3 -11 -8 5 12 15 6 4 8 8 
8 8 4 6 15 12 5 -8 -11 -3 -2 14 -14 6 0 15 3 -8 3 9 
5 1 14 15 12 1 12 4 -17 7 14 14 5 13 7 -13 16 0 2 15 
15 13 10 17 -12 3 17 -7 11 4 14 8 12 5 -6 2 -4 17 1 16 
12 -1 -8 1 -10 6 11 13 -8 15 5 5 8 10 5 13 7 8 10 -4 
13 3 4 -7 13 2 -10 -7 3 -9 -14 9 14 1 15 11 -15 4 11 16 
12 8 -8 12 12 5 7 6 10 -10 13 4 8 2 -13 2 2 17 5 6 
17 -8 6 1 17 -10 17 9 8 1 -10 7 5 5 9 -13 13 3 16 17 
8 7 -14 -3 6 0 14 13 8 16 -17 15 5 17 13 7 -3 -13 -17 7 
-14 8 -13 3 7 17 -5 5 17 -3 3 0 4 5 6 5 9 7 -3 11 
8 15 16 13 1 12 -15 4 11 3 16 17 10 4 -16 9 -2 4 -11 -10 
31
3
15 14
1 4
9 6
4 5
18 15
10 13
14
8 1 15
11 17 9
18 12 9
1 8 9
14 3 14
7 4 15
15 4 10
11 18 15
8 2 9
1 7 9
18 11 9
5 16 14
12 15 15
4 15 10
30
16 17
6 1
10 18
1 18
8 6
17 19
9 11
2 15
19 11
15 16
7 13
5 14
1 15
2 10
1 3
3 2
13 18
9 1
18 1
11 13
2 0
10 8
17 4
0 8
4 3
12 6
14 5
18 4
17 9
18 16
