20 20
15 15 9 21 16 11 -10 5 10 11 20 4 19 8 15 2 0 -15 -13 -14 
7 -14 -5 2 0 9 -11 -7 3 1 -6 9 -15 7 21 15 18 12 21 -18 
19 2 -4 15 -4 5 17 3 11 10 2 12 14 18 -7 -18 11 6 -11 15 
4 3 14 12 5 -10 0 -7 5 4 13 -14 -16 15 4 3 10 21 -5 9 
5 -11 7 20 -21 2 5 20 20 13 15 5 -7 15 15 0 10 14 9 -3 
4 20 6 2 2 13 4 11 -5 21 6 13 13 12 13 7 7 -10 1 12 
20 -12 16 11 2 -9 18 7 20 15 -8 14 -7 -16 17 12 -6 20 17 19 
0 11 -1 3 8 -10 -21 13 -20 17 0 13 11 7 10 17 6 19 19 1 
17 21 -10 20 8 2 4 -18 -16 8 -8 16 -14 -10 13 9 4 12 -11 5 
15 15 16 17 -3 7 -2 13 15 10 -12 14 19 7 8 10 -11 3 9 -20 
-20 9 3 -11 10 8 7 19 14 -12 10 15 13 -2 7 -3 17 16 15 15 
5 -11 12 4 9 13 -10 -14 16 -8 8 -16 -18 4 2 8 20 -10 21 17 
1 19 19 6 17 10 7 11 13 0 17 -20 13 -21 -10 8 3 -1 11 0 
19 17 20 -6 12 17 -16 -7 14 -8 15 20 7 18 -9 2 11 16 -12 20 
12 1 -10 7 7 13 12 13 13 6 21 -5 11 4 13 2 2 6 20 4 
-3 9 14 10 0 15 15 -7 5 15 13 20 20 5 2 -21 20 7 -11 5 
9 -5 21 10 3 4 15 -16 -14 13 4 5 -7 0 -10 5 12 14 3 4 
15 -11 6 11 -18 -7 18 14 12 2 10 11 3 17 5 -4 15 -4 2 19 
-18 21 12 18 15 21 7 -15 9 -6 1 3 -7 -11 9 0 2 -5 -14 7 
-14 -13 -15 0 2 15 8 19 4 20 11 10 5 -10 11 16 21 9 15 15 
34
8
5 13
4 18
7 6
0 3
6 17
3 7
9 14
2 11
14 6
15 1
12 13
19 16
13 2
16 12
10 5
17 8
10
8 7 14
11 7 14
11 10 10
7 9 16
11 2 9
11 12 14
8 12 14
8 9 10
12 10 16
8 17 9
28
4 1
14 8
17 10
19 3
3 14
11 16
0 10
12 17
10 17
9 11
13 12
8 6
2 6
19 6
15 18
5 11
2 9
0 16
16 5
8 3
19 9
7 2
9 2
10 8
6 7
11 13
17 13
0 13
