20 20
7 10 11 9 11 9 -10 12 5 0 6 -13 1 1 12 7 -13 -9 5 4 
-4 -3 6 3 5 -3 8 1 -12 -10 6 11 2 1 9 9 13 3 0 13 
-5 6 -1 -8 8 11 12 4 2 8 7 9 9 12 5 -10 2 1 3 6 
-2 8 9 8 4 6 10 -7 9 -2 13 5 -8 4 -4 9 2 3 10 -8 
5 9 13 2 4 -5 10 2 9 -9 2 -11 2 -7 1 0 9 0 10 -8 
7 9 0 13 -7 -4 13 13 3 5 10 5 10 -3 -10 -1 3 10 9 9 
7 1 13 10 -3 7 0 2 3 -10 12 10 -3 13 -8 -1 -7 11 1 1 
10 3 1 -13 8 11 1 3 11 5 11 -5 7 9 11 -9 13 -2 -10 4 
7 4 1 -5 5 -13 0 10 11 1 6 8 5 3 4 12 7 -10 2 -9 
8 6 8 9 3 -10 7 2 -10 10 8 6 8 -9 6 2 6 -2 12 9 
9 12 -2 6 2 6 -9 8 6 8 10 -10 2 7 -10 3 9 8 6 8 
-9 2 -10 7 12 4 3 5 8 6 1 11 10 0 -13 5 -5 1 4 7 
4 -10 -2 13 -9 11 9 7 -5 11 5 11 3 1 11 8 -13 1 3 10 
1 1 11 -7 -1 -8 13 -3 10 12 -10 3 2 0 7 -3 10 13 1 7 
9 9 10 3 -1 -10 -3 10 5 10 5 3 13 13 -4 -7 13 0 9 7 
-8 10 0 9 0 1 -7 2 -11 2 -9 9 2 10 -5 4 2 13 9 5 
-8 10 3 2 9 -4 4 -8 5 13 -2 9 -7 10 6 4 8 9 8 -2 
6 3 1 2 -10 5 12 9 9 7 8 2 4 12 11 8 -8 -1 6 -5 
13 0 3 13 9 9 1 2 11 6 -10 -12 1 8 -3 5 3 6 -3 -4 
4 5 -9 -13 7 12 1 1 -13 6 0 5 12 -10 9 11 9 11 10 7 
36
4
4 17
14 15
1 7
7 16
15 2
5 4
18 12
12 3
18
8 14 15
19 2 11
3 10 10
7 9 8
16 15 12
1 16 9
8 11 8
0 6 16
19 12 15
11 5 15
0 17 11
16 9 10
12 10 8
3 4 12
18 3 9
11 8 8
19 13 16
0 7 15
28
7 8
10 19
12 1
19 3
17 18
4 1
19 7
9 10
10 8
17 3
2 5
3 0
3 5
17 7
12 11
9 0
7 18
0 16
2 1
15 18
0 12
10 9
9 11
2 16
17 14
16 19
16 14
2 12
