20 20
24 21 13 13 1 12 10 -12 1 23 2 22 -23 8 5 12 15 6 -2 8 
-22 -23 -3 21 -9 8 21 13 9 2 26 -8 26 -20 6 17 19 3 17 11 
1 25 12 1 12 3 -26 19 21 0 6 15 3 14 -20 13 -6 -15 -14 -9 
23 -21 23 -7 22 23 12 -11 -22 12 10 17 11 17 25 9 26 -24 -27 18 
16 3 0 1 1 21 9 -15 21 20 19 20 -24 10 -18 -25 -9 -11 5 4 
21 26 24 24 18 -8 -24 6 -1 23 22 7 17 13 2 24 11 27 0 9 
-24 8 22 21 3 3 -23 18 4 12 22 11 5 -27 20 19 -9 -20 -26 6 
3 -7 14 21 -24 15 24 26 6 -25 26 -13 27 8 25 14 5 10 5 3 
27 27 -10 1 5 2 3 3 -9 4 11 -16 -5 3 0 18 12 -27 -22 17 
23 16 12 20 23 -2 16 -9 18 21 19 12 -9 25 8 -18 -10 12 9 5 
5 9 12 -10 -18 8 25 -9 12 19 21 18 -9 16 -2 23 20 12 16 23 
17 -22 -27 12 18 0 3 -5 -16 11 4 -9 3 3 2 5 1 -10 27 27 
3 5 10 5 14 25 8 27 -13 26 -25 6 26 24 15 -24 21 14 -7 3 
6 -26 -20 -9 19 20 -27 5 11 22 12 4 18 -23 3 3 21 22 8 -24 
9 0 27 11 24 2 13 17 7 22 23 -1 6 -24 -8 18 24 24 26 21 
4 5 -11 -9 -25 -18 10 -24 20 19 20 21 -15 9 21 1 1 0 3 16 
18 -27 -24 26 9 25 17 11 17 10 12 -22 -11 12 23 22 -7 23 -21 23 
-9 -14 -15 -6 13 -20 14 3 15 6 0 21 19 -26 3 12 1 12 25 1 
11 17 3 19 17 6 -20 26 -8 26 2 9 13 21 8 -9 21 -3 -23 -22 
8 -2 6 15 12 5 8 -23 22 2 23 1 -12 10 12 1 13 13 21 24 
58
5
1 11
2 12
4 2
13 0
14 13
18 8
17 7
15 17
6 19
5 6
6
1 4 16
17 12 14
16 11 13
18 15 16
2 7 14
3 8 13
38
5 19
9 19
16 14
1 13
4 6
3 2
9 6
16 19
7 1
0 18
9 17
3 12
11 5
10 4
18 7
10 8
5 4
19 17
7 6
14 0
10 0
3 5
18 6
15 13
16 17
10 13
3 0
12 18
19 1
10 2
16 7
8 14
9 15
1 12
9 11
14 15
0 2
12 13
