20 20
-2 4 3 2 3 7 3 2 4 5 5 6 4 7 1 3 7 0 5 6 
7 -3 -4 1 6 4 -3 6 6 1 4 2 1 -5 4 -1 1 6 1 0 
7 2 6 6 6 7 5 6 5 7 3 4 3 6 5 4 6 5 5 3 
-7 0 6 3 -4 4 -2 2 5 7 1 0 -3 0 2 -2 5 1 2 5 
-1 1 6 -2 2 -1 7 4 3 0 -5 0 2 5 7 7 2 0 4 4 
-7 2 6 1 -4 3 -5 5 5 7 1 2 5 7 0 1 3 2 7 7 
-6 7 3 7 5 7 -5 2 -6 6 6 6 3 5 6 7 0 1 -3 -3 
1 4 5 7 0 1 1 2 6 3 7 5 1 3 -1 -7 -6 6 5 6 
1 5 7 2 4 -7 2 2 3 4 -6 2 -2 5 1 6 0 -3 6 6 
1 3 3 6 5 -4 -1 -1 3 6 2 1 7 2 -7 3 1 1 3 0 
0 3 1 1 3 -7 2 7 1 2 6 3 -1 -1 -4 5 6 3 3 1 
6 6 -3 0 6 1 5 -2 2 -6 4 3 2 2 -7 4 2 7 5 1 
6 5 6 -6 -7 -1 3 1 5 7 3 6 2 1 1 0 7 5 4 1 
-3 -3 1 0 7 6 5 3 6 6 6 -6 2 -5 7 5 7 3 7 -6 
7 7 2 3 1 0 7 5 2 1 7 5 5 -5 3 -4 1 6 2 -7 
4 4 0 2 7 7 5 2 0 -5 0 3 4 7 -1 2 -2 6 1 -1 
5 2 1 5 -2 2 0 -3 0 1 7 5 2 -2 4 -4 3 6 0 -7 
3 5 5 6 4 5 6 3 4 3 7 5 6 5 7 6 6 6 2 7 
0 1 6 1 -1 4 -5 1 2 4 1 6 6 -3 4 6 1 -4 -3 7 
6 5 0 7 3 1 7 4 6 5 5 4 2 3 7 3 2 3 4 -2 
37
2
17 18
1 14
2 1
18 5
18
11 16 14
6 12 14
17 19 15
13 10 15
18 8 9
18 2 9
13 6 10
16 19 12
4 7 10
8 3 14
13 7 14
2 0 15
6 9 15
1 11 9
1 17 9
6 13 10
3 0 12
15 12 10
34
18 16
11 5
18 13
17 15
18 3
6 17
5 3
10 19
16 10
0 16
0 13
4 8
0 8
7 9
19 2
12 11
4 16
1 3
8 14
1 6
2 4
1 16
13 2
14 16
9 0
3 9
19 3
19 6
15 11
19 11
12 10
0 17
7 8
15 3
