20 20
-1 -2 1 1 2 0 0 3 -4 3 4 4 -2 2 3 0 2 2 0 1 
2 1 1 3 2 3 -3 3 -2 2 4 -2 2 4 4 -2 -2 1 -3 3 
-1 2 -3 3 0 3 -4 3 4 4 -3 0 3 2 4 1 0 -1 3 -1 
-3 2 2 4 2 0 3 0 2 4 1 1 1 -4 3 -2 1 4 3 -4 
1 0 1 3 4 0 2 2 0 2 -3 0 -1 2 2 4 4 -1 3 1 
-2 -1 -4 3 4 2 2 2 3 4 3 1 -1 3 0 3 4 0 3 4 
1 3 2 0 2 4 3 -3 -4 -3 4 0 3 4 -1 1 4 4 2 2 
1 4 4 3 1 1 2 -4 3 2 4 4 2 1 4 4 3 2 2 2 
1 3 0 -3 3 -3 4 2 4 1 1 0 3 3 0 -3 1 2 2 4 
4 4 3 1 -3 1 0 -4 0 -1 3 2 -4 -1 2 2 2 2 3 -1 
-1 3 2 2 2 2 -1 -4 2 3 -1 0 -4 0 1 -3 1 3 4 4 
4 2 2 1 -3 0 3 3 0 1 1 4 2 4 -3 3 -3 0 3 1 
2 2 2 3 4 4 1 2 4 4 2 3 -4 2 1 1 3 4 4 1 
2 2 4 4 1 -1 4 3 0 4 -3 -4 -3 3 4 2 0 2 3 1 
4 3 0 4 3 0 3 -1 1 3 4 3 2 2 2 4 3 -4 -1 -2 
1 3 -1 4 4 2 2 -1 0 -3 2 0 2 2 0 4 3 1 0 1 
-4 3 4 1 -2 3 -4 1 1 1 4 2 0 3 0 2 4 2 2 -3 
-1 3 -1 0 1 4 2 3 0 -3 4 4 3 -4 3 0 3 -3 2 -1 
3 -3 1 -2 -2 4 4 2 -2 4 2 -2 3 -3 3 2 3 1 1 2 
1 0 2 2 0 3 2 -2 4 4 3 -4 3 0 0 2 1 1 -2 -1 
33
5
3 5
4 17
17 6
0 7
7 17
16 14
15 2
2 13
19 12
12 2
10
13 9 11
15 5 8
15 9 11
5 10 12
0 17 15
6 10 11
4 14 8
4 10 11
14 9 12
19 2 15
30
8 7
0 2
6 2
4 5
19 4
4 12
18 7
12 15
3 14
19 7
16 19
4 18
5 1
14 4
19 11
11 12
19 17
13 17
15 14
0 15
15 7
1 12
7 4
16 5
0 12
3 0
15 1
14 18
5 15
0 8
