20 20
-13 2 9 10 1 13 13 10 3 0 13 11 8 7 10 1 11 7 13 -4 
0 10 11 11 8 1 -5 1 9 1 10 1 5 5 11 9 13 12 -11 14 
9 10 13 12 12 14 10 7 6 2 2 5 5 2 8 9 10 2 -9 13 
-2 9 1 9 13 2 11 11 3 3 -12 14 -14 7 5 -1 -2 5 5 4 
12 4 14 7 -11 12 0 -7 -11 0 -1 -8 9 -6 0 14 12 14 -8 5 
7 -13 1 10 8 14 6 5 2 9 -10 10 9 10 0 3 5 12 13 -1 
-11 5 12 -1 -7 -12 10 13 5 5 13 5 14 8 6 5 4 3 -14 4 
-1 3 1 1 9 3 3 1 10 5 1 -14 3 5 13 -8 12 2 -7 4 
-6 11 8 11 -9 -10 1 -13 14 2 -14 5 -8 2 3 2 6 2 10 -6 
11 -14 11 5 14 11 6 7 0 2 3 12 8 6 13 -11 -3 3 12 3 
3 12 3 -3 -11 13 6 8 12 3 2 0 7 6 11 14 5 11 -14 11 
-6 10 2 6 2 3 2 -8 5 -14 2 14 -13 1 -10 -9 11 8 11 -6 
4 -7 2 12 -8 13 5 3 -14 1 5 10 1 3 3 9 1 1 3 -1 
4 -14 3 4 5 6 8 14 5 13 5 5 13 10 -12 -7 -1 12 5 -11 
-1 13 12 5 3 0 10 9 10 -10 9 2 5 6 14 8 10 1 -13 7 
5 -8 14 12 14 0 -6 9 -8 -1 0 -11 -7 0 12 -11 7 14 4 12 
4 5 5 -2 -1 5 7 -14 14 -12 3 3 11 11 2 13 9 1 9 -2 
13 -9 2 10 9 8 2 5 5 2 2 6 7 10 14 12 12 13 10 9 
14 -11 12 13 9 11 5 5 1 10 1 9 1 -5 1 8 11 11 10 0 
-4 13 7 11 1 10 7 8 11 13 0 3 10 13 13 1 10 9 2 -13 
57
3
3 6
10 8
15 19
16 13
9 11
4 0
16
16 4 9
14 2 12
19 16 9
14 17 15
18 7 15
17 2 12
10 3 10
17 14 10
3 15 9
5 17 12
0 3 9
5 2 15
1 12 15
2 17 12
9 16 10
2 5 10
38
3 8
14 3
13 3
13 16
14 9
7 5
7 17
3 12
18 12
11 19
11 15
12 6
6 19
7 19
10 11
12 9
0 10
12 8
15 2
16 11
5 16
6 16
6 3
5 10
12 14
12 2
16 7
1 7
8 0
8 4
7 13
13 0
12 0
9 8
7 10
19 9
7 11
4 17
