20 20
-28 -11 30 21 6 -25 29 -19 5 27 5 9 24 4 8 9 21 18 16 26 
2 -1 9 -12 -25 22 -23 10 -21 23 29 -11 -11 3 30 -25 -7 -2 16 9 
20 14 12 10 26 -23 28 13 -20 27 29 18 17 20 -15 26 28 30 1 4 
2 6 13 6 -27 28 20 -27 -28 19 18 -9 8 8 -16 -27 22 9 23 13 
19 3 28 21 17 10 9 3 17 20 -3 10 22 6 -11 13 -17 25 12 14 
4 27 27 8 15 30 7 4 4 26 -10 -1 9 1 11 17 27 14 -8 14 
20 -13 21 2 -18 3 -15 -30 17 22 21 15 -8 -27 -16 19 9 24 2 20 
-1 -12 8 25 4 -9 11 2 13 13 6 4 -15 4 -6 20 30 15 15 -18 
18 -27 -19 3 27 13 2 6 -18 12 3 8 1 -3 8 30 16 18 15 9 
9 1 7 3 -5 -20 23 3 25 12 2 6 6 19 -11 8 -7 -3 14 9 
9 14 -3 -7 8 -11 19 6 6 2 12 25 3 23 -20 -5 3 7 1 9 
9 15 18 16 30 8 -3 1 8 3 12 -18 6 2 13 27 3 -19 -27 18 
-18 15 15 30 20 -6 4 -15 4 6 13 13 2 11 -9 4 25 8 -12 -1 
20 2 24 9 19 -16 -27 -8 15 21 22 17 -30 -15 3 -18 2 21 -13 20 
14 -8 14 27 17 11 1 9 -1 -10 26 4 4 7 30 15 8 27 27 4 
14 12 25 -17 13 -11 6 22 10 -3 20 17 3 9 10 17 21 28 3 19 
13 23 9 22 -27 -16 8 8 -9 18 19 -28 -27 20 28 -27 6 13 6 2 
4 1 30 28 26 -15 20 17 18 29 27 -20 13 28 -23 26 10 12 14 20 
9 16 -2 -7 -25 30 3 -11 -11 29 23 -21 10 -23 22 -25 -12 9 -1 2 
26 16 18 21 9 8 4 24 9 5 27 5 -19 29 -25 6 21 30 -11 -28 
59
3
6 5
18 13
5 19
13 14
1 6
14 0
12
5 8 9
3 11 14
0 13 12
16 14 16
19 14 10
9 2 14
14 11 9
16 8 14
19 6 12
3 5 16
0 5 10
10 17 14
32
0 19
13 9
0 9
1 12
1 4
1 19
13 1
8 14
19 9
1 2
3 17
9 6
1 15
12 7
8 6
1 18
19 0
6 10
19 10
18 7
18 15
18 0
6 18
11 5
0 10
18 17
16 2
10 13
18 4
7 12
11 13
18 1
