20 20
11 9 15 -21 10 6 20 19 -8 6 8 21 10 -3 -10 9 22 2 22 5 
-22 -3 18 13 18 7 -23 11 4 21 -16 21 -13 -20 -15 -19 8 1 2 21 
4 2 10 1 -16 -19 19 15 -10 6 8 -20 14 21 9 3 0 -16 -6 19 
2 4 0 4 18 15 3 1 21 17 4 12 -19 1 13 -11 9 10 12 9 
-10 23 -23 8 19 9 15 19 14 10 9 17 13 11 3 3 18 8 11 8 
3 21 4 21 3 4 13 16 3 14 -17 0 13 5 13 8 8 -9 -4 10 
14 1 4 11 23 -11 -13 23 9 16 2 10 -16 3 19 6 5 -4 -5 23 
23 -1 16 -23 4 23 21 -6 4 4 5 19 3 17 13 19 -7 23 12 5 
0 20 16 11 7 2 -4 -15 -4 19 1 -3 -15 -13 -3 -10 16 5 7 5 
-20 19 3 -3 12 -18 14 0 12 -11 -4 3 15 19 21 20 -20 -13 4 -2 
-2 4 -13 -20 20 21 19 15 3 -4 -11 12 0 14 -18 12 -3 3 19 -20 
5 7 5 16 -10 -3 -13 -15 -3 1 19 -4 -15 -4 2 7 11 16 20 0 
5 12 23 -7 19 13 17 3 19 5 4 4 -6 21 23 4 -23 16 -1 23 
23 -5 -4 5 6 19 3 -16 10 2 16 9 23 -13 -11 23 11 4 1 14 
10 -4 -9 8 8 13 5 13 0 -17 14 3 16 13 4 3 21 4 21 3 
8 11 8 18 3 3 11 13 17 9 10 14 19 15 9 19 8 -23 23 -10 
9 12 10 9 -11 13 1 -19 12 4 17 21 1 3 15 18 4 0 4 2 
19 -6 -16 0 3 9 21 14 -20 8 6 -10 15 19 -19 -16 1 10 2 4 
21 2 1 8 -19 -15 -20 -13 21 -16 21 4 11 -23 7 18 13 18 -3 -22 
5 22 2 22 9 -10 -3 10 21 8 6 -8 19 20 6 10 -21 15 9 11 
45
6
1 19
7 15
2 14
7 8
6 5
11 14
18 0
12 4
17 5
12 11
13 14
8 5
6
15 13 9
8 11 11
1 8 9
4 6 9
11 8 11
18 11 9
30
9 11
7 5
7 14
17 10
17 9
5 0
4 10
18 7
6 1
4 14
14 15
9 1
8 13
11 17
4 5
10 8
12 14
12 5
2 9
2 10
14 19
15 9
1 12
13 18
15 5
5 4
10 18
11 6
8 2
15 14
