20 20
10 5 -3 -11 -7 -9 -3 6 5 9 -6 7 0 -2 6 11 2 4 -11 8 
-8 4 1 1 -6 8 7 2 6 11 9 -7 7 6 4 9 0 2 0 8 
-7 2 1 -1 8 6 11 3 10 11 -8 -1 4 2 8 10 4 11 10 10 
1 -7 3 7 7 11 0 1 11 9 8 -1 0 7 2 7 10 4 6 -9 
8 2 11 11 -8 7 1 -9 6 1 -1 1 -10 4 4 1 5 0 -4 0 
9 11 -9 4 1 2 6 11 5 2 2 7 4 0 -1 -1 9 5 11 -5 
5 2 -4 5 9 6 -2 7 9 6 -6 7 4 0 3 -11 3 8 9 6 
6 7 -2 3 2 5 -4 3 6 10 5 8 2 2 9 10 8 7 3 1 
4 11 5 9 11 -9 3 6 2 -1 -8 7 9 -2 6 6 9 8 1 11 
6 -1 6 -10 4 6 2 3 11 4 9 -7 4 5 7 2 -6 9 0 0 
0 0 9 -6 2 7 5 4 -7 9 4 11 3 2 6 4 -10 6 -1 6 
11 1 8 9 6 6 -2 9 7 -8 -1 2 6 3 -9 11 9 5 11 4 
1 3 7 8 10 9 2 2 8 5 10 6 3 -4 5 2 3 -2 7 6 
6 9 8 3 -11 3 0 4 7 -6 6 9 7 -2 6 9 5 -4 2 5 
-5 11 5 9 -1 -1 0 4 7 2 2 5 11 6 2 1 4 -9 11 9 
0 -4 0 5 1 4 4 -10 1 -1 1 6 -9 1 7 -8 11 11 2 8 
-9 6 4 10 7 2 7 0 -1 8 9 11 1 0 11 7 7 3 -7 1 
10 10 11 4 10 8 2 4 -1 -8 11 10 3 11 6 8 -1 1 2 -7 
8 0 2 0 9 4 6 7 -7 9 11 6 2 7 8 -6 1 1 4 -8 
8 -11 4 2 11 6 -2 0 7 -6 9 5 6 -3 -9 -7 -11 -3 5 10 
53
2
15 2
9 1
4 17
10 18
8
10 11 15
11 13 14
0 8 14
5 9 14
9 8 15
8 6 14
19 11 14
14 10 14
32
3 13
16 15
1 19
11 9
6 9
17 15
14 2
19 6
7 13
15 1
13 16
19 18
4 1
7 10
12 14
11 0
16 6
3 4
18 0
8 10
13 10
2 4
5 17
0 13
12 6
4 18
6 3
0 1
15 18
12 9
7 5
8 19
