20 20
6 13 5 7 -12 -2 -14 17 -15 5 -2 2 6 2 -2 -3 5 1 6 3 
3 11 1 -17 3 5 -1 1 7 3 14 -9 11 -5 0 -2 10 15 0 4 
4 3 17 4 5 9 -11 -1 1 3 16 11 3 -8 17 2 14 -16 5 5 
-8 16 5 9 -7 2 -6 1 -11 8 2 16 -5 -6 -4 5 17 4 13 3 
-6 6 17 4 14 4 15 -15 3 12 7 0 -16 6 6 9 -16 9 5 -10 
2 -13 -13 3 17 7 15 3 1 -5 -7 10 -15 8 -13 2 -11 16 2 -14 
12 10 2 1 14 2 5 -17 14 10 7 -7 -13 13 9 6 12 1 9 11 
9 4 12 8 16 14 13 6 8 13 11 -10 16 1 8 3 7 4 -13 16 
17 9 6 0 16 14 5 4 -4 6 3 16 8 5 15 -2 10 14 6 0 
12 11 7 6 14 1 16 -7 8 3 17 -5 2 15 12 16 -7 5 10 2 
2 10 5 -7 16 12 15 2 -5 17 3 8 -7 16 1 14 6 7 11 12 
0 6 14 10 -2 15 5 8 16 3 6 -4 4 5 14 16 0 6 9 17 
16 -13 4 7 3 8 1 16 -10 11 13 8 6 13 14 16 8 12 4 9 
11 9 1 12 6 9 13 -13 -7 7 10 14 -17 5 2 14 1 2 10 12 
-14 2 16 -11 2 -13 8 -15 10 -7 -5 1 3 15 7 17 3 -13 -13 2 
-10 5 9 -16 9 6 6 -16 0 7 12 3 -15 15 4 14 4 17 6 -6 
3 13 4 17 5 -4 -6 -5 16 2 8 -11 1 -6 2 -7 9 5 16 -8 
5 5 -16 14 2 17 -8 3 11 16 3 1 -1 -11 9 5 4 17 3 4 
4 0 15 10 -2 0 -5 11 -9 14 3 7 1 -1 5 3 -17 1 11 3 
3 6 1 5 -3 -2 2 6 2 -2 5 -15 17 -14 -2 -12 7 5 13 6 
30
8
18 14
18 17
17 18
18 4
0 7
14 1
2 10
8 11
1 5
1 2
2 1
1 15
19 12
5 18
17 9
11 8
12
7 13 14
2 11 8
6 18 12
9 1 13
1 19 12
13 17 15
12 6 14
17 8 8
13 1 12
10 18 13
18 0 12
6 2 15
38
4 7
13 19
15 6
1 14
3 19
0 8
4 12
0 15
17 15
14 8
17 5
1 8
11 3
4 9
2 19
16 8
9 19
18 7
5 7
15 12
6 0
4 13
18 5
16 0
19 11
15 7
19 4
2 4
5 11
2 14
18 11
8 16
15 10
17 0
3 11
10 0
1 12
14 12
