20 20
24 -18 13 11 11 3 -10 -19 -4 24 12 20 17 -16 18 21 10 22 19 15 
23 9 21 4 22 10 10 15 11 7 22 16 18 3 20 5 5 23 19 1 
13 21 11 -10 5 -7 1 10 12 -8 5 -22 7 -13 22 -3 10 21 -1 -13 
6 -9 3 7 23 -6 10 6 12 9 -22 -18 9 9 -9 9 22 2 -13 20 
9 18 16 16 22 22 5 17 6 17 24 -14 8 8 -18 12 17 -14 -13 6 
-3 22 23 14 -8 -16 17 -3 20 11 2 16 16 -21 21 -3 -2 -15 23 6 
4 7 10 -16 16 20 18 7 19 19 22 11 0 10 11 3 22 17 3 -2 
17 5 3 20 14 24 6 -3 23 -23 14 -4 6 21 13 20 -9 2 21 9 
14 2 14 19 8 7 -20 2 -14 3 14 19 -11 23 12 15 -21 18 -8 20 
4 11 8 -3 17 -14 16 15 2 1 15 14 22 23 11 12 6 17 22 12 
12 22 17 6 12 11 23 22 14 15 1 2 15 16 -14 17 -3 8 11 4 
20 -8 18 -21 15 12 23 -11 19 14 3 -14 2 -20 7 8 19 14 2 14 
9 21 2 -9 20 13 21 6 -4 14 -23 23 -3 6 24 14 20 3 5 17 
-2 3 17 22 3 11 10 0 11 22 19 19 7 18 20 16 -16 10 7 4 
6 23 -15 -2 -3 21 -21 16 16 2 11 20 -3 17 -16 -8 14 23 22 -3 
6 -13 -14 17 12 -18 8 8 -14 24 17 6 17 5 22 22 16 16 18 9 
20 -13 2 22 9 -9 9 9 -18 -22 9 12 6 10 -6 23 7 3 -9 6 
-13 -1 21 10 -3 22 -13 7 -22 5 -8 12 10 1 -7 5 -10 11 21 13 
1 19 23 5 5 20 3 18 16 22 7 11 15 10 10 22 4 21 9 23 
15 19 22 10 21 18 -16 17 20 12 24 -4 -19 -10 3 11 11 13 -18 24 
43
4
16 19
0 7
19 11
4 15
3 0
19 12
0 8
15 4
10
12 9 13
16 9 15
12 8 12
10 9 14
2 14 9
7 10 13
3 10 15
7 11 12
9 10 14
17 5 9
28
13 5
5 4
12 0
9 0
6 5
5 17
1 14
6 15
15 5
1 10
9 7
12 10
10 15
1 19
6 14
14 15
7 19
10 19
13 14
14 2
18 5
13 4
4 14
18 9
10 12
7 9
9 4
18 0
