20 20
-1 20 -19 22 14 3 9 -15 18 22 8 18 -11 -19 -5 7 19 20 -5 -7 
2 -22 11 7 14 -9 1 3 -18 15 8 6 14 20 -10 6 6 -6 -14 -10 
20 15 1 3 5 -1 12 5 2 3 3 -15 20 3 15 -18 13 0 9 3 
11 14 8 22 -19 9 22 17 5 18 21 -22 21 -2 18 16 19 -11 14 6 
13 7 -4 6 11 -11 1 5 -8 14 21 1 -12 17 17 10 15 22 0 -20 
15 -14 -22 2 14 19 -5 7 -12 -16 -6 6 -7 15 -3 -18 5 18 9 18 
4 11 4 6 13 5 19 15 -19 -13 -22 2 -20 -18 8 -21 -13 -4 -4 1 
-13 -21 -12 11 17 -10 -11 -8 6 16 17 -16 1 -6 2 3 14 16 15 18 
10 19 22 6 -17 15 -14 1 7 -7 19 7 2 9 -22 21 13 21 19 18 
7 19 7 21 -9 -11 21 -9 13 17 -1 16 11 19 18 -10 12 6 18 -10 
-10 18 6 12 -10 18 19 11 16 -1 17 13 -9 21 -11 -9 21 7 19 7 
18 19 21 13 21 -22 9 2 7 19 -7 7 1 -14 15 -17 6 22 19 10 
18 15 16 14 3 2 -6 1 -16 17 16 6 -8 -11 -10 17 11 -12 -21 -13 
1 -4 -4 -13 -21 8 -18 -20 2 -22 -13 -19 15 19 5 13 6 4 11 4 
18 9 18 5 -18 -3 15 -7 6 -6 -16 -12 7 -5 19 14 2 -22 -14 15 
-20 0 22 15 10 17 17 -12 1 21 14 -8 5 1 -11 11 6 -4 7 13 
6 14 -11 19 16 18 -2 21 -22 21 18 5 17 22 9 -19 22 8 14 11 
3 9 0 13 -18 15 3 20 -15 3 3 2 5 12 -1 5 3 1 15 20 
-10 -14 -6 6 6 -10 20 14 6 8 15 -18 3 1 -9 14 7 11 -22 2 
-7 -5 20 19 7 -5 -19 -11 18 8 22 18 -15 9 3 14 22 -19 20 -1 
46
8
19 3
8 19
14 2
1 2
12 0
13 15
10 8
16 5
0 16
11 0
5 17
18 17
7 19
6 4
9 11
3 14
16
12 14 10
15 17 9
14 6 16
16 15 14
4 3 13
19 2 16
0 10 14
10 5 14
7 5 10
4 2 9
5 13 16
3 4 14
15 16 13
0 17 16
19 9 14
9 14 14
38
5 15
0 9
16 14
8 0
16 6
15 0
8 17
12 9
16 11
13 3
13 7
3 12
0 11
11 6
4 8
9 5
17 2
2 7
1 17
14 4
19 10
3 5
11 19
3 13
4 19
11 2
7 10
3 8
6 16
6 12
16 7
19 8
8 13
15 11
10 14
2 17
17 12
18 2
