20 20
6 14 10 25 8 16 -7 12 8 14 22 16 8 7 6 6 15 25 3 26 
20 12 14 14 18 16 24 -26 6 11 -14 26 22 -10 12 22 -13 10 8 15 
14 -3 19 1 -14 7 19 4 23 6 26 -18 10 -10 16 2 -3 26 15 1 
5 15 25 -5 8 23 20 -4 15 1 20 18 0 -20 3 -25 15 2 23 19 
6 -6 16 11 16 3 20 -19 19 -18 9 15 1 5 3 3 14 -21 2 1 
25 3 13 -19 0 21 17 -11 -24 11 -19 25 24 26 -2 8 24 8 8 15 
18 13 6 8 -26 6 10 -19 8 12 -20 4 24 24 1 0 19 -8 26 -6 
-5 19 18 7 -8 7 18 3 -2 9 26 8 11 8 10 1 20 -2 15 11 
1 -18 16 26 22 15 16 7 9 4 -23 -12 -25 1 2 -25 3 -8 -22 1 
16 -24 13 3 6 -18 -7 15 -11 15 11 8 18 24 25 26 20 20 11 12 
12 11 20 20 26 25 24 18 8 11 15 -11 15 -7 -18 6 3 13 -24 16 
1 -22 -8 3 -25 2 1 -25 -12 -23 4 9 7 16 15 22 26 16 -18 1 
11 15 -2 20 1 10 8 11 8 26 9 -2 3 18 7 -8 7 18 19 -5 
-6 26 -8 19 0 1 24 24 4 -20 12 8 -19 10 6 -26 8 6 13 18 
15 8 8 24 8 -2 26 24 25 -19 11 -24 -11 17 21 0 -19 13 3 25 
1 2 -21 14 3 3 5 1 15 9 -18 19 -19 20 3 16 11 16 -6 6 
19 23 2 15 -25 3 -20 0 18 20 1 15 -4 20 23 8 -5 25 15 5 
1 15 26 -3 2 16 -10 10 -18 26 6 23 4 19 7 -14 1 19 -3 14 
15 8 10 -13 22 12 -10 22 26 -14 11 6 -26 24 16 18 14 14 12 20 
26 3 25 15 6 6 7 8 16 22 14 8 12 -7 16 8 25 10 14 6 
48
2
13 17
18 14
6 2
1 5
16
3 1 16
2 12 13
2 5 12
3 11 9
4 9 8
6 0 10
9 17 16
12 11 9
16 18 16
17 7 13
17 14 12
16 8 9
15 10 8
13 19 10
10 2 16
7 8 9
30
13 8
18 10
19 0
10 6
10 13
15 4
8 1
3 14
18 9
3 2
12 1
0 18
15 0
5 3
12 13
6 11
1 9
0 19
9 13
9 6
4 15
11 18
16 5
1 10
16 17
7 18
19 1
4 19
14 16
7 6
