20 20
2 2 2 3 3 1 3 2 1 3 3 2 0 1 1 2 2 2 -2 2 
1 3 -1 0 2 1 0 3 2 -1 0 2 1 1 2 0 1 3 -1 -3 
3 1 0 1 0 3 1 1 3 2 2 0 2 2 -1 0 2 1 2 0 
0 1 3 2 1 2 -1 0 0 2 2 1 2 2 1 2 3 1 0 2 
1 2 3 -1 3 -2 -2 1 3 -2 1 0 1 -1 -1 2 0 -2 3 0 
2 0 2 -2 3 1 0 1 2 3 1 -3 2 1 2 -1 1 2 3 -1 
3 2 3 3 0 1 0 1 2 2 3 1 3 -3 2 1 3 0 -2 1 
2 -2 -2 0 3 0 2 1 2 2 0 1 2 -3 1 -2 0 1 3 3 
1 2 0 -3 -1 -1 3 -2 3 3 -3 -1 1 0 0 1 2 3 2 3 
3 2 -3 1 -1 3 2 3 3 1 0 3 -1 0 2 -1 1 2 -1 3 
3 -1 2 1 -1 2 0 -1 3 0 1 3 3 2 3 -1 1 -3 2 3 
3 2 3 2 1 0 0 1 -1 -3 3 3 -2 3 -1 -1 -3 0 2 1 
3 3 1 0 -2 1 -3 2 1 0 2 2 1 2 0 3 0 -2 -2 2 
1 -2 0 3 1 2 -3 3 1 3 2 2 1 0 1 0 3 3 2 3 
-1 3 2 1 -1 2 1 2 -3 1 3 2 1 0 1 3 -2 2 0 2 
0 3 -2 0 2 -1 -1 1 0 1 -2 3 1 -2 -2 3 -1 3 2 1 
2 0 1 3 2 1 2 2 1 2 2 0 0 -1 2 1 2 3 1 0 
0 2 1 2 0 -1 2 2 0 2 2 3 1 1 3 0 1 0 1 3 
-3 -1 3 1 0 2 1 1 2 0 -1 2 3 0 1 2 0 -1 3 1 
2 -2 2 2 2 1 1 0 2 3 3 1 2 3 1 3 3 2 2 2 
51
5
0 7
17 14
0 1
17 9
2 19
19 12
2 5
19 18
2 10
17 0
10
3 8 11
17 18 9
0 19 14
11 2 9
5 11 9
16 11 11
2 1 9
19 0 14
8 17 9
14 8 9
36
13 2
4 16
3 9
5 19
7 15
17 13
15 13
16 6
14 10
12 19
16 1
10 18
16 14
10 7
18 16
13 7
3 4
16 7
6 17
15 3
16 10
14 0
12 4
2 6
4 6
3 13
5 9
7 0
3 18
9 1
3 5
9 12
1 3
6 12
16 15
3 12
