20 20
17 -3 16 8 5 4 -4 14 16 18 4 15 12 18 17 -9 -1 9 10 -13 
8 19 -13 -6 16 15 -10 15 10 2 -4 12 -19 15 7 1 2 9 10 10 
12 19 19 -18 11 11 3 16 4 8 6 7 7 -5 0 19 0 16 12 18 
5 -4 -8 15 6 9 8 10 -15 5 3 19 10 10 -11 18 2 16 18 15 
16 13 9 19 6 12 19 14 2 -9 -13 19 -12 4 16 1 19 1 -4 12 
6 17 2 0 18 18 8 2 -14 -19 17 -18 12 6 13 -13 10 19 10 13 
-7 -12 19 15 2 7 7 -5 5 2 4 9 15 2 16 14 -10 -13 1 10 
17 11 3 19 17 16 -6 18 15 -13 17 6 9 5 13 17 -5 -7 -5 -15 
-9 4 -8 -16 -19 11 7 19 6 -15 17 -12 0 8 15 -5 6 14 4 -2 
17 13 10 -19 18 8 0 2 9 5 6 -13 -5 13 18 3 15 12 6 -10 
-10 6 12 15 3 18 13 -5 -13 6 5 9 2 0 8 18 -19 10 13 17 
-2 4 14 6 -5 15 8 0 -12 17 -15 6 19 7 11 -19 -16 -8 4 -9 
-15 -5 -7 -5 17 13 5 9 6 17 -13 15 18 -6 16 17 19 3 11 17 
10 1 -13 -10 14 16 2 15 9 4 2 5 -5 7 7 2 15 19 -12 -7 
13 10 19 10 -13 13 6 12 -18 17 -19 -14 2 8 18 18 0 2 17 6 
12 -4 1 19 1 16 4 -12 19 -13 -9 2 14 19 12 6 19 9 13 16 
15 18 16 2 18 -11 10 10 19 3 5 -15 10 8 9 6 15 -8 -4 5 
18 12 16 0 19 0 -5 7 7 6 8 4 16 3 11 11 -18 19 19 12 
10 10 9 2 1 7 15 -19 12 -4 2 10 15 -10 15 16 -6 -13 19 8 
-13 10 9 -1 -9 17 18 12 15 4 18 16 14 -4 4 5 8 16 -3 17 
30
2
18 6
0 11
1 13
19 8
6
13 17 13
16 8 16
18 17 10
6 2 13
3 11 16
1 2 10
30
8 17
14 6
12 9
4 0
0 15
16 10
15 8
18 10
0 6
1 19
15 12
1 0
11 14
10 12
5 7
11 2
5 13
7 10
15 19
19 4
3 9
4 11
1 9
19 13
18 0
4 7
18 19
8 5
9 7
14 12
