20 20
16 -11 2 -17 16 5 10 -15 1 5 2 5 -10 -4 11 -9 11 5 13 -15 
15 -15 -8 -7 9 -3 9 2 17 -2 15 -13 -7 5 -4 17 7 14 -9 11 
-10 1 13 2 2 16 -1 12 13 17 -8 11 7 7 -15 16 9 13 15 9 
14 6 -15 10 14 -4 13 17 13 8 13 -2 14 -8 -8 -13 -7 16 9 6 
-9 13 13 5 12 9 16 11 6 9 4 6 2 -13 17 -17 13 15 -3 5 
-6 9 -10 15 7 12 16 15 -9 -10 -13 -3 11 8 1 8 15 2 2 2 
8 10 2 11 12 14 8 8 0 8 11 16 3 10 -12 -12 13 7 17 13 
7 6 11 12 11 6 8 1 10 16 1 15 -16 11 16 -16 5 3 4 16 
-11 -15 2 13 8 3 16 1 1 1 11 6 -13 -16 15 4 8 -2 -8 8 
4 0 -7 2 8 0 -5 -11 7 -13 16 -15 11 4 -16 6 12 4 12 7 
7 12 4 12 6 -16 4 11 -15 16 -13 7 -11 -5 0 8 2 -7 0 4 
8 -8 -2 8 4 15 -16 -13 6 11 1 1 1 16 3 8 13 2 -15 -11 
16 4 3 5 -16 16 11 -16 15 1 16 10 1 8 6 11 12 11 6 7 
13 17 7 13 -12 -12 10 3 16 11 8 0 8 8 14 12 11 2 10 8 
2 2 2 15 8 1 8 11 -3 -13 -10 -9 15 16 12 7 15 -10 9 -6 
5 -3 15 13 -17 17 -13 2 6 4 9 6 11 16 9 12 5 13 13 -9 
6 9 16 -7 -13 -8 -8 14 -2 13 8 13 17 13 -4 14 10 -15 6 14 
9 15 13 9 16 -15 7 7 11 -8 17 13 12 -1 16 2 2 13 1 -10 
11 -9 14 7 17 -4 5 -7 -13 15 -2 17 2 9 -3 9 -7 -8 -15 15 
-15 13 5 11 -9 11 -4 -10 5 2 5 1 -15 10 5 16 -17 2 -11 16 
54
6
13 12
18 10
8 17
18 16
4 10
2 1
6 7
1 9
11 2
1 3
15 9
17 18
10
0 8 11
6 17 12
2 15 15
1 19 12
0 9 11
19 11 11
13 2 12
17 4 15
18 0 12
19 10 11
34
13 10
1 8
18 6
6 1
7 14
2 13
6 11
0 18
5 4
15 13
7 17
8 13
9 13
11 7
8 2
3 5
8 16
6 9
18 11
1 13
13 18
12 5
17 6
13 8
19 1
14 15
4 6
12 2
11 6
10 6
8 12
11 17
16 14
11 3
