20 20
7 6 3 7 8 -8 4 3 9 1 -9 4 7 4 1 9 1 5 7 -3 
4 5 1 9 4 3 -8 5 0 1 -4 8 2 0 7 8 9 6 5 0 
7 2 4 9 4 1 -8 6 1 3 8 3 5 -9 3 9 7 2 2 -7 
4 -8 6 2 4 0 6 6 2 7 3 9 4 4 -9 -1 1 7 5 -2 
5 8 6 3 2 6 7 8 3 4 2 -1 9 -6 5 -6 6 3 8 7 
8 6 8 0 6 -9 -1 7 0 8 2 -7 -3 2 -6 6 7 -5 -2 4 
7 -5 7 -6 5 3 6 -1 6 -5 -8 1 2 -9 7 3 -6 3 9 4 
6 -8 -5 -1 5 6 -2 8 1 5 3 9 2 5 3 5 3 4 3 4 
8 3 7 -7 0 8 -6 2 5 8 4 1 -5 5 -9 2 9 0 7 4 
1 2 4 -9 8 0 5 5 8 0 1 6 2 -6 5 -1 3 1 8 9 
9 8 1 3 -1 5 -6 2 6 1 0 8 5 5 0 8 -9 4 2 1 
4 7 0 9 2 -9 5 -5 1 4 8 5 2 -6 8 0 -7 7 3 8 
4 3 4 3 5 3 5 2 9 3 5 1 8 -2 6 5 -1 -5 -8 6 
4 9 3 -6 3 7 -9 2 1 -8 -5 6 -1 6 3 5 -6 7 -5 7 
4 -2 -5 7 6 -6 2 -3 -7 2 8 0 7 -1 -9 6 0 8 6 8 
7 8 3 6 -6 5 -6 9 -1 2 4 3 8 7 6 2 3 6 8 5 
-2 5 7 1 -1 -9 4 4 9 3 7 2 6 6 0 4 2 6 -8 4 
-7 2 2 7 9 3 -9 5 3 8 3 1 6 -8 1 4 9 4 2 7 
0 5 6 9 8 7 0 2 8 -4 1 0 5 -8 3 4 9 1 5 4 
-3 7 5 1 9 1 4 7 4 -9 1 9 3 4 -8 8 7 3 6 7 
44
7
18 5
3 5
16 18
19 15
12 18
11 15
1 15
1 14
16 14
3 1
0 4
7 1
8 4
18 4
20
10 0 14
15 19 9
3 15 12
2 13 14
17 3 13
5 14 15
9 14 8
12 13 12
2 0 11
10 15 15
9 19 14
4 0 9
16 4 12
17 6 14
2 16 13
14 5 15
10 5 8
7 6 12
17 19 11
9 4 15
40
2 1
0 14
8 14
11 1
5 16
15 16
15 10
15 3
11 9
12 0
18 19
2 8
9 6
1 6
2 18
18 1
16 11
5 6
15 12
6 4
17 18
19 5
11 5
8 18
14 3
4 3
4 9
4 16
8 10
7 19
1 0
17 11
10 13
18 13
17 1
1 18
3 8
14 13
4 7
13 15
