20 20
-4 7 2 -1 -1 -8 10 4 1 6 7 0 9 -1 6 8 -4 8 7 4 
-8 -1 7 10 11 6 7 -6 10 10 4 2 3 4 -1 -12 12 10 -7 6 
2 -11 3 -2 -11 6 4 0 2 1 -3 5 6 10 -4 0 8 4 6 -9 
1 9 2 9 -6 1 12 5 9 4 9 8 -11 6 -9 1 12 -7 -8 6 
3 10 9 7 12 4 2 7 9 0 10 10 3 6 5 7 2 10 12 -8 
2 10 8 11 2 6 5 2 3 7 10 10 -2 -7 3 -12 -6 5 5 -5 
8 7 -3 -6 12 3 1 -6 -4 9 0 -5 -6 5 3 11 1 -8 2 9 
11 4 3 -1 -9 11 8 4 12 -5 -12 11 6 12 3 -7 -1 10 1 5 
11 2 11 10 5 -4 3 10 7 2 7 3 9 3 5 9 11 7 -8 6 
1 7 9 0 3 8 9 -2 1 10 7 10 7 -6 -2 -11 12 7 10 -3 
-3 10 7 12 -11 -2 -6 7 10 7 10 1 -2 9 8 3 0 9 7 1 
6 -8 7 11 9 5 3 9 3 7 2 7 10 3 -4 5 10 11 2 11 
5 1 10 -1 -7 3 12 6 11 -12 -5 12 4 8 11 -9 -1 3 4 11 
9 2 -8 1 11 3 5 -6 -5 0 9 -4 -6 1 3 12 -6 -3 7 8 
-5 5 5 -6 -12 3 -7 -2 10 10 7 3 2 5 6 2 11 8 10 2 
-8 12 10 2 7 5 6 3 10 10 0 9 7 2 4 12 7 9 10 3 
6 -8 -7 12 1 -9 6 -11 8 9 4 9 5 12 1 -6 9 2 9 1 
-9 6 4 8 0 -4 10 6 5 -3 1 2 0 4 6 -11 -2 3 -11 2 
6 -7 10 12 -12 -1 4 3 2 4 10 10 -6 7 6 11 10 7 -1 -8 
4 7 8 -4 8 6 -1 9 0 7 6 1 4 10 -8 -1 -1 2 7 -4 
59
8
10 17
19 10
3 2
0 11
5 6
3 13
1 11
14 12
9 2
0 9
16 17
19 8
14 13
16 6
18 8
5 7
14
0 19 8
10 0 15
1 8 14
19 4 10
0 2 9
3 15 16
7 9 15
19 0 8
9 19 15
18 11 14
0 15 10
19 17 9
16 4 16
12 10 15
32
2 5
3 7
5 18
7 8
1 14
14 6
10 7
18 16
19 14
17 0
2 13
16 13
8 10
6 17
14 19
15 1
17 14
16 12
14 1
12 11
18 5
5 13
9 12
1 3
0 5
2 19
17 6
3 6
11 9
13 2
5 0
4 18
