20 20
1 4 5 5 3 3 4 -2 2 -3 5 1 4 2 4 0 4 2 5 5 
4 -1 -2 -2 -5 2 4 1 0 4 2 3 5 -2 4 5 1 0 4 1 
-5 4 -2 5 -4 3 0 4 4 -5 -4 -1 4 0 4 4 3 5 1 0 
-2 4 1 0 3 3 2 0 -5 2 5 5 2 2 4 5 -1 5 1 3 
2 -3 2 5 1 -3 3 -1 1 2 -5 5 -4 2 5 3 4 1 5 -1 
2 0 3 0 3 2 2 5 4 2 1 -4 4 1 3 -4 3 4 -5 5 
2 3 5 0 3 3 -2 0 3 0 2 3 4 -5 0 1 -4 0 -1 -3 
1 2 2 1 5 4 -5 1 1 4 2 1 2 -1 4 1 -3 -4 1 1 
0 -5 1 -3 5 2 3 -2 4 -2 4 3 2 2 -3 4 4 4 -4 -1 
3 -5 1 4 4 0 1 5 4 0 5 4 4 3 -5 2 4 3 -5 2 
2 -5 3 4 2 -5 3 4 4 5 0 4 5 1 0 4 4 1 -5 3 
-1 -4 4 4 4 -3 2 2 3 4 -2 4 -2 3 2 5 -3 1 -5 0 
1 1 -4 -3 1 4 -1 2 1 2 4 1 1 -5 4 5 1 2 2 1 
-3 -1 0 -4 1 0 -5 4 3 2 0 3 0 -2 3 3 0 5 3 2 
5 -5 4 3 -4 3 1 4 -4 1 2 4 5 2 2 3 0 3 0 2 
-1 5 1 4 3 5 2 -4 5 -5 2 1 -1 3 -3 1 5 2 -3 2 
3 1 5 -1 5 4 2 2 5 5 2 -5 0 2 3 3 0 1 4 -2 
0 1 5 3 4 4 0 4 -1 -4 -5 4 4 0 3 -4 5 -2 4 -5 
1 4 0 1 5 4 -2 5 3 2 4 0 1 4 2 -5 -2 -2 -1 4 
5 5 2 4 0 4 2 4 1 5 -3 2 -2 4 3 3 5 5 4 1 
48
7
0 11
5 15
2 1
13 7
0 13
7 9
2 14
19 8
14 4
17 18
6 12
19 6
12 10
17 5
10
3 0 9
15 6 12
6 5 12
16 7 16
10 0 15
16 19 9
4 13 12
13 14 12
3 12 16
9 19 15
40
11 10
10 12
3 16
19 7
15 13
0 6
7 3
1 3
2 11
19 11
12 13
13 10
17 11
9 18
4 10
15 14
8 13
11 5
4 17
10 9
8 9
9 7
16 3
0 12
4 6
19 13
12 16
18 16
17 8
0 8
7 6
6 9
2 8
10 1
15 9
4 5
11 6
8 14
15 2
9 10
