20 20
6 5 4 4 4 -4 6 1 7 -2 3 0 2 -2 7 7 6 -7 1 3 
4 -3 -5 2 3 2 -2 7 4 6 0 1 2 7 -5 0 6 4 -4 3 
6 -5 3 5 -7 3 5 1 -2 -3 2 3 0 5 1 2 2 3 7 6 
-6 -6 5 2 6 4 7 0 6 1 5 6 -5 6 6 -1 3 2 -2 3 
7 6 0 -4 4 -1 2 6 1 7 7 1 -1 -4 7 5 2 6 2 3 
-5 0 3 1 7 5 -3 1 0 1 4 1 2 1 5 1 5 2 6 3 
6 7 3 -4 0 2 -1 4 1 2 2 5 3 3 5 -5 7 -4 7 4 
1 -5 -1 -5 3 4 5 4 -2 -1 4 7 7 7 1 3 6 7 6 2 
5 6 4 6 4 4 7 1 5 3 2 -3 5 6 5 -2 -3 -5 5 1 
0 -1 7 -3 7 -3 2 0 5 2 3 7 4 6 -1 5 -7 1 3 6 
6 3 1 -7 5 -1 6 4 7 3 2 5 0 2 -3 7 -3 7 -1 0 
1 5 -5 -3 -2 5 6 5 -3 2 3 5 1 7 4 4 6 4 6 5 
2 6 7 6 3 1 7 7 7 4 -1 -2 4 5 4 3 -5 -1 -5 1 
4 7 -4 7 -5 5 3 3 5 2 2 1 4 -1 2 0 -4 3 7 6 
3 6 2 5 1 5 1 2 1 4 1 0 1 -3 5 7 1 3 0 -5 
3 2 6 2 5 7 -4 -1 1 7 7 1 6 2 -1 4 -4 0 6 7 
3 -2 2 3 -1 6 6 -5 6 5 1 6 0 7 4 6 2 5 -6 -6 
6 7 3 2 2 1 5 0 3 2 -3 -2 1 5 3 -7 5 3 -5 6 
3 -4 4 6 0 -5 7 2 1 0 6 4 7 -2 2 3 2 -5 -3 4 
3 1 -7 6 7 7 -2 2 0 3 -2 7 1 6 -4 4 4 4 5 6 
37
5
13 17
10 11
16 0
16 4
10 2
6 2
9 8
3 19
3 15
9 17
8
19 13 13
1 4 14
13 5 8
4 10 9
0 6 13
18 15 14
6 14 8
15 9 9
38
4 18
13 14
12 0
19 3
4 0
14 2
9 14
9 11
9 0
1 7
11 1
3 6
15 7
5 8
11 7
13 4
13 1
15 12
10 13
15 1
6 5
7 19
0 16
15 19
5 17
10 5
10 8
10 19
18 12
8 18
16 13
4 12
14 11
8 12
6 15
6 18
4 7
9 6
