20 20
6 -1 6 3 7 8 3 -6 -4 2 -7 -6 1 8 1 5 1 1 -2 1 
6 6 1 3 1 6 8 2 5 3 1 3 5 2 -2 0 -4 3 -8 6 
6 7 4 7 -4 8 5 4 -3 -6 0 0 -6 -3 2 8 6 0 0 -6 
7 4 3 0 1 5 4 0 2 -4 8 0 1 2 2 3 4 5 -8 -7 
-8 -8 2 4 1 8 2 -8 6 4 6 -7 8 2 8 1 4 7 -7 2 
4 2 2 8 -8 -6 3 -6 -5 7 8 7 4 8 6 4 4 6 -5 3 
7 2 8 3 7 -8 -1 4 3 1 -6 -1 1 3 -3 -1 -5 5 5 0 
7 4 8 6 8 -3 2 7 7 -8 4 4 5 -3 1 6 4 -2 -7 -1 
8 6 7 -3 5 -3 2 -6 0 6 0 5 6 6 -8 3 7 -3 5 7 
-5 1 8 1 2 7 7 8 1 1 7 6 4 -3 3 5 -3 3 6 -4 
-4 6 3 -3 5 3 -3 4 6 7 1 1 8 7 7 2 1 8 1 -5 
7 5 -3 7 3 -8 6 6 5 0 6 0 -6 2 -3 5 -3 7 6 8 
-1 -7 -2 4 6 1 -3 5 4 4 -8 7 7 2 -3 8 6 8 4 7 
0 5 5 -5 -1 -3 3 1 -1 -6 1 3 4 -1 -8 7 3 8 2 7 
3 -5 6 4 4 6 8 4 7 8 7 -5 -6 3 -6 -8 8 2 2 4 
2 -7 7 4 1 8 2 8 -7 6 4 6 -8 2 8 1 4 2 -8 -8 
-7 -8 5 4 3 2 2 1 0 8 -4 2 0 4 5 1 0 3 4 7 
-6 0 0 6 8 2 -3 -6 0 0 -6 -3 4 5 8 -4 7 4 7 6 
6 -8 3 -4 0 -2 2 5 3 1 3 5 2 8 6 1 3 1 6 6 
1 -2 1 1 5 1 8 1 -6 -7 2 -4 -6 3 8 7 3 6 -1 6 
51
2
8 18
12 2
11 1
7 17
20
12 6 16
2 4 8
3 8 8
2 1 14
3 9 9
7 2 13
5 17 8
9 7 16
9 6 14
6 11 15
7 13 16
17 15 8
16 11 8
17 18 14
16 10 9
12 17 13
14 2 8
10 12 16
10 13 14
13 8 15
36
17 12
8 0
1 16
5 6
12 18
13 11
11 5
10 11
11 9
17 11
6 5
11 15
9 1
1 2
17 5
18 4
14 16
17 19
2 7
11 19
18 3
14 13
7 1
6 8
8 14
9 8
8 10
2 8
13 14
8 4
10 18
18 17
2 14
1 15
5 3
2 0
