20 20
2 -13 0 10 5 -10 8 6 -3 3 -13 3 8 -11 -4 2 2 10 3 15 
12 8 10 2 14 -13 14 10 -6 4 15 -5 7 7 8 15 10 4 10 1 
-4 14 2 15 -15 1 12 1 11 -11 4 -12 -6 -10 9 4 7 -12 7 13 
-13 2 12 -2 10 -15 9 11 9 11 13 0 6 9 11 13 -13 1 8 12 
8 13 -2 -3 10 -3 9 6 6 4 -13 -2 -8 -11 14 6 -3 -14 8 -7 
-13 15 -3 -9 4 6 6 -11 15 -10 3 3 5 6 5 -6 -11 15 9 8 
-1 13 11 12 14 15 11 11 -4 1 5 -8 -15 6 -8 15 12 3 -4 6 
-12 0 -14 7 -9 12 -9 13 -5 2 4 6 -6 2 11 5 -1 8 12 7 
-6 0 4 0 -13 3 5 9 8 4 7 -14 -1 9 4 5 9 -8 12 12 
3 -10 -8 -3 -11 10 15 1 -1 0 2 9 9 3 3 -2 1 4 9 7 
7 9 4 1 -2 3 3 9 9 2 0 -1 1 15 10 -11 -3 -8 -10 3 
12 12 -8 9 5 4 9 -1 -14 7 4 8 9 5 3 -13 0 4 0 -6 
7 12 8 -1 5 11 2 -6 6 4 2 -5 13 -9 12 -9 7 -14 0 -12 
6 -4 3 12 15 -8 6 -15 -8 5 1 -4 11 11 15 14 12 11 13 -1 
8 9 15 -11 -6 5 6 5 3 3 -10 15 -11 6 6 4 -9 -3 15 -13 
-7 8 -14 -3 6 14 -11 -8 -2 -13 4 6 6 9 -3 10 -3 -2 13 8 
12 8 1 -13 13 11 9 6 0 13 11 9 11 9 -15 10 -2 12 2 -13 
13 7 -12 7 4 9 -10 -6 -12 4 -11 11 1 12 1 -15 15 2 14 -4 
1 10 4 10 15 8 7 7 -5 15 4 -6 10 14 -13 14 2 10 8 12 
15 3 10 2 2 -4 -11 8 3 -13 3 -3 6 8 -10 5 10 0 -13 2 
39
5
17 8
13 5
1 17
2 17
7 18
2 11
6 14
18 2
17 2
12 1
20
16 17 16
11 1 8
18 11 16
16 19 13
3 13 13
5 12 13
19 6 13
13 12 10
5 13 12
4 0 16
3 2 16
8 18 8
1 8 16
3 0 13
16 6 13
14 7 13
0 13 13
6 7 10
14 6 12
15 19 16
26
9 2
0 4
2 14
18 10
6 10
10 0
17 10
14 18
11 5
1 19
5 4
3 10
7 11
10 17
19 15
17 5
1 9
13 9
9 19
2 9
5 1
8 14
18 0
14 15
16 9
12 8
