20 20
9 9 12 -14 20 20 20 -3 24 11 17 5 1 12 24 23 -17 -9 8 -21 
12 18 1 -19 7 5 6 -15 15 8 22 7 17 10 24 5 19 11 -10 12 
20 5 -5 -26 19 3 -13 21 21 3 13 20 -23 25 25 -3 21 16 -20 -7 
-15 9 14 20 18 5 7 14 -26 21 18 10 24 13 -21 22 20 11 7 -9 
26 22 18 14 16 14 21 23 11 10 11 -7 26 13 13 23 24 10 -16 17 
1 24 10 -19 11 22 21 -26 13 26 15 -26 -9 8 8 4 20 0 10 12 
21 -2 7 23 16 19 26 -6 10 -5 3 -22 1 9 7 -5 -10 21 16 5 
7 20 17 11 8 22 19 22 8 0 17 -14 12 22 5 8 26 15 13 12 
9 17 -1 21 7 13 3 18 22 3 17 8 25 1 19 8 0 -15 -3 11 
20 -14 21 11 -2 19 12 15 23 -5 1 1 3 13 0 9 22 16 -26 0 
0 -26 16 22 9 0 13 3 1 1 -5 23 15 12 19 -2 11 21 -14 20 
11 -3 -15 0 8 19 1 25 8 17 3 22 18 3 13 7 21 -1 17 9 
12 13 15 26 8 5 22 12 -14 17 0 8 22 19 22 8 11 17 20 7 
5 16 21 -10 -5 7 9 1 -22 3 -5 10 -6 26 19 16 23 7 -2 21 
12 10 0 20 4 8 8 -9 -26 15 26 13 -26 21 22 11 -19 10 24 1 
17 -16 10 24 23 13 13 26 -7 11 10 11 23 21 14 16 14 18 22 26 
-9 7 11 20 22 -21 13 24 10 18 21 -26 14 7 5 18 20 14 9 -15 
-7 -20 16 21 -3 25 25 -23 20 13 3 21 21 -13 3 19 -26 -5 5 20 
12 -10 11 19 5 24 10 17 7 22 8 15 -15 6 5 7 -19 1 18 12 
-21 8 -9 -17 23 24 12 1 5 17 11 24 -3 20 20 20 -14 12 9 9 
36
7
11 14
10 0
0 4
3 4
2 18
2 0
16 19
8 5
9 19
19 15
16 15
17 1
17 19
3 0
6
16 11 10
19 12 14
19 6 9
3 8 10
0 7 14
0 13 9
34
2 12
12 7
4 7
7 18
11 9
19 5
7 5
16 8
19 14
4 10
7 0
17 0
0 6
10 6
11 2
18 16
2 13
17 7
7 12
15 12
12 1
8 10
0 14
12 14
3 11
0 5
15 9
12 19
2 19
19 13
9 13
8 17
1 3
17 6
