20 20
4 5 -3 0 -7 -4 8 6 3 -4 6 6 -4 8 -1 3 0 -7 2 6 
5 2 -4 4 1 -1 5 3 -7 2 7 7 -4 3 5 8 5 6 1 1 
2 2 5 5 -6 7 1 -3 2 5 3 -2 -8 3 5 2 8 3 -7 -3 
3 7 4 7 0 3 8 -3 -7 6 8 8 -5 4 -2 4 4 7 7 -6 
6 5 6 -6 -7 8 1 6 1 4 2 6 1 4 1 7 1 3 8 6 
3 8 7 4 2 5 5 8 7 2 5 -2 -3 5 6 2 8 7 -1 7 
6 -8 8 -6 -4 4 1 5 7 2 6 3 -4 -3 7 1 -3 5 3 3 
2 8 7 4 4 -8 -8 1 7 8 1 6 4 8 2 0 3 -6 6 7 
8 -8 8 -2 -4 1 0 3 3 0 3 5 6 6 3 8 -7 0 3 6 
6 -5 5 4 5 4 3 7 -3 4 3 4 -1 7 5 -7 0 4 6 7 
7 6 4 0 -7 5 7 -1 4 3 4 -3 7 3 4 5 4 5 -5 6 
6 3 0 -7 8 3 6 6 5 3 0 3 3 0 1 -4 -2 8 -8 8 
7 6 -6 3 0 2 8 4 6 1 8 7 1 -8 -8 4 4 7 8 2 
3 3 5 -3 1 7 -3 -4 3 6 2 7 5 1 4 -4 -6 8 -8 6 
7 -1 7 8 2 6 5 -3 -2 5 2 7 8 5 5 2 4 7 8 3 
6 8 3 1 7 1 4 1 6 2 4 1 6 1 8 -7 -6 6 5 6 
-6 7 7 4 4 -2 4 -5 8 8 6 -7 -3 8 3 0 7 4 7 3 
-3 -7 3 8 2 5 3 -8 -2 3 5 2 -3 1 7 -6 5 5 2 2 
1 1 6 5 8 5 3 -4 7 7 2 -7 3 5 -1 1 4 -4 2 5 
6 2 -7 0 3 -1 8 -4 6 6 -4 3 6 8 -4 -7 0 -3 5 4 
59
6
4 14
9 16
0 16
13 18
5 3
19 14
15 5
10 3
19 3
6 1
14 16
0 5
10
3 4 8
4 1 14
15 19 8
7 4 8
0 11 14
16 15 8
15 18 14
4 0 8
12 15 8
19 8 14
28
4 17
10 4
4 2
15 1
13 0
13 14
15 4
6 0
19 2
2 1
6 18
12 0
16 17
3 1
15 2
9 15
15 17
4 18
6 19
6 5
4 15
13 19
0 17
17 18
13 1
7 19
3 2
16 18
