20 20
29 10 13 1 3 24 20 19 28 9 -26 -2 -16 2 15 22 8 1 -15 18 
19 17 28 4 8 19 21 -6 -16 -5 19 0 28 -1 19 22 7 -15 3 -25 
6 11 9 8 7 19 29 21 22 -2 24 16 10 2 27 1 28 -7 19 -5 
-16 22 14 23 28 3 6 7 20 5 25 16 -5 21 24 -8 12 2 24 9 
21 21 8 9 20 -28 29 -3 -27 6 13 18 28 21 14 20 6 9 24 21 
20 -2 -27 -16 20 23 9 29 3 12 27 -15 27 14 26 5 3 9 -18 7 
12 3 27 -4 6 19 3 8 -5 16 22 22 7 -9 23 -13 -3 9 26 26 
-28 23 -20 8 8 -21 -19 -1 17 4 27 -16 18 21 -20 9 0 -14 24 3 
26 22 20 7 -10 20 13 14 9 -16 -26 24 13 -7 6 26 24 0 -4 15 
3 2 29 12 -16 5 17 -26 11 12 25 -8 4 2 2 -28 3 8 -25 10 
10 -25 8 3 -28 2 2 4 -8 25 12 11 -26 17 5 -16 12 29 2 3 
15 -4 0 24 26 6 -7 13 24 -26 -16 9 14 13 20 -10 7 20 22 26 
3 24 -14 0 9 -20 21 18 -16 27 4 17 -1 -19 -21 8 8 -20 23 -28 
26 26 9 -3 -13 23 -9 7 22 22 16 -5 8 3 19 6 -4 27 3 12 
7 -18 9 3 5 26 14 27 -15 27 12 3 29 9 23 20 -16 -27 -2 20 
21 24 9 6 20 14 21 28 18 13 6 -27 -3 29 -28 20 9 8 21 21 
9 24 2 12 -8 24 21 -5 16 25 5 20 7 6 3 28 23 14 22 -16 
-5 19 -7 28 1 27 2 10 16 24 -2 22 21 29 19 7 8 9 11 6 
-25 3 -15 7 22 19 -1 28 0 19 -5 -16 -6 21 19 8 4 28 17 19 
18 -15 1 8 22 15 2 -16 -2 -26 9 28 19 20 24 3 1 13 10 29 
56
5
9 17
19 12
18 2
9 5
13 6
10 2
0 7
1 17
10 14
6 13
20
14 18 8
8 10 16
14 9 10
8 15 13
15 11 15
15 13 14
3 12 15
19 14 9
13 7 13
0 4 10
5 1 8
11 9 16
5 10 10
11 4 13
4 8 15
4 6 14
16 7 15
0 5 9
6 12 13
19 15 10
28
16 3
5 9
14 17
17 0
12 19
14 15
9 3
0 16
8 18
8 12
2 0
17 9
10 1
12 11
3 16
14 10
5 2
2 19
7 0
5 4
10 16
19 3
11 1
11 7
17 19
2 10
9 18
7 8
