20 20
7 8 27 5 19 23 23 5 21 -15 24 5 15 27 -7 3 3 27 19 -15 
4 1 -6 -5 19 16 22 2 6 2 -25 14 2 17 -4 15 25 11 -28 27 
16 14 6 -17 -27 23 20 20 4 9 24 -12 3 -28 24 14 -28 21 1 22 
4 1 4 3 25 3 16 2 23 11 5 -21 15 -8 28 5 22 4 -2 26 
15 18 12 8 10 14 20 -13 20 2 1 4 14 -28 -23 -21 27 14 -28 12 
25 25 -27 20 1 -27 3 16 19 -1 28 -22 13 7 20 -16 -15 26 17 10 
8 -6 16 0 -2 -23 -15 13 11 18 8 -13 2 -1 21 0 -2 -26 16 10 
8 -18 10 20 2 3 20 25 22 14 -16 16 -6 14 21 -7 14 5 -10 20 
3 -7 15 3 16 15 20 -12 15 12 3 -19 -10 0 2 8 24 -18 -4 26 
-24 9 28 28 22 2 13 19 4 -11 8 23 -12 -6 -14 19 18 17 -2 22 
22 -2 17 18 19 -14 -6 -12 23 8 -11 4 19 13 2 22 28 28 9 -24 
26 -4 -18 24 8 2 0 -10 -19 3 12 15 -12 20 15 16 3 15 -7 3 
20 -10 5 14 -7 21 14 -6 16 -16 14 22 25 20 3 2 20 10 -18 8 
10 16 -26 -2 0 21 -1 2 -13 8 18 11 13 -15 -23 -2 0 16 -6 8 
10 17 26 -15 -16 20 7 13 -22 28 -1 19 16 3 -27 1 20 -27 25 25 
12 -28 14 27 -21 -23 -28 14 4 1 2 20 -13 20 14 10 8 12 18 15 
26 -2 4 22 5 28 -8 15 -21 5 11 23 2 16 3 25 3 4 1 4 
22 1 21 -28 14 24 -28 3 -12 24 9 4 20 20 23 -27 -17 6 14 16 
27 -28 11 25 15 -4 17 2 14 -25 2 6 2 22 16 19 -5 -6 1 4 
-15 19 27 3 3 -7 27 15 5 24 -15 21 5 23 23 19 5 27 8 7 
39
7
12 14
15 6
13 1
2 5
19 5
3 6
1 6
7 5
4 13
6 18
17 14
0 14
16 13
18 13
16
18 19 16
10 16 13
13 10 14
6 2 8
17 19 12
13 9 9
6 4 13
5 12 12
1 0 16
9 3 13
6 9 14
13 17 8
2 0 12
6 10 9
13 15 13
14 7 12
34
12 7
19 2
2 8
17 2
2 6
16 14
13 3
0 3
7 13
12 4
16 15
11 1
5 2
19 1
11 3
2 7
4 1
7 12
0 17
17 11
2 17
17 13
3 5
6 16
19 16
12 6
7 15
3 4
8 18
14 17
0 18
8 16
17 12
15 18
