20 20
5 5 -5 -4 7 6 0 2 0 3 0 0 -5 -2 4 -1 1 6 2 7 
3 -3 3 0 -6 6 5 7 1 -3 6 7 7 2 2 0 7 1 3 3 
3 4 5 4 -5 4 -4 7 7 7 0 -5 4 5 -7 1 5 1 5 4 
3 -2 1 4 5 5 4 -4 -1 -4 1 -4 5 7 6 -6 3 5 6 0 
-4 -1 -1 7 7 -6 6 6 6 3 -6 4 -6 3 6 4 3 3 1 2 
5 -4 1 4 6 5 4 -3 0 6 4 3 -2 -7 0 4 -1 5 -3 0 
-6 -6 4 4 3 0 0 2 2 6 5 6 0 3 4 -3 6 2 7 1 
6 5 4 -2 5 4 4 -5 7 -2 6 6 0 2 6 3 4 2 6 7 
4 -4 -5 2 -1 0 4 2 0 6 3 -1 1 4 -5 -7 5 0 4 -7 
3 7 2 0 7 -4 5 2 5 2 6 4 -2 1 7 -2 -2 6 -7 5 
5 -7 6 -2 -2 7 1 -2 4 6 2 5 2 5 -4 7 0 2 7 3 
-7 4 0 5 -7 -5 4 1 -1 3 6 0 2 4 0 -1 2 -5 -4 4 
7 6 2 4 3 6 2 0 6 6 -2 7 -5 4 4 5 -2 4 5 6 
1 7 2 6 -3 4 3 0 6 5 6 2 2 0 0 3 4 4 -6 -6 
0 -3 5 -1 4 0 -7 -2 3 4 6 0 -3 4 5 6 4 1 -4 5 
2 1 3 3 4 6 3 -6 4 -6 3 6 6 6 -6 7 7 -1 -1 -4 
0 6 5 3 -6 6 7 5 -4 1 -4 -1 -4 4 5 5 4 1 -2 3 
4 5 1 5 1 -7 5 4 -5 0 7 7 7 -4 4 -5 4 5 4 3 
3 3 1 7 0 2 2 7 7 6 -3 1 7 5 6 -6 0 3 -3 3 
7 2 6 1 -1 4 -2 -5 0 0 3 0 2 0 6 7 -4 -5 5 5 
58
7
16 9
19 0
4 10
7 2
15 3
16 12
18 6
3 10
0 19
15 9
12 17
4 16
3 7
1 13
16
3 6 9
16 2 12
11 2 11
5 4 15
8 3 15
1 15 15
3 1 11
17 15 14
16 13 9
3 17 12
8 17 11
14 15 15
11 16 15
18 4 15
16 18 11
2 4 14
40
3 16
10 15
19 6
11 19
0 11
15 14
6 17
17 4
1 4
3 13
6 4
5 12
14 5
3 0
7 14
4 8
14 17
0 2
12 8
5 10
16 3
9 4
0 13
8 0
19 8
4 5
13 2
2 15
18 15
16 6
13 15
14 7
5 14
16 19
12 5
15 11
5 2
19 17
7 11
14 9
