20 20
4 7 8 9 5 19 22 17 20 12 14 13 17 18 -4 17 6 -21 12 8 
-17 -1 19 17 14 -20 20 19 22 20 19 16 19 8 8 18 -5 22 15 10 
-8 5 3 13 6 21 -14 22 14 3 7 7 12 8 -6 2 6 5 21 9 
20 -19 4 20 4 10 -11 18 4 -4 11 15 -12 9 3 9 18 4 5 -20 
-4 17 10 6 -23 5 -23 2 10 -14 16 15 2 -4 10 19 1 -1 20 15 
21 20 14 16 8 -17 18 12 -6 5 13 -15 1 6 10 22 10 13 16 -12 
-13 12 1 11 -19 23 8 6 14 3 4 -5 4 18 6 7 14 21 5 6 
3 7 16 7 17 2 11 4 14 -4 1 14 14 14 21 2 14 4 8 23 
-4 8 21 5 18 -14 16 20 9 22 -14 22 3 7 20 17 5 7 7 -4 
17 3 15 -20 5 15 18 14 8 20 16 22 18 -10 3 -22 -4 23 -11 -6 
-6 -11 23 -4 -22 3 -10 18 22 16 20 8 14 18 15 5 -20 15 3 17 
-4 7 7 5 17 20 7 3 22 -14 22 9 20 16 -14 18 5 21 8 -4 
23 8 4 14 2 21 14 14 14 1 -4 14 4 11 2 17 7 16 7 3 
6 5 21 14 7 6 18 4 -5 4 3 14 6 8 23 -19 11 1 12 -13 
-12 16 13 10 22 10 6 1 -15 13 5 -6 12 18 -17 8 16 14 20 21 
15 20 -1 1 19 10 -4 2 15 16 -14 10 2 -23 5 -23 6 10 17 -4 
-20 5 4 18 9 3 9 -12 15 11 -4 4 18 -11 10 4 20 4 -19 20 
9 21 5 6 2 -6 8 12 7 7 3 14 22 -14 21 6 13 3 5 -8 
10 15 22 -5 18 8 8 19 16 19 20 22 19 20 -20 14 17 19 -1 -17 
8 12 -21 6 17 -4 18 17 13 14 12 20 17 22 19 5 9 8 7 4 
50
2
6 0
4 2
13 19
15 17
16
3 17 12
19 3 16
8 18 11
19 2 16
16 7 10
6 13 11
13 5 9
8 12 11
16 2 12
0 16 16
11 1 11
0 17 16
3 12 10
13 6 11
6 14 9
11 7 11
26
16 1
6 11
13 2
14 18
13 12
18 6
7 18
9 6
16 15
16 11
1 7
18 3
2 11
3 18
13 8
6 17
5 1
6 7
1 13
12 1
10 13
3 4
3 8
18 12
1 16
17 8
