20 20
5 8 7 11 -1 -7 6 -9 1 3 -9 6 5 8 -2 10 -7 2 4 2 
6 5 1 -7 9 2 9 2 0 -5 -7 10 5 10 9 11 9 11 2 -9 
4 6 4 2 0 6 4 11 5 -5 8 6 10 3 -6 -9 8 6 9 7 
9 11 6 11 3 11 11 8 -2 11 0 8 10 11 10 1 -2 9 -8 11 
10 6 3 -8 8 4 10 -10 11 6 9 10 11 -9 -9 10 -2 11 11 10 
10 -2 11 -10 1 5 -11 1 -6 3 6 3 4 -7 -2 8 -7 8 9 5 
3 8 7 1 7 4 -1 3 6 3 9 2 -11 0 10 10 -8 3 0 8 
-5 4 3 -1 1 9 11 5 2 6 6 5 7 9 10 1 2 -5 4 -3 
-7 11 8 -4 -5 8 6 0 10 9 1 -7 11 1 5 -2 -1 6 1 -7 
11 10 -3 -8 7 5 -6 5 1 10 10 -7 3 11 8 0 8 8 8 5 
5 8 8 8 0 8 11 3 -7 10 10 1 5 -6 5 7 -8 -3 10 11 
-7 1 6 -1 -2 5 1 11 -7 1 9 10 0 6 8 -5 -4 8 11 -7 
-3 4 -5 2 1 10 9 7 5 6 6 2 5 11 9 1 -1 3 4 -5 
8 0 3 -8 10 10 0 -11 2 9 3 6 3 -1 4 7 1 7 8 3 
5 9 8 -7 8 -2 -7 4 3 6 3 -6 1 -11 5 1 -10 11 -2 10 
10 11 11 -2 10 -9 -9 11 10 9 6 11 -10 10 4 8 -8 3 6 10 
11 -8 9 -2 1 10 11 10 8 0 11 -2 8 11 11 3 11 6 11 9 
7 9 6 8 -9 -6 3 10 6 8 -5 5 11 4 6 0 2 4 6 4 
-9 2 11 9 11 9 10 5 10 -7 -5 0 2 9 2 9 -7 1 5 6 
2 4 2 -7 10 -2 8 5 6 -9 3 1 -9 6 -7 -1 11 7 8 5 
48
4
15 10
17 3
15 3
12 18
4 9
2 16
4 16
7 1
6
1 4 12
16 1 14
13 4 10
18 15 12
3 18 14
6 15 10
34
10 0
11 19
17 14
7 13
11 10
14 8
5 14
14 16
3 5
4 17
14 1
5 12
10 17
19 5
16 7
10 2
3 11
9 19
8 0
2 5
12 6
8 9
5 11
14 5
5 3
16 14
15 2
5 18
14 7
9 2
0 14
3 12
9 17
16 8
