20 20
2 2 25 9 10 25 25 24 -6 29 30 13 -21 -15 18 23 -12 -4 -5 4 
29 2 -5 -14 -19 7 -28 4 6 10 -26 7 23 3 22 24 24 24 -5 -15 
13 12 8 30 22 10 10 4 3 20 -11 7 6 7 -6 7 -17 12 5 4 
13 26 7 29 11 26 9 15 15 -29 28 -8 18 25 5 26 29 -27 27 1 
27 16 3 28 -15 -8 30 14 14 22 15 15 -16 14 5 21 2 -24 21 29 
5 -12 9 14 7 17 3 6 13 22 30 23 26 20 15 -1 22 16 20 -23 
18 26 -12 -11 19 25 -4 22 22 23 -1 9 7 10 30 2 -20 8 22 8 
10 18 10 18 8 8 26 5 2 18 30 -8 17 -15 9 3 19 11 2 9 
28 3 -13 11 28 13 0 18 -10 2 15 -27 4 8 14 -7 -9 -1 1 -29 
-20 -22 -29 26 10 12 -10 22 18 6 12 22 15 13 0 -7 -9 -12 -2 12 
12 -2 -12 -9 -7 0 13 15 22 12 6 18 22 -10 12 10 26 -29 -22 -20 
-29 1 -1 -9 -7 14 8 4 -27 15 2 -10 18 0 13 28 11 -13 3 28 
9 2 11 19 3 9 -15 17 -8 30 18 2 5 26 8 8 18 10 18 10 
8 22 8 -20 2 30 10 7 9 -1 23 22 22 -4 25 19 -11 -12 26 18 
-23 20 16 22 -1 15 20 26 23 30 22 13 6 3 17 7 14 9 -12 5 
29 21 -24 2 21 5 14 -16 15 15 22 14 14 30 -8 -15 28 3 16 27 
1 27 -27 29 26 5 25 18 -8 28 -29 15 15 9 26 11 29 7 26 13 
4 5 12 -17 7 -6 7 6 7 -11 20 3 4 10 10 22 30 8 12 13 
-15 -5 24 24 24 22 3 23 7 -26 10 6 4 -28 7 -19 -14 -5 2 29 
4 -5 -4 -12 23 18 -15 -21 13 30 29 -6 24 25 25 10 9 25 2 2 
58
3
5 6
15 0
9 18
14 13
4 19
10 1
6
8 1 11
0 12 12
0 17 13
11 18 11
19 7 12
19 2 13
32
15 17
4 12
17 15
1 15
14 4
1 0
4 1
2 7
3 10
16 2
3 2
18 2
8 12
1 19
15 11
15 5
4 2
15 7
2 4
18 4
5 15
18 19
15 18
17 12
16 9
3 17
16 17
1 17
11 7
18 0
4 8
4 14
