20 20
9 -18 20 1 1 6 10 1 -13 7 2 9 11 18 7 10 21 6 13 6 
7 5 14 -8 9 21 1 14 0 1 21 2 14 2 16 10 21 5 20 19 
11 3 21 10 8 21 12 18 -12 13 0 7 14 18 7 4 -13 19 -4 2 
18 8 8 21 19 13 9 3 5 -9 -5 6 1 10 13 21 -10 9 -20 7 
-13 17 8 19 -8 17 -9 13 19 7 17 3 10 10 -10 4 17 3 10 17 
-2 8 10 -16 19 -7 16 10 4 3 2 -12 -2 14 -4 -9 7 16 -18 -9 
-4 6 1 12 -16 10 12 13 18 11 20 -16 3 10 -18 8 12 21 -21 21 
10 14 -11 0 5 4 -1 -8 6 -1 12 -13 12 16 16 14 -7 -6 1 14 
18 -20 9 -18 1 5 10 5 9 11 5 14 5 3 12 21 20 20 4 18 
8 4 10 13 -19 -7 11 -8 5 -4 11 5 10 21 9 -12 21 20 -17 10 
10 -17 20 21 -12 9 21 10 5 11 -4 5 -8 11 -7 -19 13 10 4 8 
18 4 20 20 21 12 3 5 14 5 11 9 5 10 5 1 -18 9 -20 18 
14 1 -6 -7 14 16 16 12 -13 12 -1 6 -8 -1 4 5 0 -11 14 10 
21 -21 21 12 8 -18 10 3 -16 20 11 18 13 12 10 -16 12 1 6 -4 
-9 -18 16 7 -9 -4 14 -2 -12 2 3 4 10 16 -7 19 -16 10 8 -2 
17 10 3 17 4 -10 10 10 3 17 7 19 13 -9 17 -8 19 8 17 -13 
7 -20 9 -10 21 13 10 1 6 -5 -9 5 3 9 13 19 21 8 8 18 
2 -4 19 -13 4 7 18 14 7 0 13 -12 18 12 21 8 10 21 3 11 
19 20 5 21 10 16 2 14 2 21 1 0 14 1 21 9 -8 14 5 7 
6 13 6 21 10 7 18 11 9 2 7 -13 1 10 6 1 1 20 -18 9 
34
3
16 11
2 9
11 0
3 8
17 10
8 19
10
7 14 8
16 0 10
7 5 12
0 5 13
19 13 14
12 5 8
3 19 10
12 14 12
19 14 13
0 6 14
36
2 15
4 12
18 3
12 17
13 12
6 11
0 15
15 17
9 1
8 7
8 11
4 14
2 11
16 12
11 4
12 9
15 9
5 12
17 4
15 7
1 16
7 2
6 7
13 8
19 4
4 2
10 18
11 12
11 8
15 5
17 8
3 7
8 15
7 10
4 10
14 7
