20 20
6 29 10 12 -29 -12 21 18 -27 6 10 21 27 24 22 21 25 -24 5 6 
4 25 12 23 -2 25 12 10 -3 -12 29 19 0 16 9 -2 18 9 15 -11 
20 8 3 27 21 -19 -17 -14 29 5 -19 21 1 27 19 -21 16 3 2 -5 
25 8 -13 9 -8 9 -3 -29 -15 15 16 29 -12 3 5 15 11 -7 -8 19 
23 6 4 2 28 22 23 -23 6 1 -21 6 14 11 19 -7 17 -13 17 28 
-17 -27 9 5 16 26 -16 7 7 23 21 -3 -21 25 26 24 29 0 27 -16 
29 4 20 -19 6 10 5 12 14 5 25 22 26 12 -2 11 27 28 -20 -3 
22 16 13 12 15 28 27 11 20 28 -14 11 -15 -26 24 2 1 1 -25 -11 
-18 2 17 18 22 -22 23 3 6 -22 14 -5 21 23 25 29 0 -3 22 -28 
17 -2 23 -25 7 -2 6 6 15 11 28 21 2 9 4 14 -6 23 7 -7 
-7 7 23 -6 14 4 9 2 21 28 11 15 6 6 -2 7 -25 23 -2 17 
-28 22 -3 0 29 25 23 21 -5 14 -22 6 3 23 -22 22 18 17 2 -18 
-11 -25 1 1 2 24 -26 -15 11 -14 28 20 11 27 28 15 12 13 16 22 
-3 -20 28 27 11 -2 12 26 22 25 5 14 12 5 10 6 -19 20 4 29 
-16 27 0 29 24 26 25 -21 -3 21 23 7 7 -16 26 16 5 9 -27 -17 
28 17 -13 17 -7 19 11 14 6 -21 1 6 -23 23 22 28 2 4 6 23 
19 -8 -7 11 15 5 3 -12 29 16 15 -15 -29 -3 9 -8 9 -13 8 25 
-5 2 3 16 -21 19 27 1 21 -19 5 29 -14 -17 -19 21 27 3 8 20 
-11 15 9 18 -2 9 16 0 19 29 -12 -3 10 12 25 -2 23 12 25 4 
6 5 -24 25 21 22 24 27 21 10 6 -27 18 21 -12 -29 12 10 29 6 
30
8
13 4
16 19
16 9
14 17
0 8
6 1
1 4
7 17
6 15
3 0
3 10
5 2
19 11
13 18
18 15
12 2
12
7 14 16
17 7 14
6 8 9
4 3 15
6 0 9
10 7 12
12 5 16
2 12 14
13 11 9
15 16 15
13 19 9
9 12 12
40
0 3
5 6
18 5
10 17
18 11
19 18
2 17
8 18
14 5
10 15
9 19
19 5
18 12
8 11
2 9
9 0
18 0
4 19
11 7
1 10
19 16
14 13
1 14
9 2
1 8
0 1
17 2
11 1
5 14
9 4
10 0
0 14
1 7
11 8
17 10
10 19
1 19
15 0
8 12
18 9
