20 20
22 -21 -2 4 12 19 22 22 21 0 16 6 13 -25 6 25 18 24 17 -10 
24 9 23 -8 24 4 3 21 12 20 3 12 14 -15 2 -15 12 14 13 -25 
16 24 11 24 27 10 24 2 1 12 10 0 -21 7 -16 2 12 -25 12 -4 
10 5 21 26 18 -23 4 1 18 -27 -24 11 20 14 20 26 22 10 19 0 
6 6 4 2 12 -19 27 -26 24 17 6 10 11 24 12 26 14 13 1 21 
15 11 -24 1 5 9 -17 23 11 17 3 21 20 -26 19 11 5 -8 20 17 
4 7 4 -3 0 24 -17 -17 21 19 24 5 11 13 3 6 27 19 22 -14 
1 8 18 14 13 15 -8 8 -15 25 22 25 -17 15 3 -11 -7 20 16 -12 
4 1 11 0 5 20 -6 3 2 17 25 13 -21 7 23 -18 14 10 8 5 
-26 17 4 -22 -17 -14 21 18 21 4 -8 -21 5 5 10 -1 23 -23 -2 -5 
-5 -2 -23 23 -1 10 5 5 -21 -8 4 21 18 21 -14 -17 -22 4 17 -26 
5 8 10 14 -18 23 7 -21 13 25 17 2 3 -6 20 5 0 11 1 4 
-12 16 20 -7 -11 3 15 -17 25 22 25 -15 8 -8 15 13 14 18 8 1 
-14 22 19 27 6 3 13 11 5 24 19 21 -17 -17 24 0 -3 4 7 4 
17 20 -8 5 11 19 -26 20 21 3 17 11 23 -17 9 5 1 -24 11 15 
21 1 13 14 26 12 24 11 10 6 17 24 -26 27 -19 12 2 4 6 6 
0 19 10 22 26 20 14 20 11 -24 -27 18 1 4 -23 18 26 21 5 10 
-4 12 -25 12 2 -16 7 -21 0 10 12 1 2 24 10 27 24 11 24 16 
-25 13 14 12 -15 2 -15 14 12 3 20 12 21 3 4 24 -8 23 9 24 
-10 17 24 18 25 6 -25 13 6 16 0 21 22 22 19 12 4 -2 -21 22 
46
2
13 10
1 8
6 9
18 11
6
19 16 13
4 14 11
3 18 13
0 3 13
15 5 11
16 1 13
26
4 7
19 12
9 14
17 3
8 6
14 2
10 8
18 6
15 4
12 5
19 18
18 9
15 19
15 12
0 7
10 5
2 16
11 13
5 17
9 11
1 13
4 15
7 14
0 1
1 10
4 0
