20 20
23 -22 -19 22 14 25 13 -2 10 26 18 -17 -25 25 23 -16 6 18 16 15 
-16 0 8 8 15 2 24 16 27 2 -2 15 3 15 4 14 -5 10 16 20 
22 -11 20 15 0 20 3 19 -21 -24 5 5 23 -12 13 5 6 5 15 6 
16 14 5 -11 6 9 2 -6 -9 22 27 25 22 -9 -5 -11 25 25 8 14 
0 6 13 8 -17 22 13 25 1 11 -8 -18 5 12 17 6 -17 16 10 -5 
14 7 -25 6 1 17 27 20 25 -22 24 20 2 23 -6 3 23 -23 12 -6 
24 6 21 23 4 -21 14 8 1 -14 6 -5 15 14 9 7 1 -14 -25 14 
3 15 9 -22 -5 13 20 0 20 -2 3 24 -12 9 -7 1 24 -26 21 15 
-16 1 26 3 -8 17 -25 5 5 22 5 5 22 -7 23 1 22 11 21 24 
-21 13 21 -22 -21 16 17 -7 -22 10 -14 18 4 -26 18 -12 27 -19 25 13 
13 25 -19 27 -12 18 -26 4 18 -14 10 -22 -7 17 16 -21 -22 21 13 -21 
24 21 11 22 1 23 -7 22 5 5 22 5 5 -25 17 -8 3 26 1 -16 
15 21 -26 24 1 -7 9 -12 24 3 -2 20 0 20 13 -5 -22 9 15 3 
14 -25 -14 1 7 9 14 15 -5 6 -14 1 8 14 -21 4 23 21 6 24 
-6 12 -23 23 3 -6 23 2 20 24 -22 25 20 27 17 1 6 -25 7 14 
-5 10 16 -17 6 17 12 5 -18 -8 11 1 25 13 22 -17 8 13 6 0 
14 8 25 25 -11 -5 -9 22 25 27 22 -9 -6 2 9 6 -11 5 14 16 
6 15 5 6 5 13 -12 23 5 5 -24 -21 19 3 20 0 15 20 -11 22 
20 16 10 -5 14 4 15 3 15 -2 2 27 16 24 2 15 8 8 0 -16 
15 16 18 6 -16 23 25 -25 -17 18 26 10 -2 13 25 14 22 -19 -22 23 
45
5
17 8
19 12
8 3
2 4
16 7
2 11
0 7
11 16
17 15
3 12
20
14 10 14
17 16 8
5 14 16
3 15 11
2 16 13
11 14 12
0 19 10
4 16 16
15 19 16
7 5 9
5 9 14
2 3 8
14 5 16
16 4 11
17 3 13
8 5 12
19 0 10
15 3 16
4 0 16
12 14 9
26
2 5
13 14
8 16
2 17
15 10
4 12
18 11
13 9
6 14
17 12
16 13
4 1
12 16
17 14
6 5
11 3
17 2
4 9
15 7
1 8
6 10
13 5
2 7
3 6
15 18
7 3
