20 20
6 7 18 -10 11 16 16 -2 -12 17 -5 13 -18 -9 16 9 -16 3 -8 -16 
10 2 -14 14 19 17 18 14 7 -3 12 2 3 12 17 18 -14 -17 13 -2 
7 8 -18 15 11 8 17 19 -13 18 3 14 12 -7 13 -15 17 19 12 19 
-8 5 12 1 18 -8 9 9 12 4 -12 12 18 13 18 5 2 3 16 12 
2 7 7 3 17 9 8 1 9 14 18 14 6 -3 17 -3 9 13 -7 16 
12 -17 -9 -10 -12 2 -16 13 7 19 11 12 -16 9 5 11 18 11 14 11 
4 8 4 16 2 5 12 13 11 -2 -2 15 18 15 7 -13 5 3 9 10 
18 2 0 15 7 -14 17 19 9 -7 19 -8 -17 17 13 14 12 16 16 11 
-11 2 4 3 -8 17 19 11 8 15 8 13 4 17 -7 19 19 11 9 19 
14 -6 9 3 16 -2 4 -15 12 14 -13 -13 -15 -18 7 2 -15 7 15 -17 
-17 15 7 -15 2 7 -18 -15 -13 -13 14 12 -15 4 -2 16 3 9 -6 14 
19 9 11 19 19 -7 17 4 13 8 15 8 11 19 17 -8 3 4 2 -11 
11 16 16 12 14 13 17 -17 -8 19 -7 9 19 17 -14 7 15 0 2 18 
10 9 3 5 -13 7 15 18 15 -2 -2 11 13 12 5 2 16 4 8 4 
11 14 11 18 11 5 9 -16 12 11 19 7 13 -16 2 -12 -10 -9 -17 12 
16 -7 13 9 -3 17 -3 6 14 18 14 9 1 8 9 17 3 7 7 2 
12 16 3 2 5 18 13 18 12 -12 4 12 9 9 -8 18 1 12 5 -8 
19 12 19 17 -15 13 -7 12 14 3 18 -13 19 17 8 11 15 -18 8 7 
-2 13 -17 -14 18 17 12 3 2 12 -3 7 14 18 17 19 14 -14 2 10 
-16 -8 3 -16 9 16 -9 -18 13 -5 17 -12 -2 16 16 11 -10 18 7 6 
57
3
17 18
18 17
17 5
2 1
1 2
2 14
18
1 9 11
3 11 15
8 6 16
4 12 8
1 11 15
14 18 12
8 11 8
6 17 14
9 4 8
18 10 11
16 8 15
11 13 16
15 7 8
18 8 15
5 1 12
11 8 8
13 2 14
10 15 8
36
2 16
12 16
13 15
5 9
4 8
2 10
9 15
19 2
15 9
10 5
7 19
9 11
10 18
0 11
15 6
15 4
15 8
14 0
17 3
7 3
6 4
14 10
15 11
17 9
10 4
0 17
4 10
9 14
12 0
10 8
9 1
19 8
4 13
4 15
4 11
5 19
