20 20
9 11 6 12 -7 8 5 12 -2 6 14 9 3 -4 5 6 8 10 11 5 
12 -4 3 0 14 -11 4 6 7 -14 12 13 11 14 3 2 0 10 -2 5 
-1 14 10 11 9 -4 7 1 9 -1 12 -10 -14 4 6 -4 8 -14 -3 4 
1 9 8 1 5 2 -2 7 5 3 6 1 13 12 14 11 7 11 13 -9 
7 11 -11 9 7 12 1 -1 0 4 7 10 1 12 -13 7 14 4 9 14 
8 1 3 5 -7 -14 7 -13 4 -11 10 7 5 1 -10 14 -8 -5 -4 7 
4 1 -7 2 5 14 -4 12 12 5 6 14 -13 12 14 2 9 6 -4 8 
-10 -10 1 4 -7 5 -8 6 3 12 1 5 14 0 10 5 6 4 5 10 
5 3 14 8 6 1 9 4 3 -12 -14 13 5 -1 5 9 2 13 0 11 
-9 2 -2 2 14 12 6 -6 10 5 3 3 2 9 14 1 -2 2 13 13 
13 13 2 -2 1 14 9 2 3 3 5 10 -6 6 12 14 2 -2 2 -9 
11 0 13 2 9 5 -1 5 13 -14 -12 3 4 9 1 6 8 14 3 5 
10 5 4 6 5 10 0 14 5 1 12 3 6 -8 5 -7 4 1 -10 -10 
8 -4 6 9 2 14 12 -13 14 6 5 12 12 -4 14 5 2 -7 1 4 
7 -4 -5 -8 14 -10 1 5 7 10 -11 4 -13 7 -14 -7 5 3 1 8 
14 9 4 14 7 -13 12 1 10 7 4 0 -1 1 12 7 9 -11 11 7 
-9 13 11 7 11 14 12 13 1 6 3 5 7 -2 2 5 1 8 9 1 
4 -3 -14 8 -4 6 4 -14 -10 12 -1 9 1 7 -4 9 11 10 14 -1 
5 -2 10 0 2 3 14 11 13 12 -14 7 6 4 -11 14 0 3 -4 12 
5 11 10 8 6 5 -4 3 9 14 6 -2 12 5 8 -7 12 6 11 9 
30
8
16 3
19 9
4 7
6 0
15 6
6 19
7 13
16 5
3 16
0 10
15 12
13 19
4 13
13 0
12 6
3 14
18
16 14 12
0 12 15
17 9 8
10 2 16
11 4 12
11 16 8
1 2 16
5 11 15
8 19 10
3 5 12
19 7 15
2 10 8
9 17 16
8 15 12
8 3 8
18 17 16
14 8 15
11 0 10
30
4 16
17 16
8 17
11 1
19 13
7 17
16 17
19 12
8 5
2 15
1 10
17 8
1 15
15 7
9 8
15 3
2 3
11 2
8 18
0 6
12 2
3 2
0 7
11 14
17 4
18 9
2 11
18 4
4 12
10 11
