20 20
23 -12 4 23 -19 -9 -29 27 9 24 28 4 20 11 4 23 20 2 12 16 
26 20 24 12 28 11 14 -4 8 29 21 -5 5 23 1 26 -18 1 26 -27 
16 7 2 -10 16 10 10 28 14 17 12 28 5 18 1 26 -1 -3 13 19 
16 1 20 -27 -28 28 11 -25 4 14 20 2 -27 22 16 17 15 5 8 12 
13 -29 28 25 25 25 12 11 17 -9 14 -19 5 10 8 1 17 28 3 20 
-28 15 8 21 25 18 23 10 9 -28 19 -2 29 15 14 5 -16 -25 24 24 
28 18 -11 -2 9 24 -1 19 20 4 28 23 26 12 10 -5 4 10 21 17 
4 -2 8 13 -4 2 -14 10 7 -26 24 -16 8 -6 -21 2 2 24 17 -28 
13 1 -25 20 23 26 25 -26 -29 -17 23 15 21 28 23 7 9 8 20 5 
27 1 25 -6 6 29 -20 29 -1 -19 26 16 11 10 -19 20 29 -17 8 1 
1 8 -17 29 20 -19 10 11 16 26 -19 -1 29 -20 29 6 -6 25 1 27 
5 20 8 9 7 23 28 21 15 23 -17 -29 -26 25 26 23 20 -25 1 13 
-28 17 24 2 2 -21 -6 8 -16 24 -26 7 10 -14 2 -4 13 8 -2 4 
17 21 10 4 -5 10 12 26 23 28 4 20 19 -1 24 9 -2 -11 18 28 
24 24 -25 -16 5 14 15 29 -2 19 -28 9 10 23 18 25 21 8 15 -28 
20 3 28 17 1 8 10 5 -19 14 -9 17 11 12 25 25 25 28 -29 13 
12 8 5 15 17 16 22 -27 2 20 14 4 -25 11 28 -28 -27 20 1 16 
19 13 -3 -1 26 1 18 5 28 12 17 14 28 10 10 16 -10 2 7 16 
-27 26 1 -18 26 1 23 5 -5 21 29 8 -4 14 11 28 12 24 20 26 
16 12 2 20 23 4 11 20 4 28 24 9 27 -29 -9 -19 23 4 -12 23 
53
5
15 6
1 10
18 7
4 6
18 16
4 13
18 9
1 12
15 13
1 3
18
7 19 14
10 3 10
3 5 14
8 12 16
18 5 15
2 16 10
0 19 10
19 6 14
4 5 8
12 0 14
9 16 10
16 14 14
11 7 16
1 14 15
17 3 10
19 0 10
0 13 14
15 14 8
30
17 15
11 18
6 19
7 14
15 0
6 18
0 2
18 19
3 10
18 1
9 17
5 3
7 15
11 13
14 13
2 4
8 1
13 0
12 5
4 19
13 1
19 17
1 0
16 9
1 18
10 2
14 16
12 4
8 6
5 6
