20 20
9 12 6 15 24 29 -18 -19 -11 16 25 5 24 9 -19 -27 22 -8 -27 5 
9 16 12 27 12 4 22 3 4 -4 6 15 -12 1 14 8 -13 -9 5 25 
18 12 1 17 4 29 -1 1 -9 16 -13 23 6 -22 12 9 18 -26 21 11 
25 27 7 19 27 -20 2 25 20 -8 25 6 9 9 21 -16 14 22 -26 6 
19 -27 1 5 -16 13 12 5 17 28 0 18 7 6 18 16 8 19 1 5 
22 28 15 19 29 17 28 20 6 17 14 22 12 8 12 21 -2 4 15 28 
-9 14 5 17 -26 24 2 20 28 1 16 0 18 -12 26 11 -22 22 6 9 
-7 7 29 0 21 12 -3 -2 -22 13 7 9 10 -29 28 -23 -27 4 12 9 
8 -4 -7 15 16 15 9 14 -4 -19 28 15 -26 15 1 -27 18 21 21 0 
21 4 -19 28 28 -24 -26 -20 21 17 20 3 -6 9 2 14 25 9 -9 19 
19 -9 9 25 14 2 9 -6 3 20 17 21 -20 -26 -24 28 28 -19 4 21 
0 21 21 18 -27 1 15 -26 15 28 -19 -4 14 9 15 16 15 -7 -4 8 
9 12 4 -27 -23 28 -29 10 9 7 13 -22 -2 -3 12 21 0 29 7 -7 
9 6 22 -22 11 26 -12 18 0 16 1 28 20 2 24 -26 17 5 14 -9 
28 15 4 -2 21 12 8 12 22 14 17 6 20 28 17 29 19 15 28 22 
5 1 19 8 16 18 6 7 18 0 28 17 5 12 13 -16 5 1 -27 19 
6 -26 22 14 -16 21 9 9 6 25 -8 20 25 2 -20 27 19 7 27 25 
11 21 -26 18 9 12 -22 6 23 -13 16 -9 1 -1 29 4 17 1 12 18 
25 5 -9 -13 8 14 1 -12 15 6 -4 4 3 22 4 12 27 12 16 9 
5 -27 -8 22 -27 -19 9 24 5 25 16 -11 -19 -18 29 24 15 6 12 9 
56
6
11 18
4 7
7 6
7 15
0 5
12 8
8 1
15 12
12 13
12 4
19 14
7 11
10
5 11 16
9 18 9
2 15 14
7 12 16
19 8 11
14 8 16
10 1 9
17 4 14
12 7 16
0 11 11
28
4 14
12 14
2 0
10 3
13 11
1 17
16 18
8 2
4 8
15 2
13 5
11 13
14 9
8 14
15 5
7 5
17 19
9 16
6 8
18 2
3 1
11 17
15 11
4 17
6 14
8 6
5 10
11 5
