20 20
7 -1 0 -9 11 5 -6 10 4 10 -2 11 4 0 -11 8 0 -12 5 5 
7 -6 11 -8 -5 11 -2 9 8 7 7 -9 -5 -2 11 3 9 10 10 10 
11 9 -3 9 -6 -4 11 -9 1 -11 8 3 4 4 12 10 3 10 11 11 
2 5 6 -8 7 1 -3 1 -4 6 -11 -6 2 8 -6 10 -7 12 -10 4 
4 5 -7 5 11 0 1 0 5 2 5 1 6 5 3 -5 -2 3 12 -6 
5 -8 -5 8 -2 -7 0 1 7 -12 1 9 0 10 11 0 2 11 -8 7 
-2 0 7 0 4 7 0 3 10 -1 -11 0 -5 5 7 2 8 10 11 -8 
2 11 10 5 7 12 -9 10 6 -7 1 9 0 -1 1 6 -6 8 -7 10 
6 6 -12 -8 0 2 8 2 5 3 10 0 9 -8 12 2 3 6 1 5 
2 -11 -4 12 6 11 9 5 1 3 10 4 -12 0 1 -6 8 12 3 -4 
-4 3 12 8 -6 1 0 -12 4 10 3 1 5 9 11 6 12 -4 -11 2 
5 1 6 3 2 12 -8 9 0 10 3 5 2 8 2 0 -8 -12 6 6 
10 -7 8 -6 6 1 -1 0 9 1 -7 6 10 -9 12 7 5 10 11 2 
-8 11 10 8 2 7 5 -5 0 -11 -1 10 3 0 7 4 0 7 0 -2 
7 -8 11 2 0 11 10 0 9 1 -12 7 1 0 -7 -2 8 -5 -8 5 
-6 12 3 -2 -5 3 5 6 1 5 2 5 0 1 0 11 5 -7 5 4 
4 -10 12 -7 10 -6 8 2 -6 -11 6 -4 1 -3 1 7 -8 6 5 2 
11 11 10 3 10 12 4 4 3 8 -11 1 -9 11 -4 -6 9 -3 9 11 
10 10 10 9 3 11 -2 -5 -9 7 7 8 9 -2 11 -5 -8 11 -6 7 
5 5 -12 0 8 -11 0 4 11 -2 10 4 10 -6 5 11 -9 0 -1 7 
36
6
12 11
10 11
15 13
1 2
17 8
17 7
7 8
9 8
4 6
18 17
2 11
2 12
6
13 6 13
4 3 15
14 12 8
6 13 13
15 16 15
5 7 8
30
17 3
0 2
4 19
8 19
2 15
0 18
5 14
10 2
6 11
11 18
16 0
5 18
4 11
5 9
13 2
2 16
19 17
15 0
11 0
17 4
19 1
14 5
9 17
13 8
8 1
3 19
14 1
15 8
14 10
6 17
