20 20
5 11 5 10 -6 9 4 1 2 -11 -2 1 5 8 10 9 2 1 6 1 
8 5 2 7 6 6 7 9 10 11 -7 9 6 11 1 0 0 4 11 2 
11 4 -9 -1 2 -7 2 7 -3 1 4 -6 -2 0 7 7 11 8 5 10 
0 -11 1 -4 6 -9 2 6 -10 1 9 5 6 8 5 8 3 8 6 -7 
0 11 8 8 10 11 -11 5 -6 6 -1 2 7 -5 11 6 7 0 8 1 
0 0 7 -8 -10 5 10 9 -2 -2 3 10 4 -5 11 4 8 4 8 1 
0 -1 2 11 4 1 7 8 0 7 -8 3 10 4 4 11 2 4 3 4 
11 4 -1 -2 -2 10 -8 -7 9 1 -3 4 5 6 8 8 -8 10 7 -3 
3 6 1 7 7 3 2 3 10 2 10 1 -8 5 -9 0 -1 10 -10 7 
3 9 10 7 7 9 1 1 10 -6 -11 1 3 1 8 4 -11 5 10 9 
9 10 5 -11 4 8 1 3 1 -11 -6 10 1 1 9 7 7 10 9 3 
7 -10 10 -1 0 -9 5 -8 1 10 2 10 3 2 3 7 7 1 6 3 
-3 7 10 -8 8 8 6 5 4 -3 1 9 -7 -8 10 -2 -2 -1 4 11 
4 3 4 2 11 4 4 10 3 -8 7 0 8 7 1 4 11 2 -1 0 
1 8 4 8 4 11 -5 4 10 3 -2 -2 9 10 5 -10 -8 7 0 0 
1 8 0 7 6 11 -5 7 2 -1 6 -6 5 -11 11 10 8 8 11 0 
-7 6 8 3 8 5 8 6 5 9 1 -10 6 2 -9 6 -4 1 -11 0 
10 5 8 11 7 7 0 -2 -6 4 1 -3 7 2 -7 2 -1 -9 4 11 
2 11 4 0 0 1 11 6 9 -7 11 10 9 7 6 6 7 2 5 8 
1 6 1 2 9 10 8 5 1 -2 -11 2 1 4 9 -6 10 5 11 5 
47
8
15 13
8 12
7 19
16 3
9 11
3 19
13 14
0 17
4 6
11 7
12 0
3 16
10 8
16 0
6 5
19 2
14
1 9 16
3 10 12
13 11 13
16 10 9
1 13 16
8 4 10
16 19 10
18 10 16
16 9 12
6 8 13
3 9 9
18 6 16
11 15 10
3 0 10
36
10 5
11 13
8 0
4 18
19 0
1 18
6 0
2 13
14 5
3 17
9 7
11 5
1 8
3 15
10 0
13 16
10 19
8 19
9 14
8 6
11 19
15 1
0 19
18 1
13 19
17 6
5 14
16 2
10 12
8 14
18 11
16 4
9 19
6 3
9 0
11 0
