20 20
22 -21 15 17 17 15 20 17 24 18 4 -20 15 14 -15 12 -7 16 13 18 
-23 24 0 27 28 14 -14 16 13 -13 11 -21 -13 -4 17 5 -19 -13 14 8 
19 22 3 2 24 10 2 6 -20 7 10 4 18 -7 -11 -15 6 28 1 9 
14 -4 -12 16 16 12 19 2 0 21 12 10 -4 6 8 17 -20 3 6 12 
24 14 5 15 -7 2 17 -10 7 4 3 20 -5 1 9 27 1 20 22 24 
2 2 20 -21 27 24 27 23 7 -24 4 18 14 19 10 5 26 14 23 12 
21 28 8 10 21 -1 19 -20 12 10 20 19 8 12 1 25 24 3 -27 23 
8 25 3 19 -3 -1 2 20 2 -25 -25 15 -25 -24 4 16 4 20 24 4 
17 25 13 6 6 18 -4 -27 26 9 -14 28 12 -16 3 20 21 10 1 22 
15 10 -4 24 -2 23 20 -20 27 17 17 3 -5 19 -3 22 20 9 25 0 
0 25 9 20 22 -3 19 -5 3 17 17 27 -20 20 23 -2 24 -4 10 15 
22 1 10 21 20 3 -16 12 28 -14 9 26 -27 -4 18 6 6 13 25 17 
4 24 20 4 16 4 -24 -25 15 -25 -25 2 20 2 -1 -3 19 3 25 8 
23 -27 3 24 25 1 12 8 19 20 10 12 -20 19 -1 21 10 8 28 21 
12 23 14 26 5 10 19 14 18 4 -24 7 23 27 24 27 -21 20 2 2 
24 22 20 1 27 9 1 -5 20 3 4 7 -10 17 2 -7 15 5 14 24 
12 6 3 -20 17 8 6 -4 10 12 21 0 2 19 12 16 16 -12 -4 14 
9 1 28 6 -15 -11 -7 18 4 10 7 -20 6 2 10 24 2 3 22 19 
8 14 -13 -19 5 17 -4 -13 -21 11 -13 13 16 -14 14 28 27 0 24 -23 
18 13 16 -7 12 -15 14 15 -20 4 18 24 17 20 15 17 17 15 -21 22 
31
4
4 8
14 10
10 16
14 8
15 11
5 9
9 3
5 11
14
17 19 8
12 13 11
7 4 12
19 4 13
19 7 8
16 18 10
18 7 8
2 0 8
7 6 11
12 15 12
0 15 13
0 12 8
3 1 10
1 12 8
40
18 1
11 12
0 9
6 8
3 2
1 6
6 18
7 16
14 9
14 1
7 12
1 19
11 15
2 8
12 4
1 17
6 11
14 13
0 2
12 19
1 18
8 7
19 10
13 11
16 17
18 13
13 1
12 3
5 10
5 18
12 7
18 0
8 4
17 11
7 15
18 2
13 8
5 6
19 17
7 0
