20 20
-17 22 12 -20 -22 11 14 4 13 18 -17 -8 3 22 -7 -17 -7 -11 8 23 
16 18 18 -25 18 15 -18 -20 19 17 -11 15 1 -11 0 18 16 -4 22 10 
9 -25 -11 9 4 -3 4 23 20 0 26 7 14 15 -13 25 -8 12 25 25 
-18 -10 25 5 -20 12 -15 7 12 -4 17 5 6 3 -11 9 14 18 12 1 
1 11 15 -19 3 3 12 -16 17 8 13 26 16 14 4 23 4 2 15 -5 
26 18 26 21 -1 3 5 19 9 -24 -5 -14 13 26 14 19 1 15 -9 19 
25 25 2 18 18 12 16 -26 5 -8 25 26 21 -23 11 23 15 18 -11 21 
23 0 19 6 21 -16 26 4 14 -16 6 -21 24 8 13 -1 17 20 -10 -20 
5 -15 -2 14 8 -15 23 7 -11 25 15 17 9 -7 21 -10 19 21 5 26 
-19 -16 8 12 3 23 -2 26 6 15 0 26 -7 25 22 24 2 0 11 18 
18 11 0 2 24 22 25 -7 26 0 15 6 26 -2 23 3 12 8 -16 -19 
26 5 21 19 -10 21 -7 9 17 15 25 -11 7 23 -15 8 14 -2 -15 5 
-20 -10 20 17 -1 13 8 24 -21 6 -16 14 4 26 -16 21 6 19 0 23 
21 -11 18 15 23 11 -23 21 26 25 -8 5 -26 16 12 18 18 2 25 25 
19 -9 15 1 19 14 26 13 -14 -5 -24 9 19 5 3 -1 21 26 18 26 
-5 15 2 4 23 4 14 16 26 13 8 17 -16 12 3 3 -19 15 11 1 
1 12 18 14 9 -11 3 6 5 17 -4 12 7 -15 12 -20 5 25 -10 -18 
25 25 12 -8 25 -13 15 14 7 26 0 20 23 4 -3 4 9 -11 -25 9 
10 22 -4 16 18 0 -11 1 15 -11 17 19 -20 -18 15 18 -25 18 18 16 
23 8 -11 -7 -17 -7 22 3 -8 -17 18 13 4 14 11 -22 -20 12 22 -17 
50
4
19 7
1 6
4 17
19 6
0 12
18 13
15 2
0 13
12
1 18 11
16 17 9
7 1 9
4 5 12
1 10 10
17 7 10
18 1 11
3 2 9
12 18 9
15 14 12
18 9 10
2 12 10
32
4 14
9 10
7 6
2 7
10 4
17 8
1 13
7 19
7 3
6 9
1 5
11 9
13 16
11 12
14 16
12 3
15 5
10 9
12 13
17 12
9 15
2 11
18 6
12 0
12 16
13 10
18 14
8 10
6 3
8 7
5 3
7 16
