20 20
23 -9 -19 19 11 3 14 17 20 8 -8 -18 18 6 -1 11 23 5 -12 19 
0 7 21 -1 -8 6 16 17 1 -15 1 1 -2 -18 9 8 19 -10 17 22 
1 5 16 -5 1 4 17 4 5 4 19 23 20 -9 12 5 1 9 23 22 
2 16 21 22 2 1 -9 -13 -8 22 3 9 7 15 17 -10 8 -2 18 18 
19 -4 13 0 6 13 5 23 -13 17 20 -19 7 -19 1 -24 22 22 10 -4 
14 16 -2 5 5 3 13 -10 15 13 23 23 4 15 14 22 24 2 8 8 
2 18 11 6 10 17 4 15 4 8 18 9 -1 15 -10 23 14 1 9 -22 
20 11 8 18 -2 5 8 8 -19 -15 20 16 18 -10 -6 10 4 21 23 -16 
-20 13 5 24 15 4 18 16 18 21 5 -21 21 23 0 7 1 -19 -24 -18 
1 9 -16 23 13 6 -19 7 12 23 6 18 1 19 -13 2 -16 -13 12 22 
22 12 -13 -16 2 -13 19 1 18 6 23 12 7 -19 6 13 23 -16 9 1 
-18 -24 -19 1 7 0 23 21 -21 5 21 18 16 18 4 15 24 5 13 -20 
-16 23 21 4 10 -6 -10 18 16 20 -15 -19 8 8 5 -2 18 8 11 20 
-22 9 1 14 23 -10 15 -1 9 18 8 4 15 4 17 10 6 11 18 2 
8 8 2 24 22 14 15 4 23 23 13 15 -10 13 3 5 5 -2 16 14 
-4 10 22 22 -24 1 -19 7 -19 20 17 -13 23 5 13 6 0 13 -4 19 
18 18 -2 8 -10 17 15 7 9 3 22 -8 -13 -9 1 2 22 21 16 2 
22 23 9 1 5 12 -9 20 23 19 4 5 4 17 4 1 -5 16 5 1 
22 17 -10 19 8 9 -18 -2 1 1 -15 1 17 16 6 -8 -1 21 7 0 
19 -12 5 23 11 -1 6 18 -18 -8 8 20 17 14 3 11 19 -19 -9 23 
56
7
13 10
6 12
17 6
7 1
16 4
16 19
4 16
6 9
13 7
2 13
12 18
3 15
3 0
15 3
16
3 7 9
9 18 16
3 6 13
11 6 16
14 11 9
18 16 15
0 3 12
6 18 13
16 12 9
10 1 16
16 13 13
8 13 16
5 8 9
1 3 15
19 16 12
13 1 13
40
15 17
19 8
14 12
19 10
1 8
5 17
7 0
9 7
3 8
15 11
1 14
1 19
8 1
18 3
14 8
0 16
0 14
12 2
10 16
18 1
4 2
0 11
5 7
0 9
18 11
14 2
12 19
10 12
16 11
4 8
18 5
18 0
11 18
1 16
5 11
19 3
19 5
7 17
9 3
1 18
