20 20
7 8 28 26 0 11 3 -6 11 -23 17 -24 -5 13 -8 5 -4 14 -18 -2 
21 24 -18 23 28 -3 25 9 26 7 19 3 12 11 27 26 27 25 6 21 
27 14 -22 -3 6 4 -18 6 -2 7 24 -26 -22 10 22 17 11 11 1 -26 
1 -19 25 17 22 9 6 10 6 -22 2 19 16 -27 8 7 -16 16 -18 7 
17 24 17 18 6 4 1 11 20 -28 17 21 14 0 -4 27 -28 6 -15 18 
24 -13 1 1 21 25 16 -15 18 28 28 27 3 -6 11 2 28 14 5 -13 
13 11 24 22 -24 18 -18 24 -7 7 27 -12 15 26 28 26 -8 28 12 22 
23 28 16 17 25 8 -18 0 6 20 22 8 4 -26 26 28 23 21 0 11 
-21 -24 11 14 10 10 16 19 28 25 -8 -24 13 -2 13 1 -15 20 25 3 
-19 2 26 9 -15 6 -10 -12 7 10 1 13 19 26 23 -17 6 3 -13 22 
22 -13 3 6 -17 23 26 19 13 1 10 7 -12 -10 6 -15 9 26 2 -19 
3 25 20 -15 1 13 -2 13 -24 -8 25 28 19 16 10 10 14 11 -24 -21 
11 0 21 23 28 26 -26 4 8 22 20 6 0 -18 8 25 17 16 28 23 
22 12 28 -8 26 28 26 15 -12 27 7 -7 24 -18 18 -24 22 24 11 13 
-13 5 14 28 2 11 -6 3 27 28 28 18 -15 16 25 21 1 1 -13 24 
18 -15 6 -28 27 -4 0 14 21 17 -28 20 11 1 4 6 18 17 24 17 
7 -18 16 -16 7 8 -27 16 19 2 -22 6 10 6 9 22 17 25 -19 1 
-26 1 11 11 17 22 10 -22 -26 24 7 -2 6 -18 4 6 -3 -22 14 27 
21 6 25 27 26 27 11 12 3 19 7 26 9 25 -3 28 23 -18 24 21 
-2 -18 14 -4 5 -8 13 -5 -24 17 -23 11 -6 3 11 0 26 28 8 7 
40
3
3 4
18 19
6 5
16 15
1 0
13 14
10
1 8 14
9 12 15
6 2 9
17 16 13
5 17 8
18 11 14
10 7 15
13 17 9
2 3 13
14 2 8
32
7 19
15 4
4 5
8 17
16 6
16 4
7 9
9 5
2 16
19 10
8 12
8 14
2 18
17 8
15 6
0 7
12 0
4 15
15 14
11 2
3 13
3 15
12 10
10 14
17 3
0 9
11 7
11 5
17 1
2 11
4 13
19 12
