20 20
0 -2 2 1 2 1 3 -3 3 3 1 2 2 1 0 -3 1 3 1 3 
1 -3 1 3 2 0 0 3 3 -2 0 2 3 3 2 -3 -1 -3 3 3 
-1 3 0 -1 2 0 2 1 -1 -2 2 1 1 -3 1 2 0 2 0 0 
0 -3 1 3 3 3 -1 3 0 3 -1 -3 0 2 0 1 0 2 -3 0 
0 2 2 3 3 3 2 0 2 2 1 2 1 1 2 1 1 1 2 2 
2 3 1 2 1 1 3 1 1 0 1 -1 3 -2 1 2 -3 2 -1 1 
3 1 0 2 1 1 1 2 2 3 1 3 3 1 3 3 -3 2 2 1 
2 3 0 3 2 3 -3 1 -2 -3 1 1 -2 1 2 1 2 1 -1 2 
-1 1 -3 2 3 2 0 1 -2 3 0 -1 1 2 2 3 -1 -1 0 1 
-1 0 2 -1 3 1 2 0 1 2 -2 -1 1 -1 1 2 -2 2 2 2 
2 2 2 -2 2 1 -1 1 -1 -2 2 1 0 2 1 3 -1 2 0 -1 
1 0 -1 -1 3 2 2 1 -1 0 3 -2 1 0 2 3 2 -3 1 -1 
2 -1 1 2 1 2 1 -2 1 1 -3 -2 1 -3 3 2 3 0 3 2 
1 2 2 -3 3 3 1 3 3 1 3 2 2 1 1 1 2 0 1 3 
1 -1 2 -3 2 1 -2 3 -1 1 0 1 1 3 1 1 2 1 3 2 
2 2 1 1 1 2 1 1 2 1 2 2 0 2 3 3 3 2 2 0 
0 -3 2 0 1 0 2 0 -3 -1 3 0 3 -1 3 3 3 1 -3 0 
0 0 2 0 2 1 -3 1 1 2 -2 -1 1 2 0 2 -1 0 3 -1 
3 3 -3 -1 -3 2 3 3 2 0 -2 3 3 0 0 2 3 1 -3 1 
3 1 3 1 -3 0 1 2 2 1 3 3 -3 3 1 2 1 2 -2 0 
41
5
17 1
17 18
11 8
8 19
11 9
2 18
2 1
8 11
11 0
8 10
18
8 7 11
2 5 12
18 5 10
1 0 14
6 13 8
17 19 9
13 10 8
3 2 8
14 3 9
11 12 11
17 14 12
1 14 10
18 19 14
13 6 8
2 0 9
6 9 8
16 17 8
5 16 9
28
12 16
14 8
14 17
9 13
7 6
8 15
15 16
9 7
7 9
6 19
11 3
12 9
18 7
4 16
7 3
5 11
5 2
10 6
12 13
11 4
4 3
10 12
12 10
13 0
8 16
7 10
1 12
15 3
