20 20
-1 2 -1 -2 0 -3 0 1 1 -3 1 1 3 1 2 2 1 3 -1 1 
1 0 3 -3 2 -3 2 0 -3 3 1 -3 1 1 -3 1 -3 1 -1 1 
-1 2 3 3 -3 1 3 2 3 2 1 2 2 0 3 3 1 1 3 3 
2 3 2 1 2 -2 1 2 3 1 0 0 3 0 1 3 -3 1 -1 1 
3 0 1 3 -1 3 0 2 2 2 1 -1 1 1 3 -3 2 3 2 3 
2 1 0 0 -1 0 2 3 1 2 1 3 1 2 3 -1 3 0 1 1 
0 1 0 2 2 -2 1 1 2 3 2 3 2 2 2 -1 -1 0 0 3 
1 2 2 -2 2 1 2 3 1 3 1 -1 1 3 0 1 0 1 -3 1 
-3 -3 -2 2 -2 1 3 2 1 3 -1 0 1 -2 3 -3 -3 0 0 1 
2 2 -3 -2 3 1 1 3 3 2 1 2 3 2 0 1 1 -3 1 -2 
-2 1 -3 1 1 0 2 3 2 1 2 3 3 1 1 3 -2 -3 2 2 
1 0 0 -3 -3 3 -2 1 0 -1 3 1 2 3 1 -2 2 -2 -3 -3 
1 -3 1 0 1 0 3 1 -1 1 3 1 3 2 1 2 -2 2 2 1 
3 0 0 -1 -1 2 2 2 3 2 3 2 1 1 -2 2 2 0 1 0 
1 1 0 3 -1 3 2 1 3 1 2 1 3 2 0 -1 0 0 1 2 
3 2 3 2 -3 3 1 1 -1 1 2 2 2 0 3 -1 3 1 0 3 
1 -1 1 -3 3 1 0 3 0 0 1 3 2 1 -2 2 1 2 3 2 
3 3 1 1 3 3 0 2 2 1 2 3 2 3 1 -3 3 3 2 -1 
1 -1 1 -3 1 -3 1 1 -3 1 3 -3 0 2 -3 2 -3 3 0 1 
1 -1 3 1 2 2 1 3 1 1 -3 1 1 0 -3 0 -2 -1 2 -1 
59
6
18 19
12 8
2 19
18 11
6 8
12 3
1 0
7 11
17 0
1 8
13 11
7 16
10
6 10 10
2 0 12
9 19 11
10 11 12
12 11 8
13 9 10
17 19 12
10 0 11
9 8 12
7 8 8
34
3 7
14 6
4 16
17 6
4 12
14 19
15 6
4 14
17 16
0 12
1 2
10 5
4 8
13 3
3 17
7 10
10 8
16 12
5 13
15 3
2 13
15 7
5 0
4 13
15 5
2 3
19 7
18 17
9 14
15 11
6 16
16 2
12 9
9 11
