20 20
9 8 14 13 9 10 6 0 16 19 4 -16 0 0 -10 -13 -8 16 12 9 
9 9 -13 -2 11 5 3 2 -3 15 6 -1 15 10 6 5 3 -15 9 -9 
6 -15 18 -10 9 18 -14 -7 18 7 15 -4 12 -10 18 -8 -14 -5 -11 -14 
4 2 15 15 6 13 11 18 -17 18 -19 13 12 -10 -18 18 -19 19 7 6 
1 14 -4 6 16 11 -11 -7 18 -9 13 -1 2 8 1 9 1 10 19 -2 
6 5 -7 9 8 -8 2 9 4 -2 9 8 -17 10 2 12 14 -16 -5 11 
1 3 18 4 -3 -18 -10 4 -7 2 14 10 7 11 -3 -4 -4 17 10 9 
9 1 5 -16 7 -11 -8 11 15 -8 0 10 -18 2 4 7 10 12 16 -3 
-3 4 17 10 15 8 8 -9 6 19 11 7 7 -7 -1 18 9 9 6 11 
-17 -14 -10 -19 -1 7 4 2 16 8 18 14 3 9 8 1 16 -11 1 -2 
-2 1 -11 16 1 8 9 3 14 18 8 16 2 4 7 -1 -19 -10 -14 -17 
11 6 9 9 18 -1 -7 7 7 11 19 6 -9 8 8 15 10 17 4 -3 
-3 16 12 10 7 4 2 -18 10 0 -8 15 11 -8 -11 7 -16 5 1 9 
9 10 17 -4 -4 -3 11 7 10 14 2 -7 4 -10 -18 -3 4 18 3 1 
11 -5 -16 14 12 2 10 -17 8 9 -2 4 9 2 -8 8 9 -7 5 6 
-2 19 10 1 9 1 8 2 -1 13 -9 18 -7 -11 11 16 6 -4 14 1 
6 7 19 -19 18 -18 -10 12 13 -19 18 -17 18 11 13 6 15 15 2 4 
-14 -11 -5 -14 -8 18 -10 12 -4 15 7 18 -7 -14 18 9 -10 18 -15 6 
-9 9 -15 3 5 6 10 15 -1 6 15 -3 2 3 5 11 -2 -13 9 9 
9 12 16 -8 -13 -10 0 0 -16 4 19 16 0 6 10 9 13 14 8 9 
42
8
13 3
7 6
15 8
18 5
17 8
1 16
16 14
5 18
6 16
12 13
4 11
1 14
2 11
18 3
3 5
14 1
18
1 12 16
1 3 15
15 1 16
4 7 8
1 15 14
18 8 15
7 18 8
5 12 13
5 7 16
18 7 16
18 16 15
4 18 16
15 12 8
18 4 14
1 11 15
12 1 8
14 7 13
14 12 16
30
0 7
10 2
16 4
16 7
3 4
16 8
13 2
1 6
2 14
19 8
5 1
9 3
11 6
9 5
4 3
19 12
9 17
3 15
3 12
16 15
3 11
6 17
18 13
17 5
0 11
14 18
10 16
8 13
10 14
15 16
