20 20
4 10 4 7 -5 -8 2 12 -4 -20 -15 -15 1 13 19 2 -8 3 14 18 
7 10 8 19 3 11 -12 -18 -1 23 2 15 10 13 3 8 23 -15 -7 22 
13 -1 -5 -19 -14 3 -13 9 -23 21 16 21 16 12 -20 3 6 8 16 -11 
-5 8 -6 -20 4 11 -12 16 5 19 21 19 4 -4 6 20 1 21 -23 1 
1 19 21 -12 11 -2 13 23 10 18 9 14 -6 12 -11 8 -15 17 19 8 
-15 21 4 23 15 8 5 14 13 9 -5 20 6 8 18 8 14 11 4 -21 
-9 13 10 -7 7 11 12 20 3 6 11 1 14 12 6 21 11 14 -13 18 
-1 -17 11 12 9 19 1 4 1 12 18 9 -10 9 10 -14 20 -14 -12 15 
10 -3 -9 19 0 -15 16 6 1 1 12 19 18 23 -10 17 -20 14 14 7 
-10 11 -5 -15 -20 8 18 10 14 20 18 7 6 1 2 -11 1 -1 19 -11 
-11 19 -1 1 -11 2 1 6 7 18 20 14 10 18 8 -20 -15 -5 11 -10 
7 14 14 -20 17 -10 23 18 19 12 1 1 6 16 -15 0 19 -9 -3 10 
15 -12 -14 20 -14 10 9 -10 9 18 12 1 4 1 19 9 12 11 -17 -1 
18 -13 14 11 21 6 12 14 1 11 6 3 20 12 11 7 -7 10 13 -9 
-21 4 11 14 8 18 8 6 20 -5 9 13 14 5 8 15 23 4 21 -15 
8 19 17 -15 8 -11 12 -6 14 9 18 10 23 13 -2 11 -12 21 19 1 
1 -23 21 1 20 6 -4 4 19 21 19 5 16 -12 11 4 -20 -6 8 -5 
-11 16 8 6 3 -20 12 16 21 16 21 -23 9 -13 3 -14 -19 -5 -1 13 
22 -7 -15 23 8 3 13 10 15 2 23 -1 -18 -12 11 3 19 8 10 7 
18 14 3 -8 2 19 13 1 -15 -15 -20 -4 12 2 -8 -5 7 4 10 4 
46
2
3 4
10 9
16 15
9 10
10
17 11 14
9 12 8
7 16 16
19 3 10
10 14 11
2 8 14
10 7 8
12 3 16
0 16 10
9 5 11
30
13 3
4 0
6 18
13 18
1 2
17 16
8 15
3 12
4 8
3 10
5 0
4 18
16 17
14 13
12 14
6 16
15 19
13 1
6 1
18 17
2 3
11 4
16 7
15 11
16 9
14 19
15 1
3 2
5 6
7 5
