20 20
5 4 2 -2 1 0 13 6 12 8 9 -7 -3 -12 6 1 8 13 14 14 
14 14 4 -11 -11 7 7 -6 13 0 -8 8 9 10 6 1 3 2 1 10 
-12 0 -13 4 9 -12 9 12 7 7 12 1 6 -9 -10 0 2 9 7 12 
11 0 5 9 -9 1 -9 2 10 11 6 6 6 5 10 -11 8 8 11 7 
1 8 11 7 10 12 1 0 -2 -7 -12 14 5 14 9 1 6 0 3 13 
2 -11 3 14 14 9 -9 6 5 9 -2 -11 3 -4 14 -13 5 7 8 -8 
14 7 9 8 -1 9 -8 0 -13 3 3 12 12 3 2 -9 1 8 9 14 
3 5 3 11 5 11 13 3 4 6 -7 12 4 0 7 11 14 12 -3 -12 
1 13 13 6 -14 -12 6 4 1 13 -8 -8 0 -9 -12 -10 13 10 1 2 
2 10 6 12 2 8 -6 7 -11 14 8 -2 3 9 -10 -1 14 14 14 4 
4 14 14 14 -1 -10 9 3 -2 8 14 -11 7 -6 8 2 12 6 10 2 
2 1 10 13 -10 -12 -9 0 -8 -8 13 1 4 6 -12 -14 6 13 13 1 
-12 -3 12 14 11 7 0 4 12 -7 6 4 3 13 11 5 11 3 5 3 
14 9 8 1 -9 2 3 12 12 3 3 -13 0 -8 9 -1 8 9 7 14 
-8 8 7 5 -13 14 -4 3 -11 -2 9 5 6 -9 9 14 14 3 -11 2 
13 3 0 6 1 9 14 5 14 -12 -7 -2 0 1 12 10 7 11 8 1 
7 11 8 8 -11 10 5 6 6 6 11 10 2 -9 1 -9 9 5 0 11 
12 7 9 2 0 -10 -9 6 1 12 7 7 12 9 -12 9 4 -13 0 -12 
10 1 2 3 1 6 10 9 8 -8 0 13 -6 7 7 -11 -11 4 14 14 
14 14 13 8 1 6 -12 -3 -7 9 8 12 6 13 0 1 -2 2 4 5 
40
8
3 4
16 5
7 16
5 4
12 17
5 12
8 12
6 3
16 15
3 14
12 3
14 15
7 2
14 7
11 7
13 16
8
3 17 9
0 19 9
15 11 8
6 1 8
16 2 9
19 0 9
4 8 8
13 18 8
32
11 5
18 3
4 6
16 12
17 2
10 0
15 0
6 5
2 3
4 13
4 16
0 10
6 8
6 19
0 3
0 17
8 14
1 16
15 13
3 7
2 17
9 19
4 19
13 14
17 16
15 6
15 3
19 9
13 11
13 0
19 16
19 2
