20 20
12 22 -14 14 -4 23 16 8 18 0 15 10 8 4 20 2 17 1 18 -20 
6 7 3 15 -20 -13 18 6 6 7 -10 -12 -12 18 -5 -13 8 25 22 9 
4 -18 3 13 14 -6 19 24 -5 -18 1 8 9 1 22 16 4 6 25 23 
-25 13 16 24 18 18 15 -12 10 -11 4 12 9 13 1 10 25 24 -7 -1 
-23 14 20 12 14 21 8 8 -16 -16 1 3 13 0 23 18 -5 18 12 1 
-25 15 23 0 25 13 25 12 18 22 -15 1 15 11 16 10 18 6 17 20 
25 17 19 -13 13 5 2 3 2 14 -5 10 19 -6 8 9 -1 14 7 1 
18 -22 20 3 2 13 2 2 21 -22 -6 2 7 -16 19 10 -10 21 8 12 
-2 19 7 8 2 1 12 4 24 8 7 5 22 2 0 1 21 -4 3 5 
-12 24 6 6 13 10 20 0 25 19 5 1 25 16 -16 24 -15 24 -9 7 
7 -9 24 -15 24 -16 16 25 1 5 19 25 0 20 10 13 6 6 24 -12 
5 3 -4 21 1 0 2 22 5 7 8 24 4 12 1 2 8 7 19 -2 
12 8 21 -10 10 19 -16 7 2 -6 -22 21 2 2 13 2 3 20 -22 18 
1 7 14 -1 9 8 -6 19 10 -5 14 2 3 2 5 13 -13 19 17 25 
20 17 6 18 10 16 11 15 1 -15 22 18 12 25 13 25 0 23 15 -25 
1 12 18 -5 18 23 0 13 3 1 -16 -16 8 8 21 14 12 20 14 -23 
-1 -7 24 25 10 1 13 9 12 4 -11 10 -12 15 18 18 24 16 13 -25 
23 25 6 4 16 22 1 9 8 1 -18 -5 24 19 -6 14 13 3 -18 4 
9 22 25 8 -13 -5 18 -12 -12 -10 7 6 6 18 -13 -20 15 3 7 6 
-20 18 1 17 2 20 4 8 10 15 0 18 8 16 23 -4 14 -14 22 12 
44
5
10 9
13 9
12 11
12 0
13 3
9 10
6 10
7 8
7 19
6 16
16
1 5 8
15 17 14
1 2 9
3 8 8
17 13 11
2 13 12
13 10 9
10 0 15
18 14 8
4 2 14
18 17 9
16 11 8
2 6 11
17 6 12
6 9 9
9 19 15
30
12 8
11 2
10 7
4 8
12 7
12 17
7 5
16 8
3 7
17 18
18 13
1 7
14 8
12 10
3 15
7 11
8 17
9 12
15 11
7 12
7 2
12 14
3 11
16 12
2 1
1 6
18 12
5 11
7 9
16 4
