20 20
10 26 12 3 23 23 -6 23 4 11 18 -16 21 22 25 4 10 -2 7 0 
24 19 23 8 15 -18 23 3 20 21 -17 23 1 -11 17 2 4 15 5 9 
6 -17 17 -14 25 22 -8 6 18 18 20 24 -4 -8 22 4 9 14 21 -19 
7 -21 7 10 16 17 -24 -8 24 18 17 13 -24 13 13 23 -13 12 -16 -26 
8 -9 11 24 14 -18 14 0 -12 14 17 2 18 12 -7 14 18 9 3 9 
-8 24 15 -7 24 10 -19 -16 18 12 -26 -23 -22 -10 19 9 4 4 25 25 
25 10 25 -8 -22 3 -7 2 2 -19 12 6 17 7 16 12 14 18 18 23 
13 24 5 18 24 5 8 23 13 15 18 -24 23 -16 -21 21 16 25 9 -13 
4 22 -6 -17 -23 3 14 8 5 25 9 0 11 -20 22 14 17 -12 -10 0 
10 8 -2 8 25 2 -3 -3 14 8 -10 1 -19 -17 17 -19 6 15 13 -10 
-10 13 15 6 -19 17 -17 -19 1 -10 8 14 -3 -3 2 25 8 -2 8 10 
0 -10 -12 17 14 22 -20 11 0 9 25 5 8 14 3 -23 -17 -6 22 4 
-13 9 25 16 21 -21 -16 23 -24 18 15 13 23 8 5 24 18 5 24 13 
23 18 18 14 12 16 7 17 6 12 -19 2 2 -7 3 -22 -8 25 10 25 
25 25 4 4 9 19 -10 -22 -23 -26 12 18 -16 -19 10 24 -7 15 24 -8 
9 3 9 18 14 -7 12 18 2 17 14 -12 0 14 -18 14 24 11 -9 8 
-26 -16 12 -13 23 13 13 -24 13 17 18 24 -8 -24 17 16 10 7 -21 7 
-19 21 14 9 4 22 -8 -4 24 20 18 18 6 -8 22 25 -14 17 -17 6 
9 5 15 4 2 17 -11 1 23 -17 21 20 3 23 -18 15 8 23 19 24 
0 7 -2 10 4 25 22 21 -16 18 11 4 23 -6 23 23 3 12 26 10 
48
7
15 7
15 4
7 5
18 9
12 4
1 5
7 6
4 12
4 15
12 14
1 10
7 15
18 14
12 13
16
5 7 13
18 12 14
19 3 12
15 5 8
13 16 8
3 18 16
6 2 15
3 10 10
14 12 13
1 7 14
0 16 12
4 14 8
6 3 8
16 1 16
13 17 15
16 9 10
28
6 14
6 13
9 17
0 12
9 7
19 9
0 3
2 19
8 14
14 18
16 4
0 15
2 7
16 17
13 5
13 6
10 2
19 7
10 12
0 10
19 16
17 0
11 5
5 1
3 15
19 4
17 12
3 2
