20 20
8 0 5 6 18 24 15 9 15 20 -5 14 -18 8 22 21 14 16 17 23 
11 9 12 0 23 19 23 22 2 13 -21 4 16 20 3 -2 18 8 7 5 
0 12 12 24 17 23 13 16 15 23 6 18 14 1 8 7 -7 -3 13 -14 
1 22 23 14 -19 12 7 18 -3 8 -22 2 0 11 8 15 21 -16 -14 2 
2 19 18 -10 8 19 3 13 -11 10 -6 11 5 20 1 -12 -17 -8 -19 15 
24 7 -17 16 4 24 5 -21 21 14 20 2 15 5 -14 11 23 15 -11 3 
-5 13 -12 -2 6 -3 -2 -3 -14 7 -3 24 14 20 12 -16 24 13 -16 -1 
24 24 20 16 7 17 7 7 17 -4 10 -23 7 7 17 -18 19 21 17 20 
23 24 3 -17 16 -9 16 1 -6 13 -16 13 -3 8 18 20 14 -2 10 22 
-6 16 22 13 1 11 22 -8 4 1 1 24 3 14 2 2 20 20 23 13 
13 23 20 20 2 2 14 3 24 1 1 4 -8 22 11 1 13 22 16 -6 
22 10 -2 14 20 18 8 -3 13 -16 13 -6 1 16 -9 16 -17 3 24 23 
20 17 21 19 -18 17 7 7 -23 10 -4 17 7 7 17 7 16 20 24 24 
-1 -16 13 24 -16 12 20 14 24 -3 7 -14 -3 -2 -3 6 -2 -12 13 -5 
3 -11 15 23 11 -14 5 15 2 20 14 21 -21 5 24 4 16 -17 7 24 
15 -19 -8 -17 -12 1 20 5 11 -6 10 -11 13 3 19 8 -10 18 19 2 
2 -14 -16 21 15 8 11 0 2 -22 8 -3 18 7 12 -19 14 23 22 1 
-14 13 -3 -7 7 8 1 14 18 6 23 15 16 13 23 17 24 12 12 0 
5 7 8 18 -2 3 20 16 4 -21 13 2 22 23 19 23 0 12 9 11 
23 17 16 14 21 22 8 -18 14 -5 20 15 9 15 24 18 6 5 0 8 
50
6
5 2
3 16
17 18
17 16
12 14
3 5
14 17
16 3
2 1
2 3
7 5
16 14
12
7 19 8
14 0 8
0 7 12
9 7 15
14 16 11
7 0 14
12 0 8
5 19 8
19 12 12
10 12 15
5 3 11
12 19 14
36
18 4
12 18
2 14
14 2
13 19
12 7
5 0
6 2
5 13
8 18
5 16
6 14
11 9
5 14
11 10
18 9
10 14
1 12
1 15
7 1
17 5
5 17
6 0
7 12
14 19
13 17
14 6
11 1
14 3
13 5
8 10
14 5
8 9
1 10
9 5
18 7
